I0,I1,I2,I3
0.000000,100.000000,0.009426,-0.031286
1.000000,100.000000,0.018840,-0.038247
2.000000,100.000000,0.028235,-0.019961
3.000000,100.000000,0.037602,-0.008974
4.000000,100.000000,0.046933,-0.007360
5.000000,100.000000,0.056216,0.004200
6.000000,100.000000,0.065445,0.009485
7.000000,100.000000,0.074608,0.015227
8.000000,100.000000,0.083700,0.029643
9.000000,100.000000,0.092706,0.028527
10.000000,100.000000,0.101623,0.040531
11.000000,100.000000,0.110438,0.057946
12.000000,100.000000,0.119145,0.089147
13.000000,100.000000,0.127735,0.073558
14.000000,100.000000,0.136197,0.078817
15.000000,100.000000,0.144528,0.071567
16.000000,100.000000,0.152712,0.087710
17.000000,100.000000,0.160750,0.108981
18.000000,100.000000,0.168624,0.100877
19.000000,100.000000,0.176336,0.122738
20.000000,100.000000,0.183872,0.132430
21.000000,100.000000,0.191226,0.126326
22.000000,100.000000,0.198394,0.134606
23.000000,100.000000,0.205362,0.156886
24.000000,100.000000,0.212134,0.146488
25.000000,100.000000,0.218689,0.162197
26.000000,100.000000,0.225033,0.167902
27.000000,100.000000,0.231152,0.171649
28.000000,100.000000,0.237045,0.183495
29.000000,100.000000,0.242704,0.181225
30.000000,100.000000,0.248122,0.191950
31.000000,100.000000,0.253299,0.204505
32.000000,100.000000,0.258219,0.199680
33.000000,100.000000,0.262893,0.217827
34.000000,100.000000,0.267298,0.223228
35.000000,100.000000,0.271447,0.215405
36.000000,100.000000,0.275323,0.227115
37.000000,100.000000,0.278930,0.237380
38.000000,100.000000,0.282262,0.234278
39.000000,100.000000,0.285313,0.242982
40.000000,100.000000,0.288088,0.251534
41.000000,100.000000,0.290570,0.242286
42.000000,100.000000,0.292774,0.251707
43.000000,100.000000,0.294682,0.257257
44.000000,100.000000,0.296303,0.254725
45.000000,100.000000,0.297631,0.262713
46.000000,100.000000,0.298664,0.265271
47.000000,100.000000,0.299406,0.266447
48.000000,100.000000,0.299847,0.273574
49.000000,100.000000,0.300000,0.268303
50.000000,100.000000,0.299846,0.266444
51.000000,100.000000,0.299405,0.279714
52.000000,100.000000,0.298663,0.266881
53.000000,100.000000,0.297630,0.273730
54.000000,100.000000,0.296302,0.280277
55.000000,100.000000,0.294681,0.268021
56.000000,100.000000,0.292773,0.273869
57.000000,100.000000,0.290569,0.279559
58.000000,100.000000,0.288086,0.274602
59.000000,100.000000,0.285311,0.273296
60.000000,100.000000,0.282260,0.280274
61.000000,100.000000,0.278928,0.263734
62.000000,100.000000,0.275321,0.266431
63.000000,100.000000,0.271444,0.265980
64.000000,100.000000,0.267296,0.254867
65.000000,100.000000,0.262890,0.265284
66.000000,100.000000,0.258216,0.252701
67.000000,100.000000,0.253295,0.249433
68.000000,100.000000,0.248118,0.250265
69.000000,100.000000,0.242700,0.234848
70.000000,100.000000,0.237041,0.239132
71.000000,100.000000,0.231148,0.239388
72.000000,100.000000,0.225030,0.225988
73.000000,100.000000,0.218684,0.225544
74.000000,100.000000,0.212130,0.236525
75.000000,100.000000,0.205358,0.211830
76.000000,100.000000,0.198390,0.211529
77.000000,100.000000,0.191222,0.211642
78.000000,100.000000,0.183867,0.195529
79.000000,100.000000,0.176331,0.195227
80.000000,100.000000,0.168620,0.193200
81.000000,100.000000,0.160745,0.175798
82.000000,100.000000,0.152707,0.174492
83.000000,100.000000,0.144523,0.171481
84.000000,100.000000,0.136192,0.159069
85.000000,100.000000,0.127730,0.160620
86.000000,100.000000,0.119140,0.146336
87.000000,100.000000,0.110433,0.140905
88.000000,100.000000,0.101617,0.137446
89.000000,100.000000,0.092700,0.125329
90.000000,100.000000,0.083694,0.123172
91.000000,100.000000,0.074603,0.121138
92.000000,100.000000,0.065440,0.101165
93.000000,100.000000,0.056210,0.096430
94.000000,100.000000,0.046927,0.097832
95.000000,100.000000,0.037596,0.076282
96.000000,100.000000,0.028229,0.069831
97.000000,100.000000,0.018834,0.069947
98.000000,100.000000,0.009420,0.047973
99.000000,100.000000,-0.000003,0.049957
100.000000,100.000000,-0.009426,0.044928
101.000000,100.000000,-0.018840,0.033248
102.000000,100.000000,-0.028235,0.026221
103.000000,100.000000,-0.037603,0.009478
104.000000,100.000000,-0.046933,0.002646
105.000000,100.000000,-0.056217,0.005055
106.000000,100.000000,-0.065446,-0.016379
107.000000,100.000000,-0.074609,-0.021952
108.000000,100.000000,-0.083700,-0.022836
109.000000,100.000000,-0.092706,-0.046249
110.000000,100.000000,-0.101623,-0.047548
111.000000,100.000000,-0.110439,-0.045722
112.000000,100.000000,-0.119145,-0.063124
113.000000,100.000000,-0.127735,-0.070860
114.000000,100.000000,-0.136198,-0.079468
115.000000,100.000000,-0.144529,-0.088719
116.000000,100.000000,-0.152712,-0.094312
117.000000,100.000000,-0.160750,-0.090051
118.000000,100.000000,-0.168625,-0.111595
119.000000,100.000000,-0.176336,-0.118188
120.000000,100.000000,-0.183872,-0.116929
121.000000,100.000000,-0.191227,-0.133472
122.000000,100.000000,-0.198394,-0.134632
123.000000,100.000000,-0.205363,-0.144231
124.000000,100.000000,-0.212134,-0.158498
125.000000,100.000000,-0.218689,-0.158518
126.000000,100.000000,-0.225034,-0.179230
127.000000,100.000000,-0.231152,-0.175515
128.000000,100.000000,-0.237045,-0.171682
129.000000,100.000000,-0.242704,-0.188517
130.000000,100.000000,-0.248122,-0.192248
131.000000,100.000000,-0.253299,-0.194424
132.000000,100.000000,-0.258219,-0.209967
133.000000,100.000000,-0.262893,-0.212270
134.000000,100.000000,-0.267299,-0.205865
135.000000,100.000000,-0.271447,-0.228267
136.000000,100.000000,-0.275323,-0.226856
137.000000,100.000000,-0.278930,-0.226597
138.000000,100.000000,-0.282263,-0.239135
139.000000,100.000000,-0.285313,-0.239867
140.000000,100.000000,-0.288088,-0.237034
141.000000,100.000000,-0.290570,-0.252577
142.000000,100.000000,-0.292774,-0.258027
143.000000,100.000000,-0.294682,-0.257182
144.000000,100.000000,-0.296303,-0.263302
145.000000,100.000000,-0.297631,-0.257749
146.000000,100.000000,-0.298664,-0.272596
147.000000,100.000000,-0.299406,-0.268739
148.000000,100.000000,-0.299847,-0.258617
149.000000,100.000000,-0.300000,-0.270873
150.000000,100.000000,-0.299846,-0.272606
151.000000,100.000000,-0.299405,-0.265058
152.000000,100.000000,-0.298663,-0.279743
153.000000,100.000000,-0.297630,-0.279329
154.000000,100.000000,-0.296302,-0.266062
155.000000,100.000000,-0.294680,-0.275167
156.000000,100.000000,-0.292773,-0.270608
157.000000,100.000000,-0.290569,-0.265346
158.000000,100.000000,-0.288086,-0.277169
159.000000,100.000000,-0.285311,-0.270323
160.000000,100.000000,-0.282260,-0.263053
161.000000,100.000000,-0.278928,-0.269448
162.000000,100.000000,-0.275321,-0.271755
163.000000,100.000000,-0.271444,-0.270900
164.000000,100.000000,-0.267296,-0.264018
165.000000,100.000000,-0.262890,-0.252318
166.000000,100.000000,-0.258216,-0.258153
167.000000,100.000000,-0.253295,-0.253584
168.000000,100.000000,-0.248118,-0.240032
169.000000,100.000000,-0.242700,-0.251431
170.000000,100.000000,-0.237041,-0.239721
171.000000,100.000000,-0.231148,-0.223592
172.000000,100.000000,-0.225029,-0.236849
173.000000,100.000000,-0.218684,-0.225712
174.000000,100.000000,-0.212130,-0.215732
175.000000,100.000000,-0.205358,-0.224122
176.000000,100.000000,-0.198389,-0.212558
177.000000,100.000000,-0.191222,-0.197714
178.000000,100.000000,-0.183867,-0.208536
179.000000,100.000000,-0.176331,-0.193543
180.000000,100.000000,-0.168619,-0.180976
181.000000,100.000000,-0.160744,-0.184233
182.000000,100.000000,-0.152707,-0.173530
183.000000,100.000000,-0.144523,-0.175234
184.000000,100.000000,-0.136192,-0.166506
185.000000,100.000000,-0.127729,-0.149804
186.000000,100.000000,-0.119139,-0.153343
187.000000,100.000000,-0.110433,-0.145205
188.000000,100.000000,-0.101617,-0.131796
189.000000,100.000000,-0.092700,-0.131899
190.000000,100.000000,-0.083694,-0.121047
191.000000,100.000000,-0.074602,-0.100630
192.000000,100.000000,-0.065439,-0.108735
193.000000,100.000000,-0.056210,-0.098315
194.000000,100.000000,-0.046926,-0.081757
195.000000,100.000000,-0.037596,-0.085287
196.000000,100.000000,-0.028229,-0.073150
197.000000,100.000000,-0.018834,-0.058448
198.000000,100.000000,-0.009420,-0.061265
199.000000,100.000000,0.000003,-0.050990
200.000000,100.000000,0.009426,-0.040424
201.000000,100.000000,0.018840,-0.032813
202.000000,100.000000,0.028235,0.026062
203.000000,100.000000,0.037603,-0.018523
204.000000,100.000000,0.046933,-0.019805
205.000000,100.000000,0.056217,-0.002102
206.000000,100.000000,0.065446,-0.002208
207.000000,100.000000,0.074609,0.005784
208.000000,100.000000,0.083700,0.034063
209.000000,100.000000,0.092707,0.026244
210.000000,100.000000,0.101624,0.041382
211.000000,100.000000,0.110439,0.060653
212.000000,100.000000,0.119146,0.057124
213.000000,100.000000,0.127736,0.070977
214.000000,100.000000,0.136198,0.087819
215.000000,100.000000,0.144529,0.079144
216.000000,100.000000,0.152713,0.099720
217.000000,100.000000,0.160750,0.107696
218.000000,100.000000,0.168625,0.105022
219.000000,100.000000,0.176336,0.116443
220.000000,100.000000,0.183872,0.126294
221.000000,100.000000,0.191227,0.129471
222.000000,100.000000,0.198395,0.143032
223.000000,100.000000,0.205363,0.136760
224.000000,100.000000,0.212134,0.149483
225.000000,100.000000,0.218689,0.160752
226.000000,100.000000,0.225034,0.160646
227.000000,100.000000,0.231152,0.177504
228.000000,100.000000,0.237045,0.188912
229.000000,100.000000,0.242704,0.182948
230.000000,100.000000,0.248122,0.200234
231.000000,100.000000,0.253299,0.209498
232.000000,100.000000,0.258220,0.193100
233.000000,100.000000,0.262893,0.209813
234.000000,100.000000,0.267299,0.225511
235.000000,100.000000,0.271447,0.218122
236.000000,100.000000,0.275324,0.228828
237.000000,100.000000,0.278930,0.239099
238.000000,100.000000,0.282263,0.234421
239.000000,100.000000,0.285313,0.238407
240.000000,100.000000,0.288088,0.241545
241.000000,100.000000,0.290570,0.242999
242.000000,100.000000,0.292774,0.256557
243.000000,100.000000,0.294682,0.248718
244.000000,100.000000,0.296303,0.258578
245.000000,100.000000,0.297631,0.269844
246.000000,100.000000,0.298664,0.257730
247.000000,100.000000,0.299406,0.266437
248.000000,100.000000,0.299847,0.272985
249.000000,100.000000,0.300000,0.266020
250.000000,100.000000,0.299846,0.274870
251.000000,100.000000,0.299405,0.282706
252.000000,100.000000,0.298663,0.269738
253.000000,100.000000,0.297630,0.272580
254.000000,100.000000,0.296302,0.283707
255.000000,100.000000,0.294680,0.268310
256.000000,100.000000,0.292773,0.272580
257.000000,100.000000,0.290569,0.273273
258.000000,100.000000,0.288086,0.269880
259.000000,100.000000,0.285311,0.271719
260.000000,100.000000,0.282260,0.264145
261.000000,100.000000,0.278927,0.265444
262.000000,100.000000,0.275321,0.271282
263.000000,100.000000,0.271444,0.257299
264.000000,100.000000,0.267296,0.255146
265.000000,100.000000,0.262890,0.265838
266.000000,100.000000,0.258216,0.251723
267.000000,100.000000,0.253295,0.249420
268.000000,100.000000,0.248118,0.254251
269.000000,100.000000,0.242700,0.240428
270.000000,100.000000,0.237041,0.239696
271.000000,100.000000,0.231148,0.246531
272.000000,100.000000,0.225029,0.225130
273.000000,100.000000,0.218684,0.222682
274.000000,100.000000,0.212129,0.227943
275.000000,100.000000,0.205358,0.212115
276.000000,100.000000,0.198389,0.214100
277.000000,100.000000,0.191221,0.207507
278.000000,100.000000,0.183867,0.198100
279.000000,100.000000,0.176331,0.196364
280.000000,100.000000,0.168619,0.183515
281.000000,100.000000,0.160744,0.178508
282.000000,100.000000,0.152706,0.181626
283.000000,100.000000,0.144523,0.164079
284.000000,100.000000,0.136191,0.160202
285.000000,100.000000,0.127729,0.162031
286.000000,100.000000,0.119139,0.139911
287.000000,100.000000,0.110432,0.144185
288.000000,100.000000,0.101617,0.143582
289.000000,100.000000,0.092700,0.123898
290.000000,100.000000,0.083694,0.118162
291.000000,100.000000,0.074602,0.121708
292.000000,100.000000,0.065439,0.098875
293.000000,100.000000,0.056210,0.096569
294.000000,100.000000,0.046926,0.092829
295.000000,100.000000,0.037596,0.078714
296.000000,100.000000,0.028228,0.072833
297.000000,100.000000,0.018833,0.062247
298.000000,100.000000,0.009419,0.048400
299.000000,100.000000,-0.000004,0.052949
300.000000,100.000000,-0.009427,0.036389
301.000000,100.000000,-0.018841,0.035239
302.000000,100.000000,-0.028236,0.026632
303.000000,100.000000,-0.037603,0.004223
304.000000,100.000000,-0.046934,0.015214
305.000000,100.000000,-0.056217,0.003892
306.000000,100.000000,-0.065446,-0.017655
307.000000,100.000000,-0.074609,-0.022674
308.000000,100.000000,-0.083701,-0.023705
309.000000,100.000000,-0.092707,-0.039387
310.000000,100.000000,-0.101624,-0.046269
311.000000,100.000000,-0.110439,-0.047726
312.000000,100.000000,-0.119146,-0.062981
313.000000,100.000000,-0.127736,-0.070005
314.000000,100.000000,-0.136198,-0.071887
315.000000,100.000000,-0.144529,-0.090863
316.000000,100.000000,-0.152713,-0.094600
317.000000,100.000000,-0.160750,-0.104043
318.000000,100.000000,-0.168625,-0.112171
319.000000,100.000000,-0.176336,-0.114626
320.000000,100.000000,-0.183873,-0.134327
321.000000,100.000000,-0.191227,-0.136623
322.000000,100.000000,-0.198395,-0.135652
323.000000,100.000000,-0.205363,-0.151056
324.000000,100.000000,-0.212135,-0.154217
325.000000,100.000000,-0.218689,-0.152388
326.000000,100.000000,-0.225034,-0.170791
327.000000,100.000000,-0.231153,-0.173951
328.000000,100.000000,-0.237046,-0.170548
329.000000,100.000000,-0.242704,-0.192523
330.000000,100.000000,-0.248122,-0.194113
331.000000,100.000000,-0.253299,-0.193569
332.000000,100.000000,-0.258220,-0.212111
333.000000,100.000000,-0.262893,-0.210557
334.000000,100.000000,-0.267299,-0.211438
335.000000,100.000000,-0.271447,-0.222837
336.000000,100.000000,-0.275324,-0.225858
337.000000,100.000000,-0.278930,-0.231723
338.000000,100.000000,-0.282263,-0.241139
339.000000,100.000000,-0.285313,-0.236447
340.000000,100.000000,-0.288088,-0.250718
341.000000,100.000000,-0.290570,-0.252441
342.000000,100.000000,-0.292774,-0.246318
343.000000,100.000000,-0.294682,-0.260151
344.000000,100.000000,-0.296304,-0.260168
345.000000,100.000000,-0.297631,-0.252477
346.000000,100.000000,-0.298664,-0.267590
347.000000,100.000000,-0.299406,-0.265459
348.000000,100.000000,-0.299847,-0.259770
349.000000,100.000000,-0.300000,-0.273020
350.000000,100.000000,-0.299846,-0.274183
351.000000,100.000000,-0.299405,-0.267205
352.000000,100.000000,-0.298663,-0.281459
353.000000,100.000000,-0.297630,-0.267749
354.000000,100.000000,-0.296302,-0.272775
355.000000,100.000000,-0.294680,-0.280316
356.000000,100.000000,-0.292773,-0.274186
357.000000,100.000000,-0.290569,-0.279902
358.000000,100.000000,-0.288086,-0.275316
359.000000,100.000000,-0.285311,-0.266619
360.000000,100.000000,-0.282260,-0.277311
361.000000,100.000000,-0.278927,-0.271745
362.000000,100.000000,-0.275321,-0.257620
363.000000,100.000000,-0.271444,-0.260012
364.000000,100.000000,-0.267295,-0.261311
365.000000,100.000000,-0.262889,-0.250330
366.000000,100.000000,-0.258216,-0.261155
367.000000,100.000000,-0.253295,-0.254595
368.000000,100.000000,-0.248118,-0.240182
369.000000,100.000000,-0.242700,-0.248859
370.000000,100.000000,-0.237041,-0.241583
371.000000,100.000000,-0.231148,-0.231742
372.000000,100.000000,-0.225029,-0.232843
373.000000,100.000000,-0.218684,-0.227286
374.000000,100.000000,-0.212129,-0.220868
375.000000,100.000000,-0.205357,-0.224410
376.000000,100.000000,-0.198389,-0.209132
377.000000,100.000000,-0.191221,-0.209692
378.000000,100.000000,-0.183867,-0.204540
379.000000,100.000000,-0.176330,-0.190412
380.000000,100.000000,-0.168619,-0.196668
381.000000,100.000000,-0.160744,-0.193106
382.000000,100.000000,-0.152706,-0.162109
383.000000,100.000000,-0.144522,-0.172361
384.000000,100.000000,-0.136191,-0.160509
385.000000,100.000000,-0.127729,-0.146527
386.000000,100.000000,-0.119139,-0.152488
387.000000,100.000000,-0.110432,-0.138207
388.000000,100.000000,-0.101617,-0.128370
389.000000,100.000000,-0.092700,-0.133900
390.000000,100.000000,-0.083693,-0.121047
391.000000,100.000000,-0.074602,-0.103775
392.000000,100.000000,-0.065439,-0.110451
393.000000,100.000000,-0.056210,-0.097887
394.000000,100.000000,-0.046926,-0.084465
395.000000,100.000000,-0.037596,-0.084432
396.000000,100.000000,-0.028228,-0.071297
397.000000,100.000000,-0.018833,-0.070423
398.000000,100.000000,-0.009419,-0.060271
399.000000,100.000000,0.000004,-0.043568
400.000000,100.000000,0.009427,-0.049966
401.000000,100.000000,0.018841,-0.035540
402.000000,100.000000,0.028236,-0.013695
403.000000,100.000000,0.037603,-0.020372
404.000000,100.000000,0.046934,-0.004945
405.000000,100.000000,0.056217,0.011039
406.000000,100.000000,0.065447,0.002364
407.000000,100.000000,0.074609,0.021933
408.000000,100.000000,0.083701,0.038205
409.000000,100.000000,0.092707,0.089996
410.000000,100.000000,0.101624,0.041094
411.000000,100.000000,0.110439,0.047075
412.000000,100.000000,0.119146,0.047118
413.000000,100.000000,0.127736,0.061541
414.000000,100.000000,0.136198,0.067962
415.000000,100.000000,0.144529,0.075281
416.000000,100.000000,0.152713,0.093418
417.000000,100.000000,0.160751,0.095297
418.000000,100.000000,0.168625,0.105015
419.000000,100.000000,0.176337,0.120429
420.000000,100.000000,0.183873,0.117466
421.000000,100.000000,0.191227,0.130319
422.000000,100.000000,0.198395,0.146588
423.000000,100.000000,0.205363,0.138337
424.000000,100.000000,0.212135,0.159910
425.000000,100.000000,0.218689,0.169606
426.000000,100.000000,0.225034,0.163790
427.000000,100.000000,0.231153,0.172209
428.000000,100.000000,0.237046,0.186050
429.000000,100.000000,0.242705,0.181947
430.000000,100.000000,0.248122,0.191225
431.000000,100.000000,0.253299,0.200781
432.000000,100.000000,0.258220,0.201821
433.000000,100.000000,0.262893,0.217814
434.000000,100.000000,0.267299,0.214382
435.000000,100.000000,0.271447,0.216403
436.000000,100.000000,0.275324,0.229819
437.000000,100.000000,0.278930,0.228132
438.000000,100.000000,0.282263,0.236846
439.000000,100.000000,0.285313,0.241820
440.000000,100.000000,0.288088,0.238427
441.000000,100.000000,0.290571,0.249851
442.000000,100.000000,0.292774,0.259973
443.000000,100.000000,0.294682,0.249864
444.000000,100.000000,0.296304,0.255282
445.000000,100.000000,0.297631,0.268406
446.000000,100.000000,0.298664,0.262733
447.000000,100.000000,0.299406,0.266577
448.000000,100.000000,0.299847,0.276699
449.000000,100.000000,0.300000,0.265592
450.000000,100.000000,0.299846,0.273439
451.000000,100.000000,0.299405,0.276417
452.000000,100.000000,0.298663,0.265019
453.000000,100.000000,0.297630,0.270149
454.000000,100.000000,0.296302,0.270142
455.000000,100.000000,0.294680,0.271451
456.000000,100.000000,0.292773,0.277004
457.000000,100.000000,0.290568,0.264015
458.000000,100.000000,0.288086,0.268157
459.000000,100.000000,0.285311,0.276421
460.000000,100.000000,0.282260,0.270453
461.000000,100.000000,0.278927,0.266580
462.000000,100.000000,0.275321,0.274701
463.000000,100.000000,0.271444,0.256441
464.000000,100.000000,0.267295,0.258857
465.000000,100.000000,0.262889,0.264403
466.000000,100.000000,0.258216,0.253151
467.000000,100.000000,0.253295,0.250560
468.000000,100.000000,0.248118,0.251253
469.000000,100.000000,0.242700,0.228129
470.000000,100.000000,0.237041,0.240551
471.000000,100.000000,0.231148,0.242976
472.000000,100.000000,0.225029,0.229129
473.000000,100.000000,0.218684,0.232108
474.000000,100.000000,0.212129,0.219116
475.000000,100.000000,0.205357,0.212967
476.000000,100.000000,0.198389,0.220661
477.000000,100.000000,0.191221,0.199823
478.000000,100.000000,0.183866,0.193090
479.000000,100.000000,0.176330,0.203067
480.000000,100.000000,0.168619,0.184379
481.000000,100.000000,0.160744,0.179645
482.000000,100.000000,0.152706,0.183333
483.000000,100.000000,0.144522,0.164218
484.000000,100.000000,0.136191,0.161769
485.000000,100.000000,0.127729,0.162170
486.000000,100.000000,0.119139,0.146057
487.000000,100.000000,0.110432,0.143039
488.000000,100.000000,0.101616,0.136724
489.000000,100.000000,0.092699,0.124613
490.000000,100.000000,0.083693,0.121446
491.000000,100.000000,0.074601,0.115860
492.000000,100.000000,0.065438,0.101447
493.000000,100.000000,0.056209,0.098564
494.000000,100.000000,0.046926,0.082710
495.000000,100.000000,0.037595,0.076848
496.000000,100.000000,0.028228,0.077107
497.000000,100.000000,0.018833,0.059271
498.000000,100.000000,0.009419,0.057545
499.000000,100.000000,-0.000004,0.055796
500.000000,100.000000,-0.009427,0.033102
501.000000,100.000000,-0.018841,0.028513
502.000000,100.000000,-0.028236,0.030770
503.000000,100.000000,-0.037604,0.009654
504.000000,100.000000,-0.046934,0.012212
505.000000,100.000000,-0.056218,0.002603
506.000000,100.000000,-0.065447,-0.014938
507.000000,100.000000,-0.074610,-0.020246
508.000000,100.000000,-0.083701,-0.021846
509.000000,100.000000,-0.092708,-0.042250
510.000000,100.000000,-0.101624,-0.048558
511.000000,100.000000,-0.110440,-0.051722
512.000000,100.000000,-0.119147,-0.065844
513.000000,100.000000,-0.127736,-0.065579
514.000000,100.000000,-0.136199,-0.086151
515.000000,100.000000,-0.144530,-0.087152
516.000000,100.000000,-0.152713,-0.082175
517.000000,100.000000,-0.160751,-0.107731
518.000000,100.000000,-0.168626,-0.114179
519.000000,100.000000,-0.176337,-0.107204
520.000000,100.000000,-0.183873,-0.130471
521.000000,100.000000,-0.191227,-0.130772
522.000000,100.000000,-0.198395,-0.129228
523.000000,100.000000,-0.205364,-0.145622
524.000000,100.000000,-0.212135,-0.153936
525.000000,100.000000,-0.218690,-0.157822
526.000000,100.000000,-0.225034,-0.174366
527.000000,100.000000,-0.231153,-0.174670
528.000000,100.000000,-0.237046,-0.178544
529.000000,100.000000,-0.242705,-0.191953
530.000000,100.000000,-0.248122,-0.192546
531.000000,100.000000,-0.253299,-0.206263
532.000000,100.000000,-0.258220,-0.210686
533.000000,100.000000,-0.262893,-0.203993
534.000000,100.000000,-0.267299,-0.221259
535.000000,100.000000,-0.271447,-0.223990
536.000000,100.000000,-0.275324,-0.220301
537.000000,100.000000,-0.278930,-0.234701
538.000000,100.000000,-0.282263,-0.236719
539.000000,100.000000,-0.285313,-0.235175
540.000000,100.000000,-0.288089,-0.247143
541.000000,100.000000,-0.290571,-0.244297
542.000000,100.000000,-0.292774,-0.242898
543.000000,100.000000,-0.294682,-0.262298
544.000000,100.000000,-0.296304,-0.262172
545.000000,100.000000,-0.297631,-0.257053
546.000000,100.000000,-0.298664,-0.271735
547.000000,100.000000,-0.299406,-0.267321
548.000000,100.000000,-0.299847,-0.264054
549.000000,100.000000,-0.300000,-0.274167
550.000000,100.000000,-0.299846,-0.265605
551.000000,100.000000,-0.299405,-0.273759
552.000000,100.000000,-0.298663,-0.275886
553.000000,100.000000,-0.297630,-0.269763
554.000000,100.000000,-0.296302,-0.282317
555.000000,100.000000,-0.294680,-0.277463
556.000000,100.000000,-0.292772,-0.263338
557.000000,100.000000,-0.290568,-0.278312
558.000000,100.000000,-0.288086,-0.271605
559.000000,100.000000,-0.285310,-0.261768
560.000000,100.000000,-0.282260,-0.418714
561.000000,100.000000,-0.278927,-0.268464
562.000000,100.000000,-0.275321,-0.229317
563.000000,100.000000,-0.271443,-0.236136
564.000000,100.000000,-0.267295,-0.238581
565.000000,100.000000,-0.262889,-0.238893
566.000000,100.000000,-0.258215,-0.254578
567.000000,100.000000,-0.253295,-0.246305
568.000000,100.000000,-0.248117,-0.245596
569.000000,100.000000,-0.242700,-0.244572
570.000000,100.000000,-0.237041,-0.232442
571.000000,100.000000,-0.231147,-0.241858
572.000000,100.000000,-0.225029,-0.233996
573.000000,100.000000,-0.218683,-0.216866
574.000000,100.000000,-0.212129,-0.228267
575.000000,100.000000,-0.205357,-0.215981
576.000000,100.000000,-0.198389,-0.202144
577.000000,100.000000,-0.191221,-0.212396
578.000000,100.000000,-0.183866,-0.199974
579.000000,100.000000,-0.176330,-0.186277
580.000000,100.000000,-0.168618,-0.190522
581.000000,100.000000,-0.160743,-0.182245
582.000000,100.000000,-0.152706,-0.168405
583.000000,100.000000,-0.144522,-0.173077
584.000000,100.000000,-0.136191,-0.161798
585.000000,100.000000,-0.127728,-0.149101
586.000000,100.000000,-0.119138,-0.153631
587.000000,100.000000,-0.110432,-0.141925
588.000000,100.000000,-0.101616,-0.130364
589.000000,100.000000,-0.092699,-0.130043
590.000000,100.000000,-0.083693,-0.117482
591.000000,100.000000,-0.074601,-0.119039
592.000000,100.000000,-0.065438,-0.107741
593.000000,100.000000,-0.056209,-0.096900
594.000000,100.000000,-0.046925,-0.094435
595.000000,100.000000,-0.037595,-0.079720
596.000000,100.000000,-0.028228,-0.066596
597.000000,100.000000,-0.018832,-0.070989
598.000000,100.000000,-0.009419,-0.055705
599.000000,100.000000,0.000005,-0.038147
600.000000,100.000000,0.009428,-0.044536
601.000000,100.000000,0.018842,-0.031256
602.000000,100.000000,0.028237,-0.016843
603.000000,100.000000,0.037604,-0.019656
604.000000,100.000000,0.046934,-0.008235
605.000000,100.000000,0.056218,0.008756
606.000000,100.000000,0.065447,0.040978
607.000000,100.000000,0.074610,0.020929
608.000000,100.000000,0.083701,0.020204
609.000000,100.000000,0.092708,0.026949
610.000000,100.000000,0.101625,0.042797
611.000000,100.000000,0.110440,0.043394
612.000000,100.000000,0.119147,0.053827
613.000000,100.000000,0.127737,0.078966
614.000000,100.000000,0.136199,0.069708
615.000000,100.000000,0.144530,0.088428
616.000000,100.000000,0.152714,0.099691
617.000000,100.000000,0.160751,0.097444
618.000000,100.000000,0.168626,0.107152
619.000000,100.000000,0.176337,0.125995
620.000000,100.000000,0.183873,0.117606
621.000000,100.000000,0.191228,0.131886
622.000000,100.000000,0.198396,0.143582
623.000000,100.000000,0.205364,0.145057
624.000000,100.000000,0.212135,0.151047
625.000000,100.000000,0.218690,0.165606
626.000000,100.000000,0.225035,0.166076
627.000000,100.000000,0.231153,0.175351
628.000000,100.000000,0.237046,0.177630
629.000000,100.000000,0.242705,0.185519
630.000000,100.000000,0.248122,0.197507
631.000000,100.000000,0.253300,0.197238
632.000000,100.000000,0.258220,0.205247
633.000000,100.000000,0.262893,0.223378
634.000000,100.000000,0.267299,0.211549
635.000000,100.000000,0.271447,0.215396
636.000000,100.000000,0.275324,0.232807
637.000000,100.000000,0.278930,0.226843
638.000000,100.000000,0.282263,0.233407
639.000000,100.000000,0.285313,0.248675
640.000000,100.000000,0.288089,0.240570
641.000000,100.000000,0.290571,0.254997
642.000000,100.000000,0.292774,0.259685
643.000000,100.000000,0.294682,0.251865
644.000000,100.000000,0.296304,0.258568
645.000000,100.000000,0.297631,0.266550
646.000000,100.000000,0.298664,0.259728
647.000000,100.000000,0.299406,0.267432
648.000000,100.000000,0.299847,0.268850
649.000000,100.000000,0.300000,0.265732
650.000000,100.000000,0.299846,0.275003
651.000000,100.000000,0.299405,0.262157
652.000000,100.000000,0.298663,0.271590
653.000000,100.000000,0.297630,0.281285
654.000000,100.000000,0.296302,0.265738
655.000000,100.000000,0.294680,0.273588
656.000000,100.000000,0.292772,0.282279
657.000000,100.000000,0.290568,0.270453
658.000000,100.000000,0.288086,0.271152
659.000000,100.000000,0.285310,0.278558
660.000000,100.000000,0.282260,0.262591
661.000000,100.000000,0.278927,0.265576
662.000000,100.000000,0.275320,0.273840
663.000000,100.000000,0.271443,0.259731
664.000000,100.000000,0.267295,0.261285
665.000000,100.000000,0.262889,0.262975
666.000000,100.000000,0.258215,0.250865
667.000000,100.000000,0.253294,0.251418
668.000000,100.000000,0.248117,0.244689
669.000000,100.000000,0.242699,0.237707
670.000000,100.000000,0.237040,0.243688
671.000000,100.000000,0.231147,0.232416
672.000000,100.000000,0.225028,0.229838
673.000000,100.000000,0.218683,0.237817
674.000000,100.000000,0.212129,0.218268
675.000000,100.000000,0.205357,0.214677
676.000000,100.000000,0.198388,0.218222
677.000000,100.000000,0.191220,0.201678
678.000000,100.000000,0.183866,0.191798
679.000000,100.000000,0.176330,0.204064
680.000000,100.000000,0.168618,0.179661
681.000000,100.000000,0.160743,0.186934
682.000000,100.000000,0.152705,0.184333
683.000000,100.000000,0.144521,0.165646
684.000000,100.000000,0.136190,0.166487
685.000000,100.000000,0.127728,0.156607
686.000000,100.000000,0.119138,0.142482
687.000000,100.000000,0.110431,0.138172
688.000000,100.000000,0.101616,0.127887
689.000000,100.000000,0.092699,0.128324
690.000000,100.000000,0.083692,0.126439
691.000000,100.000000,0.074601,0.108027
692.000000,100.000000,0.065438,0.103584
693.000000,100.000000,0.056209,0.107699
694.000000,100.000000,0.046925,0.083863
695.000000,100.000000,0.037595,0.078701
696.000000,100.000000,0.028227,0.076812
697.000000,100.000000,0.018832,0.061842
698.000000,100.000000,0.009418,0.055394
699.000000,100.000000,-0.000005,0.051932
700.000000,100.000000,-0.009428,0.038679
701.000000,100.000000,-0.018842,0.033228
702.000000,100.000000,-0.028237,0.031771
703.000000,100.000000,-0.037604,0.011655
704.000000,100.000000,-0.046935,0.009634
705.000000,100.000000,-0.056218,-0.005680
706.000000,100.000000,-0.065447,-0.015084
707.000000,100.000000,-0.074610,-0.018105
708.000000,100.000000,-0.083702,0.058711
709.000000,100.000000,-0.092708,-0.038824
710.000000,100.000000,-0.101625,-0.055870
711.000000,100.000000,-0.110440,-0.074999
712.000000,100.000000,-0.119147,-0.071288
713.000000,100.000000,-0.127737,-0.071460
714.000000,100.000000,-0.136199,-0.088431
715.000000,100.000000,-0.144530,-0.093881
716.000000,100.000000,-0.152714,-0.089335
717.000000,100.000000,-0.160751,-0.109308
718.000000,100.000000,-0.168626,-0.111184
719.000000,100.000000,-0.176337,-0.110355
720.000000,100.000000,-0.183874,-0.126896
721.000000,100.000000,-0.191228,-0.133774
722.000000,100.000000,-0.198396,-0.129221
723.000000,100.000000,-0.205364,-0.151487
724.000000,100.000000,-0.212136,-0.156083
725.000000,100.000000,-0.218690,-0.160386
726.000000,100.000000,-0.225035,-0.172079
727.000000,100.000000,-0.231153,-0.171529
728.000000,100.000000,-0.237046,-0.186811
729.000000,100.000000,-0.242705,-0.188669
730.000000,100.000000,-0.248123,-0.181976
731.000000,100.000000,-0.253300,-0.206247
732.000000,100.000000,-0.258220,-0.206690
733.000000,100.000000,-0.262894,-0.203861
734.000000,100.000000,-0.267299,-0.222263
735.000000,100.000000,-0.271447,-0.221707
736.000000,100.000000,-0.275324,-0.213870
737.000000,100.000000,-0.278931,-0.235417
738.000000,100.000000,-0.282263,-0.238866
739.000000,100.000000,-0.285313,-0.233747
740.000000,100.000000,-0.288089,-0.251288
741.000000,100.000000,-0.290571,-0.250304
742.000000,100.000000,-0.292774,-0.246328
743.000000,100.000000,-0.294682,-0.259012
744.000000,100.000000,-0.296304,-0.256884
745.000000,100.000000,-0.297631,-0.259472
746.000000,100.000000,-0.298664,-0.272739
747.000000,100.000000,-0.299406,-0.264468
748.000000,100.000000,-0.299847,-0.272169
749.000000,100.000000,-0.300000,-0.272172
750.000000,100.000000,-0.299846,-0.266910
751.000000,100.000000,-0.299405,-0.280883
752.000000,100.000000,-0.298663,-0.272891
753.000000,100.000000,-0.297630,-0.265201
754.000000,100.000000,-0.296302,-0.276884
755.000000,100.000000,-0.294680,-0.272752
756.000000,100.000000,-0.292772,-0.266204
757.000000,100.000000,-0.290568,-0.277454
758.000000,100.000000,-0.288086,-0.271751
759.000000,100.000000,-0.285310,-0.259054
760.000000,100.000000,-0.282260,-0.273878
761.000000,100.000000,-0.278927,-0.271181
762.000000,100.000000,-0.275320,-0.265343
763.000000,100.000000,-0.271443,-0.275025
764.000000,100.000000,-0.267295,-0.260459
765.000000,100.000000,-0.262889,-0.260032
766.000000,100.000000,-0.258215,-0.255440
767.000000,100.000000,-0.253294,-0.243740
768.000000,100.000000,-0.248117,-0.253004
769.000000,100.000000,-0.242699,-0.245148
770.000000,100.000000,-0.237040,-0.232312
771.000000,100.000000,-0.231147,-0.231415
772.000000,100.000000,-0.225028,-0.233144
773.000000,100.000000,-0.218683,-0.218589
774.000000,100.000000,-0.212128,-0.226554
775.000000,100.000000,-0.205357,-0.221564
776.000000,100.000000,-0.198388,-0.204722
777.000000,100.000000,-0.191220,-0.209967
778.000000,100.000000,-0.183866,-0.198831
779.000000,100.000000,-0.176329,-0.186989
780.000000,100.000000,-0.168618,-0.185664
781.000000,100.000000,-0.160743,-0.179104
782.000000,100.000000,-0.152705,-0.180823
783.000000,100.000000,-0.144521,-0.176224
784.000000,100.000000,-0.136190,-0.161235
785.000000,100.000000,-0.127728,-0.161646
786.000000,100.000000,-0.119138,-0.151924
787.000000,100.000000,-0.110431,-0.134937
788.000000,100.000000,-0.101616,-0.138761
789.000000,100.000000,-0.092699,-0.131909
790.000000,100.000000,-0.083692,-0.110779
791.000000,100.000000,-0.074601,-0.115597
792.000000,100.000000,-0.065438,-0.104603
793.000000,100.000000,-0.056208,-0.088046
794.000000,100.000000,-0.046925,-0.100299
795.000000,100.000000,-0.037594,-0.081301
796.000000,100.000000,-0.028227,-0.064744
797.000000,100.000000,-0.018832,-0.067414
798.000000,100.000000,-0.009418,-0.058995
799.000000,100.000000,0.000005,-0.042577
800.000000,100.000000,0.009428,-0.038529
801.000000,100.000000,0.018842,-0.027827
802.000000,100.000000,0.028237,-0.021263
803.000000,100.000000,0.037605,-0.024663
804.000000,100.000000,0.046935,-0.007671
805.000000,100.000000,0.056218,-0.003083
806.000000,100.000000,0.065448,0.008647
807.000000,100.000000,0.074611,0.022632
808.000000,100.000000,0.083702,0.024097
809.000000,100.000000,0.092708,0.032380
810.000000,100.000000,0.101625,0.051508
811.000000,100.000000,0.110441,0.046687
812.000000,100.000000,0.119147,0.060540
813.000000,100.000000,0.127737,0.077525
814.000000,100.000000,0.136199,0.073995
815.000000,100.000000,0.144530,0.087133
816.000000,100.000000,0.152714,0.096685
817.000000,100.000000,0.160752,0.098733
818.000000,100.000000,0.168626,0.111012
819.000000,100.000000,0.176338,0.124282
820.000000,100.000000,0.183874,0.122897
821.000000,100.000000,0.191228,0.133172
822.000000,100.000000,0.198396,0.138735
823.000000,100.000000,0.205364,0.140908
824.000000,100.000000,0.212136,0.161047
825.000000,100.000000,0.218690,0.147774
826.000000,100.000000,0.225035,0.167070
827.000000,100.000000,0.231154,0.186629
828.000000,100.000000,0.237046,0.177517
829.000000,100.000000,0.242705,0.186082
830.000000,100.000000,0.248123,0.199492
831.000000,100.000000,0.253300,0.194671
832.000000,100.000000,0.258220,0.209528
833.000000,100.000000,0.262894,0.220651
834.000000,100.000000,0.267300,0.211118
835.000000,100.000000,0.271448,0.221823
836.000000,100.000000,0.275324,0.231661
837.000000,100.000000,0.278931,0.227559
838.000000,100.000000,0.282263,0.244129
839.000000,100.000000,0.285313,0.246677
840.000000,100.000000,0.288089,0.239139
841.000000,100.000000,0.290571,0.251276
842.000000,100.000000,0.292775,0.251123
843.000000,100.000000,0.294682,0.250861
844.000000,100.000000,0.296304,0.265709
845.000000,100.000000,0.297631,0.254009
846.000000,100.000000,0.298664,0.260722
847.000000,100.000000,0.299406,0.268701
848.000000,100.000000,0.299847,0.262306
849.000000,100.000000,0.300000,0.270155
850.000000,100.000000,0.299846,0.277988
851.000000,100.000000,0.299405,0.271596
852.000000,100.000000,0.298663,0.277729
853.000000,100.000000,0.297630,0.281560
854.000000,100.000000,0.296302,0.270168
855.000000,100.000000,0.294680,0.273011
856.000000,100.000000,0.292772,0.277272
857.000000,100.000000,0.290568,0.268883
858.000000,100.000000,0.288086,0.275155
859.000000,100.000000,0.285310,0.274701
860.000000,100.000000,0.282260,0.264589
861.000000,100.000000,0.278927,0.266716
862.000000,100.000000,0.275320,0.261991
863.000000,100.000000,0.271443,0.259012
864.000000,100.000000,0.267295,0.262992
865.000000,100.000000,0.262889,0.255152
866.000000,100.000000,0.258215,0.252001
867.000000,100.000000,0.253294,0.254831
868.000000,100.000000,0.248117,0.242860
869.000000,100.000000,0.242699,0.246133
870.000000,100.000000,0.237040,0.247104
871.000000,100.000000,0.231147,0.233420
872.000000,100.000000,0.225028,0.232549
873.000000,100.000000,0.218683,0.231088
874.000000,100.000000,0.212128,0.215548
875.000000,100.000000,0.205356,0.218248
876.000000,100.000000,0.198388,0.218934
877.000000,100.000000,0.191220,0.200393
878.000000,100.000000,0.183865,0.200804
879.000000,100.000000,0.176329,0.197206
880.000000,100.000000,0.168618,0.185807
881.000000,100.000000,0.160743,0.178068
882.000000,100.000000,0.152705,0.173485
883.000000,100.000000,0.144521,0.167074
884.000000,100.000000,0.136190,0.166050
885.000000,100.000000,0.127728,0.146342
886.000000,100.000000,0.119138,0.146336
887.000000,100.000000,0.110431,0.145163
888.000000,100.000000,0.101615,0.134477
889.000000,100.000000,0.092698,0.126886
890.000000,100.000000,0.083692,0.125286
891.000000,100.000000,0.074600,0.109886
892.000000,100.000000,0.065437,0.105436
893.000000,100.000000,0.056208,0.103690
894.000000,100.000000,0.046924,0.085575
895.000000,100.000000,0.037594,0.080699
896.000000,100.000000,0.028227,0.082962
897.000000,100.000000,0.018832,0.061126
898.000000,100.000000,0.009418,0.057104
899.000000,100.000000,-0.000005,0.037363
900.000000,100.000000,-0.009428,0.036247
901.000000,100.000000,-0.018842,0.039371
902.000000,100.000000,-0.028237,0.019799
903.000000,100.000000,-0.037605,0.013365
904.000000,100.000000,-0.046935,0.013908
905.000000,100.000000,-0.056219,-0.012363
906.000000,100.000000,-0.065448,-0.011661
907.000000,100.000000,-0.074611,-0.010120
908.000000,100.000000,-0.083702,-0.034099
909.000000,100.000000,-0.092709,-0.036829
910.000000,100.000000,-0.101625,-0.031852
911.000000,100.000000,-0.110441,-0.055261
912.000000,100.000000,-0.119148,-0.059996
913.000000,100.000000,-0.127737,-0.061742
914.000000,100.000000,-0.136200,-0.085860
915.000000,100.000000,-0.144531,-0.092022
916.000000,100.000000,-0.152714,-0.090618
917.000000,100.000000,-0.160752,-0.105021
918.000000,100.000000,-0.168627,-0.112761
919.000000,100.000000,-0.176338,-0.122190
920.000000,100.000000,-0.183874,-0.125756
921.000000,100.000000,-0.191228,-0.124208
922.000000,100.000000,-0.198396,-0.152203
923.000000,100.000000,-0.205364,-0.148495
924.000000,100.000000,-0.212136,-0.143091
925.000000,100.000000,-0.218690,-0.162497
926.000000,100.000000,-0.225035,-0.166801
927.000000,100.000000,-0.231154,-0.163829
928.000000,100.000000,-0.237047,-0.196813
929.000000,100.000000,-0.242705,-0.184103
930.000000,100.000000,-0.248123,-0.182844
931.000000,100.000000,-0.253300,-0.202960
932.000000,100.000000,-0.258221,-0.205981
933.000000,100.000000,-0.262894,-0.204003
934.000000,100.000000,-0.267300,-0.219977
935.000000,100.000000,-0.271448,-0.222568
936.000000,100.000000,-0.275324,-0.227435
937.000000,100.000000,-0.278931,-0.234851
938.000000,100.000000,-0.282263,-0.229440
939.000000,100.000000,-0.285313,-0.245142
940.000000,100.000000,-0.288089,-0.247150
941.000000,100.000000,-0.290571,-0.241318
942.000000,100.000000,-0.292775,-0.259008
943.000000,100.000000,-0.294682,-0.261738
944.000000,100.000000,-0.296304,-0.249615
945.000000,100.000000,-0.297631,-0.263730
946.000000,100.000000,-0.298664,-0.266748
947.000000,100.000000,-0.299406,-0.260771
948.000000,100.000000,-0.299847,-0.270307
949.000000,100.000000,-0.300000,-0.268607
950.000000,100.000000,-0.299846,-0.270349
951.000000,100.000000,-0.299405,-0.276025
952.000000,100.000000,-0.298663,-0.273186
953.000000,100.000000,-0.297630,-0.272049
954.000000,100.000000,-0.296302,-0.277457
955.000000,100.000000,-0.294680,-0.267755
956.000000,100.000000,-0.292772,-0.278891
957.000000,100.000000,-0.290568,-0.280323
958.000000,100.000000,-0.288086,-0.266479
959.000000,100.000000,-0.285310,-0.275880
960.000000,100.000000,-0.282259,-0.272175
961.000000,100.000000,-0.278927,-0.262484
962.000000,100.000000,-0.275320,-0.275164
963.000000,100.000000,-0.271443,-0.262885
964.000000,100.000000,-0.267295,-0.318396
965.000000,100.000000,-0.262889,-0.262013
966.000000,100.000000,-0.258215,-0.235719
967.000000,100.000000,-0.253294,-0.229314
968.000000,100.000000,-0.248117,-0.242425
969.000000,100.000000,-0.242699,-0.235149
970.000000,100.000000,-0.237040,-0.228741
971.000000,100.000000,-0.231147,-0.237849
972.000000,100.000000,-0.225028,-0.227001
973.000000,100.000000,-0.218683,-0.230729
974.000000,100.000000,-0.212128,-0.223410
975.000000,100.000000,-0.205356,-0.212992
976.000000,100.000000,-0.198388,-0.216269
977.000000,100.000000,-0.191220,-0.206972
978.000000,100.000000,-0.183865,-0.195130
979.000000,100.000000,-0.176329,-0.199527
980.000000,100.000000,-0.168617,-0.194534
981.000000,100.000000,-0.160742,-0.174548
982.000000,100.000000,-0.152705,-0.181655
983.000000,100.000000,-0.144521,-0.169518
984.000000,100.000000,-0.136190,-0.151818
985.000000,100.000000,-0.127727,-0.158637
986.000000,100.000000,-0.119137,-0.146070
987.000000,100.000000,-0.110430,-0.133946
988.000000,100.000000,-0.101615,-0.142193
989.000000,100.000000,-0.092698,-0.121051
990.000000,100.000000,-0.083692,-0.111210
991.000000,100.000000,-0.074600,-0.116598
992.000000,100.000000,-0.065437,-0.106608
993.000000,100.000000,-0.056208,-0.092761
994.000000,100.000000,-0.046924,-0.093010
995.000000,100.000000,-0.037594,-0.082878
996.000000,100.000000,-0.028226,-0.077580
997.000000,100.000000,-0.018831,-0.070850
998.000000,100.000000,-0.009417,-0.053717
999.000000,100.000000,0.000006,-0.055115
0.000000,104.436996,0.004780,-0.051829
1.000000,104.436996,0.014618,-0.035832
2.000000,104.436996,0.024439,-0.013553
3.000000,104.436996,0.034234,-0.024232
4.000000,104.436996,0.043993,-0.006661
5.000000,104.436996,0.053704,0.002322
6.000000,104.436996,0.063357,-0.000213
7.000000,104.436996,0.072943,0.015638
8.000000,104.436996,0.082448,0.022781
9.000000,104.436996,0.091866,0.028238
10.000000,104.436996,0.101186,0.045087
11.000000,104.436996,0.110395,0.042966
12.000000,104.436996,0.119486,0.054543
13.000000,104.436996,0.128450,0.079108
14.000000,104.436996,0.137273,0.072282
15.000000,104.436996,0.145949,0.085566
16.000000,104.436996,0.154470,0.100691
17.000000,104.436996,0.162822,0.098017
18.000000,104.436996,0.170999,0.108726
19.000000,104.436996,0.178995,0.123852
20.000000,104.436996,0.186795,0.120608
21.000000,104.436996,0.194394,0.131459
22.000000,104.436996,0.201787,0.147158
23.000000,104.436996,0.208959,0.146488
24.000000,104.436996,0.215907,0.159341
25.000000,104.436996,0.222625,0.169181
26.000000,104.436996,0.229101,0.166219
27.000000,104.436996,0.235330,0.179211
28.000000,104.436996,0.241308,0.185208
29.000000,104.436996,0.247025,0.188521
30.000000,104.436996,0.252474,0.200794
31.000000,104.436996,0.257656,0.197242
32.000000,104.436996,0.262558,0.202530
33.000000,104.436996,0.267175,0.216227
34.000000,104.436996,0.271509,0.214551
35.000000,104.436996,0.275549,0.227406
36.000000,104.436996,0.279289,0.237526
37.000000,104.436996,0.282733,0.233135
38.000000,104.436996,0.285873,0.241843
39.000000,104.436996,0.288700,0.252250
40.000000,104.436996,0.291221,0.247290
41.000000,104.436996,0.293429,0.253277
42.000000,104.436996,0.295316,0.268406
43.000000,104.436996,0.296889,0.256726
44.000000,104.436996,0.298145,0.263002
45.000000,104.436996,0.299073,0.266981
46.000000,104.436996,0.299684,0.261875
47.000000,104.436996,0.299975,0.271577
48.000000,104.436996,0.299935,0.272859
49.000000,104.436996,0.299577,0.264304
50.000000,104.436996,0.298900,0.281722
51.000000,104.436996,0.297893,0.267733
52.000000,104.436996,0.296570,0.272733
53.000000,104.436996,0.294932,0.279711
54.000000,104.436996,0.292967,0.269883
55.000000,104.436996,0.290692,0.269870
56.000000,104.436996,0.288108,0.280277
57.000000,104.436996,0.285206,0.268167
58.000000,104.436996,0.282000,0.269582
59.000000,104.436996,0.278495,0.273555
60.000000,104.436996,0.274683,0.262302
61.000000,104.436996,0.270578,0.264145
62.000000,104.436996,0.266187,0.268406
63.000000,104.436996,0.261502,0.252866
64.000000,104.436996,0.256537,0.256567
65.000000,104.436996,0.251301,0.255540
66.000000,104.436996,0.245789,0.241713
67.000000,104.436996,0.240013,0.246700
68.000000,104.436996,0.233982,0.241969
69.000000,104.436996,0.227696,0.233132
70.000000,104.436996,0.221165,0.231681
71.000000,104.436996,0.214399,0.218116
72.000000,104.436996,0.207399,0.220975
73.000000,104.436996,0.200176,0.222377
74.000000,104.436996,0.192740,0.205399
75.000000,104.436996,0.185095,0.200668
76.000000,104.436996,0.177249,0.200065
77.000000,104.436996,0.169215,0.185807
78.000000,104.436996,0.160998,0.183077
79.000000,104.436996,0.152606,0.178614
80.000000,104.436996,0.144053,0.166361
81.000000,104.436996,0.135343,0.163628
82.000000,104.436996,0.126486,0.169035
83.000000,104.436996,0.117495,0.145772
84.000000,104.436996,0.108378,0.141465
85.000000,104.436996,0.099142,0.136154
86.000000,104.436996,0.089801,0.124183
87.000000,104.436996,0.080363,0.121015
88.000000,104.436996,0.070838,0.110290
89.000000,104.436996,0.061237,0.100873
90.000000,104.436996,0.051571,0.100277
91.000000,104.436996,0.041848,0.079996
92.000000,104.436996,0.032080,0.078992
93.000000,104.436996,0.022279,0.076103
94.000000,104.436996,0.012453,0.057840
95.000000,104.436996,0.002613,0.051107
96.000000,104.436996,-0.007229,0.057654
97.000000,104.436996,-0.017063,0.025528
98.000000,104.436996,-0.026879,0.027798
99.000000,104.436996,-0.036667,0.026198
100.000000,104.436996,-0.046414,0.005509
101.000000,104.436996,-0.056111,0.003060
102.000000,104.436996,-0.065749,-0.002403
103.000000,104.436996,-0.075315,-0.024663
104.000000,104.436996,-0.084800,-0.031113
105.000000,104.436996,-0.094196,-0.029139
106.000000,104.436996,-0.103487,-0.052687
107.000000,104.436996,-0.112668,-0.051848
108.000000,104.436996,-0.121730,-0.057583
109.000000,104.436996,-0.130657,-0.075850
110.000000,104.436996,-0.139445,-0.074296
111.000000,104.436996,-0.148086,-0.093593
112.000000,104.436996,-0.156563,-0.098590
113.000000,104.436996,-0.164873,-0.101760
114.000000,104.436996,-0.173008,-0.116455
115.000000,104.436996,-0.180953,-0.120898
116.000000,104.436996,-0.188704,-0.123645
117.000000,104.436996,-0.196255,-0.145480
118.000000,104.436996,-0.203591,-0.142637
119.000000,104.436996,-0.210708,-0.137233
120.000000,104.436996,-0.217602,-0.161354
121.000000,104.436996,-0.224259,-0.163372
122.000000,104.436996,-0.230673,-0.161685
123.000000,104.436996,-0.236843,-0.183802
124.000000,104.436996,-0.242755,-0.184819
125.000000,104.436996,-0.248405,-0.185130
126.000000,104.436996,-0.253791,-0.203248
127.000000,104.436996,-0.258902,-0.205269
128.000000,104.436996,-0.263732,-0.214424
129.000000,104.436996,-0.268282,-0.217691
130.000000,104.436996,-0.272542,-0.215282
131.000000,104.436996,-0.276505,-0.231276
132.000000,104.436996,-0.280176,-0.230566
133.000000,104.436996,-0.283544,-0.227306
134.000000,104.436996,-0.286603,-0.247428
135.000000,104.436996,-0.289357,-0.248869
136.000000,104.436996,-0.291801,-0.241752
137.000000,104.436996,-0.293925,-0.261579
138.000000,104.436996,-0.295738,-0.257308
139.000000,104.436996,-0.297234,-0.249618
140.000000,104.436996,-0.298403,-0.266016
141.000000,104.436996,-0.299255,-0.267033
142.000000,104.436996,-0.299789,-0.258627
143.000000,104.436996,-0.299991,-0.273166
144.000000,104.436996,-0.299876,-0.272467
145.000000,104.436996,-0.299442,-0.262914
146.000000,104.436996,-0.298676,-0.286317
147.000000,104.436996,-0.297594,-0.274899
148.000000,104.436996,-0.296196,-0.269057
149.000000,104.436996,-0.294470,-0.278315
150.000000,104.436996,-0.292431,-0.273759
151.000000,104.436996,-0.290082,-0.277897
152.000000,104.436996,-0.287412,-0.268882
153.000000,104.436996,-0.284437,-0.265476
154.000000,104.436996,-0.281160,-0.274163
155.000000,104.436996,-0.277573,-0.269170
156.000000,104.436996,-0.273690,-0.257620
157.000000,104.436996,-0.269517,-0.264585
158.000000,104.436996,-0.265046,-0.261311
159.000000,104.436996,-0.260293,-0.247902
160.000000,104.436996,-0.255264,-0.259012
161.000000,104.436996,-0.249954,-0.249876
162.000000,104.436996,-0.244377,-0.240039
163.000000,104.436996,-0.238540,-0.245857
164.000000,104.436996,-0.232442,-0.239440
165.000000,104.436996,-0.226094,-0.228595
166.000000,104.436996,-0.219507,-0.228128
167.000000,104.436996,-0.212680,-0.221428
168.000000,104.436996,-0.205624,-0.223141
169.000000,104.436996,-0.198349,-0.219265
170.000000,104.436996,-0.190859,-0.200272
171.000000,104.436996,-0.183162,-0.206392
172.000000,104.436996,-0.175271,-0.196823
173.000000,104.436996,-0.167190,-0.180551
174.000000,104.436996,-0.158928,-0.184945
175.000000,104.436996,-0.150497,-0.172520
176.000000,104.436996,-0.141903,-0.164114
177.000000,104.436996,-0.133155,-0.169359
178.000000,104.436996,-0.124266,-0.154363
179.000000,104.436996,-0.115242,-0.138233
180.000000,104.436996,-0.106093,-0.144479
181.000000,104.436996,-0.096831,-0.131915
182.000000,104.436996,-0.087466,-0.117359
183.000000,104.436996,-0.078004,-0.122747
184.000000,104.436996,-0.068460,-0.107181
185.000000,104.436996,-0.058842,-0.098049
186.000000,104.436996,-0.049160,-0.097728
187.000000,104.436996,-0.039426,-0.082020
188.000000,104.436996,-0.029649,-0.091019
189.000000,104.436996,-0.019840,-0.069850
190.000000,104.436996,-0.010010,-0.044996
191.000000,104.436996,-0.000169,-0.056401
192.000000,104.436996,0.009672,-0.043548
193.000000,104.436996,0.019503,-0.025133
194.000000,104.436996,0.029313,-0.028807
195.000000,104.436996,0.039091,-0.015812
196.000000,104.436996,0.048827,0.001888
197.000000,104.436996,0.058511,-0.000068
198.000000,104.436996,0.068131,0.010495
199.000000,104.436996,0.077678,0.020618
200.000000,104.436996,0.087143,0.023666
201.000000,104.436996,0.096512,0.039378
202.000000,104.436996,0.105778,0.053082
203.000000,104.436996,0.114931,0.053406
204.000000,104.436996,0.123958,0.067829
205.000000,104.436996,0.132853,0.066968
206.000000,104.436996,0.141607,0.076994
207.000000,104.436996,0.150205,0.093985
208.000000,104.436996,0.158642,0.094011
209.000000,104.436996,0.166911,0.103584
210.000000,104.436996,0.174997,0.122288
211.000000,104.436996,0.182896,0.119468
212.000000,104.436996,0.190600,0.134325
213.000000,104.436996,0.198096,0.145587
214.000000,104.436996,0.205378,0.139195
215.000000,104.436996,0.212443,0.152621
216.000000,104.436996,0.219277,0.166173
217.000000,104.436996,0.225873,0.161216
218.000000,104.436996,0.232230,0.175354
219.000000,104.436996,0.238335,0.190625
220.000000,104.436996,0.244181,0.180947
221.000000,104.436996,0.249769,0.195800
222.000000,104.436996,0.255086,0.202066
223.000000,104.436996,0.260126,0.199246
224.000000,104.436996,0.264890,0.208524
225.000000,104.436996,0.269367,0.211946
226.000000,104.436996,0.273552,0.219550
227.000000,104.436996,0.277446,0.232393
228.000000,104.436996,0.281041,0.241286
229.000000,104.436996,0.284330,0.239991
230.000000,104.436996,0.287317,0.246823
231.000000,104.436996,0.289995,0.238569
232.000000,104.436996,0.292356,0.250567
233.000000,104.436996,0.294406,0.262975
234.000000,104.436996,0.296141,0.252150
235.000000,104.436996,0.297551,0.252137
236.000000,104.436996,0.298645,0.271408
237.000000,104.436996,0.299420,0.262017
238.000000,104.436996,0.299866,0.269579
239.000000,104.436996,0.299994,0.278131
240.000000,104.436996,0.299801,0.266593
241.000000,104.436996,0.299278,0.272007
242.000000,104.436996,0.298438,0.275420
243.000000,104.436996,0.297280,0.267879
244.000000,104.436996,0.295793,0.278154
245.000000,104.436996,0.293993,0.270006
246.000000,104.436996,0.291880,0.266729
247.000000,104.436996,0.289444,0.275142
248.000000,104.436996,0.286702,0.266451
249.000000,104.436996,0.283655,0.271590
250.000000,104.436996,0.280294,0.277564
251.000000,104.436996,0.276635,0.263449
252.000000,104.436996,0.272683,0.262147
253.000000,104.436996,0.268430,0.274844
254.000000,104.436996,0.263891,0.255440
255.000000,104.436996,0.259072,0.257998
256.000000,104.436996,0.253968,0.261256
257.000000,104.436996,0.248592,0.244288
258.000000,104.436996,0.242952,0.243556
259.000000,104.436996,0.237046,0.244242
260.000000,104.436996,0.230886,0.226846
261.000000,104.436996,0.224481,0.233404
262.000000,104.436996,0.217831,0.232522
263.000000,104.436996,0.210946,0.219693
264.000000,104.436996,0.203837,0.219103
265.000000,104.436996,0.196506,0.208090
266.000000,104.436996,0.188963,0.197530
267.000000,104.436996,0.181220,0.200221
268.000000,104.436996,0.173279,0.183949
269.000000,104.436996,0.165151,0.185228
270.000000,104.436996,0.156848,0.193491
271.000000,104.436996,0.148375,0.168939
272.000000,104.436996,0.139740,0.164347
273.000000,104.436996,0.130958,0.163459
274.000000,104.436996,0.122034,0.147631
275.000000,104.436996,0.112977,0.146187
276.000000,104.436996,0.103800,0.145299
277.000000,104.436996,0.094512,0.122181
278.000000,104.436996,0.085120,0.124024
279.000000,104.436996,0.075638,0.119133
280.000000,104.436996,0.066074,0.104594
281.000000,104.436996,0.056439,0.097712
282.000000,104.436996,0.046743,0.096689
283.000000,104.436996,0.036997,0.079999
284.000000,104.436996,0.027211,0.073833
285.000000,104.436996,0.017396,0.061819
286.000000,104.436996,0.007562,0.050829
287.000000,104.436996,-0.002280,0.051949
288.000000,104.436996,-0.012119,0.035389
289.000000,104.436996,-0.021946,0.030664
290.000000,104.436996,-0.031749,0.027917
291.000000,104.436996,-0.041517,0.005224
292.000000,104.436996,-0.051242,0.001921
293.000000,104.436996,-0.060910,0.004893
294.000000,104.436996,-0.070514,-0.015796
295.000000,104.436996,-0.080042,-0.026249
296.000000,104.436996,-0.089482,-0.022850
297.000000,104.436996,-0.098827,-0.049112
298.000000,104.436996,-0.108067,-0.048843
299.000000,104.436996,-0.117188,-0.044151
300.000000,104.436996,-0.126184,-0.071274
301.000000,104.436996,-0.135046,-0.075154
302.000000,104.436996,-0.143760,-0.080459
303.000000,104.436996,-0.152319,-0.097871
304.000000,104.436996,-0.160718,-0.099322
305.000000,104.436996,-0.168939,-0.115471
306.000000,104.436996,-0.176980,-0.115600
307.000000,104.436996,-0.184833,-0.119062
308.000000,104.436996,-0.192484,-0.138476
309.000000,104.436996,-0.199927,-0.142630
310.000000,104.436996,-0.207159,-0.141517
311.000000,104.436996,-0.214165,-0.158634
312.000000,104.436996,-0.220939,-0.160652
313.000000,104.436996,-0.227480,-0.163541
314.000000,104.436996,-0.233772,-0.181801
315.000000,104.436996,-0.239812,-0.179528
316.000000,104.436996,-0.245598,-0.178699
317.000000,104.436996,-0.251117,-0.197957
318.000000,104.436996,-0.256364,-0.202406
319.000000,104.436996,-0.261339,-0.195140
320.000000,104.436996,-0.266031,-0.220404
321.000000,104.436996,-0.270434,-0.218135
322.000000,104.436996,-0.274550,-0.223015
323.000000,104.436996,-0.278369,-0.248859
324.000000,104.436996,-0.281886,-0.233724
325.000000,104.436996,-0.285103,-0.241156
326.000000,104.436996,-0.288013,-0.244287
327.000000,104.436996,-0.290609,-0.240596
328.000000,104.436996,-0.292896,-0.260582
329.000000,104.436996,-0.294869,-0.258591
330.000000,104.436996,-0.296519,-0.249611
331.000000,104.436996,-0.297854,-0.266728
332.000000,104.436996,-0.298870,-0.263312
333.000000,104.436996,-0.299558,-0.255764
334.000000,104.436996,-0.299928,-0.274309
335.000000,104.436996,-0.299979,-0.271751
336.000000,104.436996,-0.299698,-0.263345
337.000000,104.436996,-0.299100,-0.281171
338.000000,104.436996,-0.298183,-0.274899
339.000000,104.436996,-0.296936,-0.266204
340.000000,104.436996,-0.295375,-0.278885
341.000000,104.436996,-0.293500,-0.271039
342.000000,104.436996,-0.291300,-0.267056
343.000000,104.436996,-0.288791,-0.278600
344.000000,104.436996,-0.285976,-0.273328
345.000000,104.436996,-0.282844,-0.275187
346.000000,104.436996,-0.279412,-0.277029
347.000000,104.436996,-0.275684,-0.261755
348.000000,104.436996,-0.271650,-0.275880
349.000000,104.436996,-0.267328,-0.262308
350.000000,104.436996,-0.262722,-0.245751
351.000000,104.436996,-0.257827,-0.259151
352.000000,104.436996,-0.252656,-0.251159
353.000000,104.436996,-0.247217,-0.239178
354.000000,104.436996,-0.241507,-0.251146
355.000000,104.436996,-0.235538,-0.242153
356.000000,104.436996,-0.229320,-0.224884
357.000000,104.436996,-0.222850,-0.233416
358.000000,104.436996,-0.216140,-0.226570
359.000000,104.436996,-0.209202,-0.212015
360.000000,104.436996,-0.202035,-0.219404
361.000000,104.436996,-0.194650,-0.209699
362.000000,104.436996,-0.187059,-0.198854
363.000000,104.436996,-0.179264,-0.203964
364.000000,104.436996,-0.171276,-0.191399
365.000000,104.436996,-0.163105,-0.187543
366.000000,104.436996,-0.154758,-0.189093
367.000000,104.436996,-0.146243,-0.169816
368.000000,104.436996,-0.137573,-0.169790
369.000000,104.436996,-0.128754,-0.157358
370.000000,104.436996,-0.119795,-0.139085
371.000000,104.436996,-0.110709,-0.148482
372.000000,104.436996,-0.101503,-0.135772
373.000000,104.436996,-0.092187,-0.119788
374.000000,104.436996,-0.082773,-0.125322
375.000000,104.436996,-0.073270,-0.112612
376.000000,104.436996,-0.063687,-0.097486
377.000000,104.436996,-0.054036,-0.099014
378.000000,104.436996,-0.044327,-0.087019
379.000000,104.436996,-0.034570,-0.077467
380.000000,104.436996,-0.024776,-0.080996
381.000000,104.436996,-0.014955,-0.063571
382.000000,104.436996,-0.005118,-0.051295
383.000000,104.436996,0.004724,-0.051974
384.000000,104.436996,0.014561,-0.036551
385.000000,104.436996,0.024383,-0.034977
386.000000,104.436996,0.034178,-0.023808
387.000000,104.436996,0.043937,-0.006101
388.000000,104.436996,0.053648,-0.004932
389.000000,104.436996,0.063302,0.005499
390.000000,104.436996,0.072888,0.021055
391.000000,104.436996,0.082394,0.017235
392.000000,104.436996,0.091812,0.027801
393.000000,104.436996,0.101133,0.049931
394.000000,104.436996,0.110342,0.050547
395.000000,104.436996,0.119434,0.058539
396.000000,104.436996,0.128399,0.074665
397.000000,104.436996,0.137223,0.049401
398.000000,104.436996,0.145900,0.086848
399.000000,104.436996,0.154422,0.103693
400.000000,104.436996,0.162774,0.099734
401.000000,104.436996,0.170953,0.108010
402.000000,104.436996,0.178950,0.127857
403.000000,104.436996,0.186751,0.120892
404.000000,104.436996,0.194351,0.132887
405.000000,104.436996,0.201745,0.141028
406.000000,104.436996,0.208919,0.149775
407.000000,104.436996,0.215868,0.160759
408.000000,104.436996,0.222588,0.159927
409.000000,104.436996,0.229065,0.168356
410.000000,104.436996,0.235295,0.183197
411.000000,104.436996,0.241275,0.177660
412.000000,104.436996,0.246993,0.189227
413.000000,104.436996,0.252444,0.207927
414.000000,104.436996,0.257627,0.199535
415.000000,104.436996,0.262531,0.206383
416.000000,104.436996,0.267149,0.218219
417.000000,104.436996,0.271485,0.214978
418.000000,104.436996,0.275527,0.227542
419.000000,104.436996,0.279269,0.235663
420.000000,104.436996,0.282715,0.233278
421.000000,104.436996,0.285856,0.242982
422.000000,104.436996,0.288685,0.248824
423.000000,104.436996,0.291207,0.245716
424.000000,104.436996,0.293417,0.251703
425.000000,104.436996,0.295306,0.251700
426.000000,104.436996,0.296881,0.260871
427.000000,104.436996,0.298138,0.265563
428.000000,104.436996,0.299068,0.256299
429.000000,104.436996,0.299681,0.263296
430.000000,104.436996,0.299974,0.273704
431.000000,104.436996,0.299936,0.265450
432.000000,104.436996,0.299580,0.285880
433.000000,104.436996,0.298905,0.279562
434.000000,104.436996,0.297900,0.265877
435.000000,104.436996,0.296578,0.271152
436.000000,104.436996,0.294942,0.279559
437.000000,104.436996,0.292979,0.268310
438.000000,104.436996,0.290706,0.268578
439.000000,104.436996,0.288124,0.281132
440.000000,104.436996,0.285223,0.270168
441.000000,104.436996,0.282019,0.267862
442.000000,104.436996,0.278517,0.269271
443.000000,104.436996,0.274706,0.262302
444.000000,104.436996,0.270603,0.260997
445.000000,104.436996,0.266213,0.256988
446.000000,104.436996,0.261529,0.248718
447.000000,104.436996,0.256567,0.257558
448.000000,104.436996,0.251332,0.244142
449.000000,104.436996,0.245821,0.243850
450.000000,104.436996,0.240047,0.248112
451.000000,104.436996,0.234018,0.234424
452.000000,104.436996,0.227733,0.235839
453.000000,104.436996,0.221203,0.235094
454.000000,104.436996,0.214439,0.222125
455.000000,104.436996,0.207440,0.218964
456.000000,104.436996,0.200218,0.223795
457.000000,104.436996,0.192783,0.216118
458.000000,104.436996,0.185139,0.199230
459.000000,104.436996,0.177294,0.201493
460.000000,104.436996,0.169262,0.181089
461.000000,104.436996,0.161046,0.182358
462.000000,104.436996,0.152655,0.174622
463.000000,104.436996,0.144102,0.164072
464.000000,104.436996,0.135393,0.164052
465.000000,104.436996,0.126537,0.149192
466.000000,104.436996,0.117547,0.146339
467.000000,104.436996,0.108430,0.145597
468.000000,104.436996,0.099195,0.132622
469.000000,104.436996,0.089855,0.125747
470.000000,104.436996,0.080417,0.122284
471.000000,104.436996,0.070892,0.106310
472.000000,104.436996,0.061292,0.099863
473.000000,104.436996,0.051626,0.103263
474.000000,104.436996,0.041904,0.084005
475.000000,104.436996,0.032137,0.077842
476.000000,104.436996,0.022335,0.075523
477.000000,104.436996,0.012509,0.057982
478.000000,104.436996,0.002670,0.053390
479.000000,104.436996,-0.007173,0.049500
480.000000,104.436996,-0.017007,0.030674
481.000000,104.436996,-0.026823,0.023650
482.000000,104.436996,-0.036611,0.026340
483.000000,104.436996,-0.046358,0.005078
484.000000,104.436996,-0.056056,0.000198
485.000000,104.436996,-0.065694,0.001337
486.000000,104.436996,-0.075260,-0.024235
487.000000,104.436996,-0.084746,-0.029264
488.000000,104.436996,-0.094142,-0.047259
489.000000,104.436996,-0.103434,-0.044831
490.000000,104.436996,-0.112616,-0.048147
491.000000,104.436996,-0.121678,-0.068412
492.000000,104.436996,-0.130607,-0.084011
493.000000,104.436996,-0.139395,-0.068743
494.000000,104.436996,-0.148037,-0.089577
495.000000,104.436996,-0.156515,-0.095883
496.000000,104.436996,-0.164826,-0.094338
497.000000,104.436996,-0.172962,-0.115024
498.000000,104.436996,-0.180908,-0.118904
499.000000,104.436996,-0.188660,-0.120361
500.000000,104.436996,-0.196212,-0.140192
501.000000,104.436996,-0.203550,-0.139923
502.000000,104.436996,-0.210668,-0.145954
503.000000,104.436996,-0.217564,-0.161069
504.000000,104.436996,-0.224221,-0.165377
505.000000,104.436996,-0.230637,-0.171105
506.000000,104.436996,-0.236808,-0.186804
507.000000,104.436996,-0.242722,-0.183255
508.000000,104.436996,-0.248373,-0.195674
509.000000,104.436996,-0.253761,-0.199252
510.000000,104.436996,-0.258873,-0.195133
511.000000,104.436996,-0.263705,-0.215541
512.000000,104.436996,-0.268257,-0.218844
513.000000,104.436996,-0.272518,-0.215729
514.000000,104.436996,-0.276484,-0.232273
515.000000,104.436996,-0.280156,-0.229857
516.000000,104.436996,-0.283525,-0.195866
517.000000,104.436996,-0.286586,-0.239993
518.000000,104.436996,-0.289343,-0.254164
519.000000,104.436996,-0.291788,-0.249187
520.000000,104.436996,-0.293914,-0.266301
521.000000,104.436996,-0.295729,-0.262603
522.000000,104.436996,-0.297226,-0.260757
523.000000,104.436996,-0.298397,-0.268448
524.000000,104.436996,-0.299252,-0.267467
525.000000,104.436996,-0.299786,-0.271748
526.000000,104.436996,-0.299991,-0.269740
527.000000,104.436996,-0.299878,-0.266904
528.000000,104.436996,-0.299445,-0.280313
529.000000,104.436996,-0.298681,-0.273603
530.000000,104.436996,-0.297601,-0.266629
531.000000,104.436996,-0.296205,-0.279312
532.000000,104.436996,-0.294480,-0.274753
533.000000,104.436996,-0.292444,-0.264915
534.000000,104.436996,-0.290097,-0.272878
535.000000,104.436996,-0.287428,-0.273610
536.000000,104.436996,-0.284455,-0.261344
537.000000,104.436996,-0.281180,-0.271022
538.000000,104.436996,-0.277594,-0.268464
539.000000,104.436996,-0.273713,-0.259197
540.000000,104.436996,-0.269542,-0.268448
541.000000,104.436996,-0.265073,-0.273043
542.000000,104.436996,-0.260321,-0.259041
543.000000,104.436996,-0.255294,-0.252577
544.000000,104.436996,-0.249985,-0.243734
545.000000,104.436996,-0.244409,-0.249297
546.000000,104.436996,-0.238574,-0.246434
547.000000,104.436996,-0.232478,-0.234307
548.000000,104.436996,-0.226132,-0.242279
549.000000,104.436996,-0.219546,-0.229566
550.000000,104.436996,-0.212720,-0.213155
551.000000,104.436996,-0.205665,-0.217684
552.000000,104.436996,-0.198392,-0.216985
553.000000,104.436996,-0.190902,-0.199716
554.000000,104.436996,-0.183207,-0.204822
555.000000,104.436996,-0.175317,-0.195687
556.000000,104.436996,-0.167237,-0.181416
557.000000,104.436996,-0.158976,-0.183660
558.000000,104.436996,-0.150546,-0.180386
559.000000,104.436996,-0.141953,-0.164826
560.000000,104.436996,-0.133205,-0.160499
561.000000,104.436996,-0.124317,-0.152080
562.000000,104.436996,-0.115294,-0.150224
563.000000,104.436996,-0.106146,-0.142196
564.000000,104.436996,-0.096885,-0.124632
565.000000,104.436996,-0.087519,-0.128758
566.000000,104.436996,-0.078058,-0.118751
567.000000,104.436996,-0.068515,-0.103911
568.000000,104.436996,-0.058897,-0.108735
569.000000,104.436996,-0.049216,-0.095306
570.000000,104.436996,-0.039482,-0.078179
571.000000,104.436996,-0.029705,-0.078421
572.000000,104.436996,-0.019896,-0.069286
573.000000,104.436996,-0.010066,-0.053730
574.000000,104.436996,-0.000225,-0.056404
575.000000,104.436996,0.009616,-0.040692
576.000000,104.436996,0.019447,-0.025136
577.000000,104.436996,0.029257,-0.032810
578.000000,104.436996,0.039035,-0.013954
579.000000,104.436996,0.048771,0.002603
580.000000,104.436996,0.058456,-0.000926
581.000000,104.436996,0.068076,0.009922
582.000000,104.436996,0.077624,0.028772
583.000000,104.436996,0.087089,0.025952
584.000000,104.436996,0.096458,0.036803
585.000000,104.436996,0.105725,0.041230
586.000000,104.436996,0.114879,0.052972
587.000000,104.436996,0.123907,0.069678
588.000000,104.436996,0.132802,0.064844
589.000000,104.436996,0.141557,0.078276
590.000000,104.436996,0.150156,0.099409
591.000000,104.436996,0.158594,0.092871
592.000000,104.436996,0.166865,0.106440
593.000000,104.436996,0.174951,0.114276
594.000000,104.436996,0.182851,0.117606
595.000000,104.436996,0.190557,0.130027
596.000000,104.436996,0.198053,0.146300
597.000000,104.436996,0.205337,0.142055
598.000000,104.436996,0.212404,0.153191
599.000000,104.436996,0.219238,0.162889
600.000000,104.436996,0.225836,0.160928
601.000000,104.436996,0.232195,0.174492
602.000000,104.436996,0.238300,0.179204
603.000000,104.436996,0.244149,0.183518
604.000000,104.436996,0.249738,0.195506
605.000000,104.436996,0.255056,0.197242
606.000000,104.436996,0.260098,0.205532
607.000000,104.436996,0.264864,0.219087
608.000000,104.436996,0.269342,0.215836
609.000000,104.436996,0.273529,0.219686
610.000000,104.436996,0.277425,0.234666
611.000000,104.436996,0.281021,0.229560
612.000000,104.436996,0.284312,0.237267
613.000000,104.436996,0.287301,0.252393
614.000000,104.436996,0.289980,0.242571
615.000000,104.436996,0.292343,0.252134
616.000000,104.436996,0.294396,0.262256
617.000000,104.436996,0.296132,0.254440
618.000000,104.436996,0.297544,0.261716
619.000000,104.436996,0.298640,0.264837
620.000000,104.436996,0.299417,0.265447
621.000000,104.436996,0.299864,0.267859
622.000000,104.436996,0.299994,0.268141
623.000000,104.436996,0.299803,0.268449
624.000000,104.436996,0.299282,0.276146
625.000000,104.436996,0.298443,0.268160
626.000000,104.436996,0.297287,0.273160
627.000000,104.436996,0.295802,0.267697
628.000000,104.436996,0.294004,0.268025
629.000000,104.436996,0.291893,0.276305
630.000000,104.436996,0.289459,0.278419
631.000000,104.436996,0.286718,0.272600
632.000000,104.436996,0.283673,0.271298
633.000000,104.436996,0.280314,0.278415
634.000000,104.436996,0.276657,0.263734
635.000000,104.436996,0.272707,0.263860
636.000000,104.436996,0.268455,0.263118
637.000000,104.436996,0.263918,0.255583
638.000000,104.436996,0.259100,0.259141
639.000000,104.436996,0.253997,0.257545
640.000000,104.436996,0.248623,0.246004
641.000000,104.436996,0.242986,0.244841
642.000000,104.436996,0.237081,0.244391
643.000000,104.436996,0.230922,0.237565
644.000000,104.436996,0.224519,0.234828
645.000000,104.436996,0.217869,0.220969
646.000000,104.436996,0.210986,0.217973
647.000000,104.436996,0.203879,0.221953
648.000000,104.436996,0.196548,0.204826
649.000000,104.436996,0.189007,0.207387
650.000000,104.436996,0.181265,0.206499
651.000000,104.436996,0.173325,0.187815
652.000000,104.436996,0.165198,0.182653
653.000000,104.436996,0.156896,0.187196
654.000000,104.436996,0.148424,0.165792
655.000000,104.436996,0.139790,0.167349
656.000000,104.436996,0.131009,0.164032
657.000000,104.436996,0.122085,0.146057
658.000000,104.436996,0.113029,0.146614
659.000000,104.436996,0.103853,0.146584
660.000000,104.436996,0.094565,0.126469
661.000000,104.436996,0.085174,0.122307
662.000000,104.436996,0.075692,0.123567
663.000000,104.436996,0.066129,0.102735
664.000000,104.436996,0.056494,0.096854
665.000000,104.436996,0.046799,0.080818
666.000000,104.436996,0.037053,0.077143
667.000000,104.436996,0.027267,0.075980
668.000000,104.436996,0.017452,0.071958
669.000000,104.436996,0.007619,0.057551
670.000000,104.436996,-0.002224,0.054815
671.000000,104.436996,-0.012063,0.074967
672.000000,104.436996,-0.021890,0.028238
673.000000,104.436996,-0.031693,0.020064
674.000000,104.436996,-0.041462,-0.009219
675.000000,104.436996,-0.051187,-0.007224
676.000000,104.436996,-0.060855,-0.000962
677.000000,104.436996,-0.070459,-0.019941
678.000000,104.436996,-0.079988,-0.004796
679.000000,104.436996,-0.089429,-0.021846
680.000000,104.436996,-0.098774,-0.046822
681.000000,104.436996,-0.108015,-0.055417
682.000000,104.436996,-0.117136,-0.052159
683.000000,104.436996,-0.126133,-0.072418
684.000000,104.436996,-0.134996,-0.078726
685.000000,104.436996,-0.143710,-0.079611
686.000000,104.436996,-0.152271,-0.097294
687.000000,104.436996,-0.160670,-0.098169
688.000000,104.436996,-0.168893,-0.100488
689.000000,104.436996,-0.176934,-0.121747
690.000000,104.436996,-0.184789,-0.123337
691.000000,104.436996,-0.192440,-0.123506
692.000000,104.436996,-0.199885,-0.137902
693.000000,104.436996,-0.207119,-0.148790
694.000000,104.436996,-0.214125,-0.151805
695.000000,104.436996,-0.220901,-0.164502
696.000000,104.436996,-0.227443,-0.161805
697.000000,104.436996,-0.233737,-0.182238
698.000000,104.436996,-0.239778,-0.184378
699.000000,104.436996,-0.245566,-0.185694
700.000000,104.436996,-0.251086,-0.200100
701.000000,104.436996,-0.256335,-0.203543
702.000000,104.436996,-0.261311,-0.205289
703.000000,104.436996,-0.266005,-0.218542
704.000000,104.436996,-0.270409,-0.220703
705.000000,104.436996,-0.274527,-0.217015
706.000000,104.436996,-0.278348,-0.233989
707.000000,104.436996,-0.281866,-0.237435
708.000000,104.436996,-0.285086,-0.230888
709.000000,104.436996,-0.287997,-0.240994
710.000000,104.436996,-0.290595,-0.247014
711.000000,104.436996,-0.292884,-0.243757
712.000000,104.436996,-0.294858,-0.262583
713.000000,104.436996,-0.296510,-0.260456
714.000000,104.436996,-0.297847,-0.255337
715.000000,104.436996,-0.298865,-0.266447
716.000000,104.436996,-0.299555,-0.267321
717.000000,104.436996,-0.299927,-0.265479
718.000000,104.436996,-0.299979,-0.273312
719.000000,104.436996,-0.299700,-0.267613
720.000000,104.436996,-0.299104,-0.279892
721.000000,104.436996,-0.298189,-0.276175
722.000000,104.436996,-0.296944,-0.266910
723.000000,104.436996,-0.295385,-0.278597
724.000000,104.436996,-0.293512,-0.274607
725.000000,104.436996,-0.291314,-0.266917
726.000000,104.436996,-0.288807,-0.278027
727.000000,104.436996,-0.285994,-0.271178
728.000000,104.436996,-0.282863,-0.260771
729.000000,104.436996,-0.279433,-0.273166
730.000000,104.436996,-0.275706,-0.267606
731.000000,104.436996,-0.271674,-0.260055
732.000000,104.436996,-0.267354,-0.266589
733.000000,104.436996,-0.262749,-0.255884
734.000000,104.436996,-0.257855,-0.254608
735.000000,104.436996,-0.252687,-0.260870
736.000000,104.436996,-0.247249,-0.243591
737.000000,104.436996,-0.241540,-0.247581
738.000000,104.436996,-0.235573,-0.240142
739.000000,104.436996,-0.229356,-0.228446
740.000000,104.436996,-0.222887,-0.235560
741.000000,104.436996,-0.216179,-0.226706
742.000000,104.436996,-0.209242,-0.213297
743.000000,104.436996,-0.202076,-0.219974
744.000000,104.436996,-0.194693,-0.209122
745.000000,104.436996,-0.187103,-0.190425
746.000000,104.436996,-0.179309,-0.202247
747.000000,104.436996,-0.171322,-0.192967
748.000000,104.436996,-0.163153,-0.179700
749.000000,104.436996,-0.154806,-0.186943
750.000000,104.436996,-0.146292,-0.172089
751.000000,104.436996,-0.137623,-0.155536
752.000000,104.436996,-0.128805,-0.162351
753.000000,104.436996,-0.119846,-0.149787
754.000000,104.436996,-0.110761,-0.134947
755.000000,104.436996,-0.101556,-0.141478
756.000000,104.436996,-0.092241,-0.131342
757.000000,104.436996,-0.082827,-0.112353
758.000000,104.436996,-0.073324,-0.117313
759.000000,104.436996,-0.063742,-0.102463
760.000000,104.436996,-0.054091,-0.092042
761.000000,104.436996,-0.044383,-0.091009
762.000000,104.436996,-0.034626,-0.076016
763.000000,104.436996,-0.024832,-0.079289
764.000000,104.436996,-0.015012,-0.067421
765.000000,104.436996,-0.005175,-0.048717
766.000000,104.436996,0.004668,-0.062551
767.000000,104.436996,0.014505,-0.036680
768.000000,104.436996,0.024327,-0.021700
769.000000,104.436996,0.034122,-0.022230
770.000000,104.436996,0.043882,-0.010664
771.000000,104.436996,0.053593,0.008322
772.000000,104.436996,0.063247,0.002219
773.000000,104.436996,0.072834,0.012212
774.000000,104.436996,0.082340,0.029054
775.000000,104.436996,0.091759,0.025525
776.000000,104.436996,0.101080,0.043238
777.000000,104.436996,0.110290,0.055796
778.000000,104.436996,0.119382,0.053121
779.000000,104.436996,0.128348,0.067972
780.000000,104.436996,0.137172,0.071107
781.000000,104.436996,0.145850,0.082143
782.000000,104.436996,0.154374,0.098849
783.000000,104.436996,0.162727,0.098869
784.000000,104.436996,0.170906,0.109306
785.000000,104.436996,0.178905,0.125578
786.000000,104.436996,0.186706,0.119895
787.000000,104.436996,0.194308,0.132466
788.000000,104.436996,0.201704,0.148735
789.000000,104.436996,0.208878,0.146345
790.000000,104.436996,0.215828,0.158628
791.000000,104.436996,0.222550,0.172037
792.000000,104.436996,0.229028,0.164360
793.000000,104.436996,0.235260,0.178356
794.000000,104.436996,0.241242,0.192912
795.000000,104.436996,0.246961,0.185950
796.000000,104.436996,0.252413,0.196370
797.000000,104.436996,0.257598,0.205214
798.000000,104.436996,0.262503,0.197676
799.000000,104.436996,0.267124,0.217529
800.000000,104.436996,0.271461,0.221671
801.000000,104.436996,0.275504,0.225412
802.000000,104.436996,0.279248,0.236111
803.000000,104.436996,0.282696,0.232274
804.000000,104.436996,0.285838,0.236989
805.000000,104.436996,0.288669,0.249112
806.000000,104.436996,0.291194,0.243287
807.000000,104.436996,0.293405,0.253141
808.000000,104.436996,0.295296,0.263834
809.000000,104.436996,0.296873,0.255156
810.000000,104.436996,0.298132,0.262147
811.000000,104.436996,0.299064,0.264834
812.000000,104.436996,0.299679,0.261875
813.000000,104.436996,0.299972,0.269009
814.000000,104.436996,0.299937,0.278558
815.000000,104.436996,0.299583,0.270738
816.000000,104.436996,0.298909,0.271580
817.000000,104.436996,0.297906,0.284138
818.000000,104.436996,0.296587,0.286612
819.000000,104.436996,0.294952,0.273435
820.000000,104.436996,0.292991,0.266994
821.000000,104.436996,0.290720,0.265732
822.000000,104.436996,0.288140,0.263992
823.000000,104.436996,0.285241,0.260295
824.000000,104.436996,0.282039,0.270732
825.000000,104.436996,0.278538,0.272276
826.000000,104.436996,0.274728,0.261017
827.000000,104.436996,0.270627,0.264436
828.000000,104.436996,0.266239,0.268837
829.000000,104.436996,0.261557,0.254155
830.000000,104.436996,0.256596,0.254997
831.000000,104.436996,0.251363,0.258257
832.000000,104.436996,0.245853,0.239573
833.000000,104.436996,0.240080,0.241558
834.000000,104.436996,0.234053,0.247674
835.000000,104.436996,0.227769,0.230706
836.000000,104.436996,0.221241,0.230117
837.000000,104.436996,0.214478,0.233089
838.000000,104.436996,0.207480,0.214262
839.000000,104.436996,0.200260,0.213673
840.000000,104.436996,0.192827,0.214790
841.000000,104.436996,0.185183,0.197102
842.000000,104.436996,0.177340,0.184644
843.000000,104.436996,0.169309,0.191351
844.000000,104.436996,0.161093,0.178657
845.000000,104.436996,0.152703,0.178207
846.000000,104.436996,0.144152,0.167925
847.000000,104.436996,0.135443,0.165212
848.000000,104.436996,0.126589,0.167472
849.000000,104.436996,0.117599,0.146776
850.000000,104.436996,0.108483,0.138897
851.000000,104.436996,0.099248,0.138152
852.000000,104.436996,0.089909,0.120465
853.000000,104.436996,0.080472,0.124169
854.000000,104.436996,0.070947,0.119991
855.000000,104.436996,0.061348,0.104594
856.000000,104.436996,0.051682,0.094568
857.000000,104.436996,0.041959,0.092395
858.000000,104.436996,0.032193,0.071994
859.000000,104.436996,0.022391,0.070547
860.000000,104.436996,0.012565,0.063950
861.000000,104.436996,0.002726,0.047114
862.000000,104.436996,-0.007116,0.046237
863.000000,104.436996,-0.016951,0.030654
864.000000,104.436996,-0.026767,0.022519
865.000000,104.436996,-0.036555,0.023921
866.000000,104.436996,-0.046302,-0.005644
867.000000,104.436996,-0.056000,-0.003938
868.000000,104.436996,-0.065639,0.000178
869.000000,104.436996,-0.075206,-0.023659
870.000000,104.436996,-0.084692,-0.026677
871.000000,104.436996,-0.094089,-0.027422
872.000000,104.436996,-0.103381,-0.049827
873.000000,104.436996,-0.112564,-0.054701
874.000000,104.436996,-0.121627,-0.052733
875.000000,104.436996,-0.130556,-0.072275
876.000000,104.436996,-0.139346,-0.081443
877.000000,104.436996,-0.147988,-0.082616
878.000000,104.436996,-0.156467,-0.083146
879.000000,104.436996,-0.164779,-0.105180
880.000000,104.436996,-0.172916,-0.114202
881.000000,104.436996,-0.180863,-0.126896
882.000000,104.436996,-0.188616,-0.133350
883.000000,104.436996,-0.196170,-0.141063
884.000000,104.436996,-0.203508,-0.147773
885.000000,104.436996,-0.210628,-0.143797
886.000000,104.436996,-0.217525,-0.162925
887.000000,104.436996,-0.224184,-0.163077
888.000000,104.436996,-0.230601,-0.162679
889.000000,104.436996,-0.236774,-0.186088
890.000000,104.436996,-0.242689,-0.187390
891.000000,104.436996,-0.248342,-0.184560
892.000000,104.436996,-0.253731,-0.201817
893.000000,104.436996,-0.258844,-0.208695
894.000000,104.436996,-0.263678,-0.204865
895.000000,104.436996,-0.268232,-0.219261
896.000000,104.436996,-0.272494,-0.220994
897.000000,104.436996,-0.276462,-0.219877
898.000000,104.436996,-0.280136,-0.237707
899.000000,104.436996,-0.283507,-0.238296
900.000000,104.436996,-0.286569,-0.238167
901.000000,104.436996,-0.289328,-0.244569
902.000000,104.436996,-0.291774,-0.249452
903.000000,104.436996,-0.293903,-0.259740
904.000000,104.436996,-0.295719,-0.256298
905.000000,104.436996,-0.297218,-0.254896
906.000000,104.436996,-0.298391,-0.268160
907.000000,104.436996,-0.299248,-0.268169
908.000000,104.436996,-0.299784,-0.259621
909.000000,104.436996,-0.299991,-0.272878
910.000000,104.436996,-0.299880,-0.270320
911.000000,104.436996,-0.299448,-0.262914
912.000000,104.436996,-0.298687,-0.277169
913.000000,104.436996,-0.297609,-0.279471
914.000000,104.436996,-0.296213,-0.267205
915.000000,104.436996,-0.294491,-0.279455
916.000000,104.436996,-0.292456,-0.274041
917.000000,104.436996,-0.290111,-0.263630
918.000000,104.436996,-0.287444,-0.276741
919.000000,104.436996,-0.284473,-0.268322
920.000000,104.436996,-0.281200,-0.281207
921.000000,104.436996,-0.277615,-0.273739
922.000000,104.436996,-0.273736,-0.261463
923.000000,104.436996,-0.269567,-0.261460
924.000000,104.436996,-0.265099,-0.266023
925.000000,104.436996,-0.260349,-0.251175
926.000000,104.436996,-0.255324,-0.262441
927.000000,104.436996,-0.250016,-0.249724
928.000000,104.436996,-0.244442,-0.234310
929.000000,104.436996,-0.238609,-0.241421
930.000000,104.436996,-0.232513,-0.240149
931.000000,104.436996,-0.226169,-0.226739
932.000000,104.436996,-0.219584,-0.232273
933.000000,104.436996,-0.212759,-0.224423
934.000000,104.436996,-0.205706,-0.209155
935.000000,104.436996,-0.198434,-0.219404
936.000000,104.436996,-0.190946,-0.207983
937.000000,104.436996,-0.183252,-0.192711
938.000000,104.436996,-0.175363,-0.200816
939.000000,104.436996,-0.167284,-0.188252
940.000000,104.436996,-0.159023,-0.175979
941.000000,104.436996,-0.150595,-0.182228
942.000000,104.436996,-0.142002,-0.172812
943.000000,104.436996,-0.133256,-0.160665
944.000000,104.436996,-0.124368,-0.154635
945.000000,104.436996,-0.115346,-0.159667
946.000000,104.436996,-0.106198,-0.144632
947.000000,104.436996,-0.096938,-0.131905
948.000000,104.436996,-0.087573,-0.117777
949.000000,104.436996,-0.078113,-0.120458
950.000000,104.436996,-0.068570,-0.106459
951.000000,104.436996,-0.058953,-0.089617
952.000000,104.436996,-0.049271,-0.097867
953.000000,104.436996,-0.039537,-0.084299
954.000000,104.436996,-0.029761,-0.070174
955.000000,104.436996,-0.019952,-0.072275
956.000000,104.436996,-0.010123,-0.058279
0.000000,109.070999,0.001758,-0.044294
1.000000,109.070999,0.012034,-0.046822
2.000000,109.070999,0.022297,-0.033400
3.000000,109.070999,0.032533,-0.014126
4.000000,109.070999,0.042730,-0.019944
5.000000,109.070999,0.052878,-0.003374
6.000000,109.070999,0.062964,0.011327
7.000000,109.070999,0.072976,0.007653
8.000000,109.070999,0.082902,0.022503
9.000000,109.070999,0.092730,0.033785
10.000000,109.070999,0.102450,0.039964
11.000000,109.070999,0.112050,0.052240
12.000000,109.070999,0.121519,0.053397
13.000000,109.070999,0.130843,0.068843
14.000000,109.070999,0.140014,0.084257
15.000000,109.070999,0.149021,0.080718
16.000000,109.070999,0.157855,0.094005
17.000000,109.070999,0.166503,0.106556
18.000000,109.070999,0.174953,0.107454
19.000000,109.070999,0.183198,0.121453
20.000000,109.070999,0.191230,0.134149
21.000000,109.070999,0.199038,0.132618
22.000000,109.070999,0.206611,0.148903
23.000000,109.070999,0.213940,0.161455
24.000000,109.070999,0.221018,0.160500
25.000000,109.070999,0.227839,0.168061
26.000000,109.070999,0.234393,0.179473
27.000000,109.070999,0.240670,0.178372
28.000000,109.070999,0.246662,0.190221
29.000000,109.070999,0.252367,0.196500
30.000000,109.070999,0.257776,0.197530
31.000000,109.070999,0.262885,0.211522
32.000000,109.070999,0.267680,0.208530
33.000000,109.070999,0.272162,0.215829
34.000000,109.070999,0.276325,0.230243
35.000000,109.070999,0.280166,0.225273
36.000000,109.070999,0.283679,0.236558
37.000000,109.070999,0.286853,0.264698
38.000000,109.070999,0.289692,0.240713
39.000000,109.070999,0.292192,0.246703
40.000000,109.070999,0.294352,0.254109
41.000000,109.070999,0.296165,0.251007
42.000000,109.070999,0.297626,0.268150
43.000000,109.070999,0.298739,0.271265
44.000000,109.070999,0.299504,0.261587
45.000000,109.070999,0.299918,0.268578
46.000000,109.070999,0.299979,0.275414
47.000000,109.070999,0.299684,0.268737
48.000000,109.070999,0.299039,0.273439
49.000000,109.070999,0.298045,0.265411
50.000000,109.070999,0.296703,0.268164
51.000000,109.070999,0.295009,0.278154
52.000000,109.070999,0.292967,0.269009
53.000000,109.070999,0.290583,0.275022
54.000000,109.070999,0.287859,0.279429
55.000000,109.070999,0.284800,0.274747
56.000000,109.070999,0.281401,0.269874
57.000000,109.070999,0.277671,0.270556
58.000000,109.070999,0.273618,0.255013
59.000000,109.070999,0.269244,0.264006
60.000000,109.070999,0.264557,0.269267
61.000000,109.070999,0.259553,0.253293
62.000000,109.070999,0.254245,0.257853
63.000000,109.070999,0.248640,0.259254
64.000000,109.070999,0.242746,0.240855
65.000000,109.070999,0.236566,0.242840
66.000000,109.070999,0.230104,0.239242
67.000000,109.070999,0.223374,0.227844
68.000000,109.070999,0.216383,0.226966
69.000000,109.070999,0.209139,0.216668
70.000000,109.070999,0.201648,0.214686
71.000000,109.070999,0.193919,0.217380
72.000000,109.070999,0.185962,0.200389
73.000000,109.070999,0.177789,0.201099
74.000000,109.070999,0.169408,0.200068
75.000000,109.070999,0.160826,0.180374
76.000000,109.070999,0.152054,0.176358
77.000000,109.070999,0.143105,0.179330
78.000000,109.070999,0.133989,0.159357
79.000000,109.070999,0.124716,0.154765
80.000000,109.070999,0.115295,0.161601
81.000000,109.070999,0.105738,0.137482
82.000000,109.070999,0.096058,0.133606
83.000000,109.070999,0.086266,0.134004
84.000000,109.070999,0.076372,0.116174
85.000000,109.070999,0.066388,0.109581
86.000000,109.070999,0.056326,0.107411
87.000000,109.070999,0.046198,0.088293
88.000000,109.070999,0.036016,0.081268
89.000000,109.070999,0.025792,0.078402
90.000000,109.070999,0.015537,0.063270
91.000000,109.070999,0.005264,0.063963
92.000000,109.070999,-0.005015,0.038960
93.000000,109.070999,-0.015288,0.035955
94.000000,109.070999,-0.025544,0.074092
95.000000,109.070999,-0.035769,0.016946
96.000000,109.070999,-0.045952,-0.001078
97.000000,109.070999,-0.056081,0.003037
98.000000,109.070999,-0.066145,-0.020368
99.000000,109.070999,-0.076131,-0.022101
100.000000,109.070999,-0.086027,-0.025275
101.000000,109.070999,-0.095822,-0.043247
102.000000,109.070999,-0.105505,-0.045553
103.000000,109.070999,-0.115066,-0.046726
104.000000,109.070999,-0.124489,-0.065125
105.000000,109.070999,-0.133766,-0.068431
106.000000,109.070999,-0.142886,-0.070747
107.000000,109.070999,-0.151840,-0.093865
108.000000,109.070999,-0.160617,-0.103033
109.000000,109.070999,-0.169202,-0.101628
110.000000,109.070999,-0.177588,-0.118460
111.000000,109.070999,-0.185767,-0.120050
112.000000,109.070999,-0.193729,-0.131637
113.000000,109.070999,-0.201465,-0.141911
114.000000,109.070999,-0.208959,-0.143508
115.000000,109.070999,-0.216210,-0.160354
116.000000,109.070999,-0.223208,-0.163077
117.000000,109.070999,-0.229945,-0.161964
118.000000,109.070999,-0.236413,-0.182798
119.000000,109.070999,-0.242599,-0.183958
120.000000,109.070999,-0.248501,-0.182271
121.000000,109.070999,-0.254113,-0.195670
122.000000,109.070999,-0.259429,-0.203977
123.000000,109.070999,-0.264438,-0.202005
124.000000,109.070999,-0.269134,-0.219546
125.000000,109.070999,-0.273516,-0.220994
126.000000,109.070999,-0.277578,-0.218019
127.000000,109.070999,-0.281316,-0.237134
128.000000,109.070999,-0.284720,-0.235294
129.000000,109.070999,-0.287789,-0.236593
130.000000,109.070999,-0.290521,-0.247574
131.000000,109.070999,-0.292914,-0.250884
132.000000,109.070999,-0.294965,-0.257733
133.000000,109.070999,-0.296665,-0.260446
134.000000,109.070999,-0.298016,-0.258186
135.000000,109.070999,-0.299019,-0.267586
136.000000,109.070999,-0.299673,-0.267315
137.000000,109.070999,-0.299978,-0.260910
138.000000,109.070999,-0.299923,-0.274452
139.000000,109.070999,-0.299517,-0.272752
140.000000,109.070999,-0.298762,-0.264631
141.000000,109.070999,-0.297658,-0.277596
142.000000,109.070999,-0.296205,-0.272894
143.000000,109.070999,-0.294398,-0.269491
144.000000,109.070999,-0.292248,-0.279455
145.000000,109.070999,-0.289756,-0.273040
146.000000,109.070999,-0.286926,-0.267775
147.000000,109.070999,-0.283758,-0.275740
148.000000,109.070999,-0.280253,-0.265608
149.000000,109.070999,-0.276421,-0.267616
150.000000,109.070999,-0.272266,-0.277460
151.000000,109.070999,-0.267793,-0.259608
152.000000,109.070999,-0.263003,-0.264876
153.000000,109.070999,-0.257902,-0.258160
154.000000,109.070999,-0.252500,-0.247179
155.000000,109.070999,-0.246803,-0.253574
156.000000,109.070999,-0.240818,-0.243439
157.000000,109.070999,-0.234546,-0.226309
158.000000,109.070999,-0.227998,-0.239135
159.000000,109.070999,-0.221185,-0.233147
160.000000,109.070999,-0.214113,-0.219450
161.000000,109.070999,-0.206791,-0.227412
162.000000,109.070999,-0.199221,-0.213559
163.000000,109.070999,-0.191419,-0.198284
164.000000,109.070999,-0.183393,-0.208821
165.000000,109.070999,-0.175153,-0.194259
166.000000,109.070999,-0.166708,-0.183832
167.000000,109.070999,-0.158063,-0.183517
168.000000,109.070999,-0.149234,-0.175532
169.000000,109.070999,-0.140231,-0.175088
170.000000,109.070999,-0.131064,-0.164220
171.000000,109.070999,-0.121743,-0.147518
172.000000,109.070999,-0.112277,-0.149055
173.000000,109.070999,-0.102680,-0.138200
174.000000,109.070999,-0.092963,-0.119500
175.000000,109.070999,-0.083138,-0.131610
176.000000,109.070999,-0.073214,-0.119474
177.000000,109.070999,-0.063203,-0.100627
178.000000,109.070999,-0.053119,-0.101015
179.000000,109.070999,-0.042973,-0.090879
180.000000,109.070999,-0.032776,-0.074180
181.000000,109.070999,-0.022541,-0.076566
182.000000,109.070999,-0.012279,-0.063856
183.000000,109.070999,-0.002003,-0.049439
184.000000,109.070999,0.008276,-0.051259
185.000000,109.070999,0.018545,-0.033264
186.000000,109.070999,0.028792,-0.030398
187.000000,109.070999,0.039005,-0.020663
188.000000,109.070999,0.049172,-0.010537
189.000000,109.070999,0.059282,-0.004070
190.000000,109.070999,0.069323,0.013219
191.000000,109.070999,0.079281,0.027487
192.000000,109.070999,0.089146,0.021807
193.000000,109.070999,0.098907,0.038951
194.000000,109.070999,0.108553,0.054934
195.000000,109.070999,0.118071,0.049404
196.000000,109.070999,0.127449,0.066259
197.000000,109.070999,0.136677,0.087677
198.000000,109.070999,0.145746,0.081431
199.000000,109.070999,0.154645,0.093140
200.000000,109.070999,0.163362,0.106125
201.000000,109.070999,0.171885,0.108312
202.000000,109.070999,0.180206,0.117301
203.000000,109.070999,0.188318,0.121436
204.000000,109.070999,0.196209,0.126754
205.000000,109.070999,0.203869,0.144318
206.000000,109.070999,0.211287,0.143195
207.000000,109.070999,0.218458,0.155775
208.000000,109.070999,0.225375,0.166613
209.000000,109.070999,0.232028,0.165506
210.000000,109.070999,0.238406,0.174075
211.000000,109.070999,0.244502,0.193488
212.000000,109.070999,0.250314,0.192384
213.000000,109.070999,0.255833,0.198375
214.000000,109.070999,0.261053,0.214359
215.000000,109.070999,0.265961,0.209829
216.000000,109.070999,0.270558,0.217533
217.000000,109.070999,0.274839,0.231803
218.000000,109.070999,0.278800,0.227844
219.000000,109.070999,0.282433,0.235262
220.000000,109.070999,0.285729,0.243248
221.000000,109.070999,0.288692,0.237853
222.000000,109.070999,0.291317,0.248128
223.000000,109.070999,0.293603,0.243976
224.000000,109.070999,0.295543,0.255437
225.000000,109.070999,0.297131,0.265994
226.000000,109.070999,0.298372,0.257581
227.000000,109.070999,0.299265,0.258293
228.000000,109.070999,0.299809,0.270417
229.000000,109.070999,0.299998,0.263449
230.000000,109.070999,0.299832,0.268300
231.000000,109.070999,0.299316,0.279419
232.000000,109.070999,0.298450,0.270599
233.000000,109.070999,0.297236,0.274585
234.000000,109.070999,0.295669,0.285281
235.000000,109.070999,0.293753,0.269880
236.000000,109.070999,0.291494,0.273581
237.000000,109.070999,0.288896,0.277700
238.000000,109.070999,0.285959,0.267021
239.000000,109.070999,0.282682,0.271865
240.000000,109.070999,0.279073,0.275129
241.000000,109.070999,0.275138,0.260447
242.000000,109.070999,0.270882,0.265715
243.000000,109.070999,0.266309,0.254834
244.000000,109.070999,0.261418,0.252293
245.000000,109.070999,0.256221,0.265000
246.000000,109.070999,0.250725,0.248565
247.000000,109.070999,0.244936,0.242565
248.000000,109.070999,0.238860,0.247257
249.000000,109.070999,0.232499,0.231992
250.000000,109.070999,0.225866,0.234984
251.000000,109.070999,0.218970,0.236956
252.000000,109.070999,0.211818,0.216837
253.000000,109.070999,0.204416,0.217251
254.000000,109.070999,0.196772,0.198494
255.000000,109.070999,0.188898,0.203537
256.000000,109.070999,0.180804,0.205237
257.000000,109.070999,0.172498,0.203633
258.000000,109.070999,0.163988,0.183090
259.000000,109.070999,0.155284,0.181500
260.000000,109.070999,0.146399,0.182189
261.000000,109.070999,0.137343,0.162071
262.000000,109.070999,0.128126,0.158764
263.000000,109.070999,0.118757,0.151462
264.000000,109.070999,0.109249,0.139050
265.000000,109.070999,0.099613,0.135455
266.000000,109.070999,0.089860,0.123175
267.000000,109.070999,0.080003,0.125034
268.000000,109.070999,0.070049,0.119286
269.000000,109.070999,0.060015,0.097017
270.000000,109.070999,0.049910,0.093859
271.000000,109.070999,0.039746,0.095115
272.000000,109.070999,0.029536,0.071424
273.000000,109.070999,0.019291,0.067690
274.000000,109.070999,0.009023,0.067661
275.000000,109.070999,-0.001255,0.046545
276.000000,109.070999,-0.011532,0.044957
277.000000,109.070999,-0.021795,0.036061
278.000000,109.070999,-0.032033,0.016373
279.000000,109.070999,-0.042232,0.012782
280.000000,109.070999,-0.052383,0.013325
281.000000,109.070999,-0.062472,-0.009935
282.000000,109.070999,-0.072488,-0.013957
283.000000,109.070999,-0.082418,-0.019553
284.000000,109.070999,-0.092251,-0.035958
285.000000,109.070999,-0.101977,-0.040553
286.000000,109.070999,-0.111584,-0.056570
287.000000,109.070999,-0.121058,-0.204815
288.000000,109.070999,-0.130390,-0.064296
289.000000,109.070999,-0.139569,-0.054260
290.000000,109.070999,-0.148585,-0.059274
291.000000,109.070999,-0.157428,-0.067881
292.000000,109.070999,-0.166083,-0.095008
293.000000,109.070999,-0.174543,-0.101886
294.000000,109.070999,-0.182800,-0.102489
295.000000,109.070999,-0.190843,-0.127181
296.000000,109.070999,-0.198663,-0.138920
297.000000,109.070999,-0.206245,-0.133946
298.000000,109.070999,-0.213586,-0.156348
299.000000,109.070999,-0.220678,-0.157796
300.000000,109.070999,-0.227513,-0.157252
301.000000,109.070999,-0.234079,-0.176937
302.000000,109.070999,-0.240367,-0.177957
303.000000,109.070999,-0.246375,-0.182556
304.000000,109.070999,-0.252095,-0.194812
305.000000,109.070999,-0.257520,-0.196833
306.000000,109.070999,-0.262642,-0.209991
307.000000,109.070999,-0.267452,-0.216690
308.000000,109.070999,-0.271950,-0.220146
309.000000,109.070999,-0.276130,-0.232130
310.000000,109.070999,-0.279988,-0.233853
311.000000,109.070999,-0.283513,-0.229880
312.000000,109.070999,-0.286704,-0.243280
313.000000,109.070999,-0.289561,-0.241580
314.000000,109.070999,-0.292079,-0.241610
315.000000,109.070999,-0.294257,-0.263441
316.000000,109.070999,-0.296083,-0.253876
317.000000,109.070999,-0.297562,-0.251192
318.000000,109.070999,-0.298693,-0.265300
319.000000,109.070999,-0.299476,-0.268749
320.000000,109.070999,-0.299909,-0.260197
321.000000,109.070999,-0.299982,-0.274167
322.000000,109.070999,-0.299706,-0.269896
323.000000,109.070999,-0.299079,-0.270055
324.000000,109.070999,-0.298103,-0.278315
325.000000,109.070999,-0.296777,-0.273617
326.000000,109.070999,-0.295098,-0.280044
327.000000,109.070999,-0.293074,-0.277745
328.000000,109.070999,-0.290708,-0.268620
329.000000,109.070999,-0.288002,-0.279597
330.000000,109.070999,-0.284956,-0.272888
331.000000,109.070999,-0.281572,-0.262338
332.000000,109.070999,-0.277860,-0.271019
333.000000,109.070999,-0.273823,-0.266745
334.000000,109.070999,-0.269467,-0.256195
335.000000,109.070999,-0.264791,-0.265158
336.000000,109.070999,-0.259802,-0.326806
337.000000,109.070999,-0.254510,-0.246331
338.000000,109.070999,-0.248921,-0.242849
339.000000,109.070999,-0.243041,-0.231000
340.000000,109.070999,-0.236872,-0.221305
341.000000,109.070999,-0.230424,-0.235417
342.000000,109.070999,-0.223708,-0.228287
343.000000,109.070999,-0.216730,-0.219016
344.000000,109.070999,-0.209499,-0.228555
345.000000,109.070999,-0.202017,-0.215706
346.000000,109.070999,-0.194299,-0.210279
347.000000,109.070999,-0.186354,-0.211975
348.000000,109.070999,-0.178192,-0.191263
349.000000,109.070999,-0.169821,-0.199673
350.000000,109.070999,-0.161247,-0.184667
351.000000,109.070999,-0.152485,-0.171685
352.000000,109.070999,-0.143544,-0.174647
353.000000,109.070999,-0.134436,-0.161652
354.000000,109.070999,-0.125170,-0.148955
355.000000,109.070999,-0.115755,-0.153346
356.000000,109.070999,-0.106205,-0.141351
357.000000,109.070999,-0.096531,-0.124652
358.000000,109.070999,-0.086744,-0.133184
359.000000,109.070999,-0.076854,-0.115044
360.000000,109.070999,-0.066874,-0.099772
361.000000,109.070999,-0.056816,-0.110594
362.000000,109.070999,-0.046691,-0.092311
363.000000,109.070999,-0.036511,-0.083322
364.000000,109.070999,-0.026288,-0.077424
365.000000,109.070999,-0.016035,-0.067862
366.000000,109.070999,-0.005762,-0.061427
367.000000,109.070999,0.004517,-0.051832
368.000000,109.070999,0.014791,-0.019550
369.000000,109.070999,0.025047,-0.036100
370.000000,109.070999,0.035274,-0.025385
371.000000,109.070999,0.045459,-0.004968
372.000000,109.070999,0.055592,-0.009931
373.000000,109.070999,0.065659,0.007928
374.000000,109.070999,0.075649,0.020191
375.000000,109.070999,0.085549,-0.052408
376.000000,109.070999,0.095350,0.029799
377.000000,109.070999,0.105039,0.066802
378.000000,109.070999,0.114605,0.063989
379.000000,109.070999,0.124035,0.072551
380.000000,109.070999,0.133320,0.081815
381.000000,109.070999,0.142449,0.078429
382.000000,109.070999,0.151411,0.093710
383.000000,109.070999,0.160195,0.106129
384.000000,109.070999,0.168789,0.099445
385.000000,109.070999,0.177186,0.115869
386.000000,109.070999,0.185376,0.119730
387.000000,109.070999,0.193350,0.129756
388.000000,109.070999,0.201094,0.141455
389.000000,109.070999,0.208601,0.140769
390.000000,109.070999,0.215864,0.152058
391.000000,109.070999,0.222876,0.167468
392.000000,109.070999,0.229627,0.166076
393.000000,109.070999,0.236104,0.177501
394.000000,109.070999,0.242304,0.189482
395.000000,109.070999,0.248222,0.184664
396.000000,109.070999,0.253849,0.203239
397.000000,109.070999,0.259180,0.207497
398.000000,109.070999,0.264201,0.198534
399.000000,109.070999,0.268913,0.213815
400.000000,109.070999,0.273311,0.228371
401.000000,109.070999,0.277390,0.221409
402.000000,109.070999,0.281143,0.235117
403.000000,109.070999,0.284561,0.238536
404.000000,109.070999,0.287647,0.239424
405.000000,109.070999,0.290397,0.245123
406.000000,109.070999,0.292808,0.242273
407.000000,109.070999,0.294873,0.253863
408.000000,109.070999,0.296589,0.264559
409.000000,109.070999,0.297958,0.256014
410.000000,109.070999,0.298980,0.263866
411.000000,109.070999,0.299652,0.272415
412.000000,109.070999,0.299969,0.264164
413.000000,109.070999,0.299932,0.271441
414.000000,109.070999,0.299545,0.280990
415.000000,109.070999,0.298808,0.268594
416.000000,109.070999,0.297722,0.272584
417.000000,109.070999,0.296281,0.281560
418.000000,109.070999,0.294493,0.266736
419.000000,109.070999,0.292360,0.280446
420.000000,109.070999,0.289887,0.280417
421.000000,109.070999,0.287074,0.266736
422.000000,109.070999,0.283918,0.272007
423.000000,109.070999,0.280430,0.271845
424.000000,109.070999,0.276615,0.265304
425.000000,109.070999,0.272477,0.264715
426.000000,109.070999,0.268019,0.259281
427.000000,109.070999,0.263241,0.255006
428.000000,109.070999,0.258156,0.259556
429.000000,109.070999,0.252770,0.246431
430.000000,109.070999,0.247088,0.243708
431.000000,109.070999,0.241116,0.253257
432.000000,109.070999,0.234857,0.236425
433.000000,109.070999,0.228323,0.237125
434.000000,109.070999,0.221523,0.238095
435.000000,109.070999,0.214465,0.219981
436.000000,109.070999,0.207152,0.214531
437.000000,109.070999,0.199595,0.218934
438.000000,109.070999,0.191804,0.202536
439.000000,109.070999,0.183790,0.204236
440.000000,109.070999,0.175561,0.203922
441.000000,109.070999,0.167123,0.186666
442.000000,109.070999,0.158489,0.191225
443.000000,109.070999,0.149669,0.180334
444.000000,109.070999,0.140675,0.164788
445.000000,109.070999,0.131517,0.164055
446.000000,109.070999,0.122201,0.148042
447.000000,109.070999,0.112742,0.142336
448.000000,109.070999,0.103152,0.140024
449.000000,109.070999,0.093441,0.127188
450.000000,109.070999,0.083620,0.119885
451.000000,109.070999,0.073700,0.121711
452.000000,109.070999,0.063694,0.100592
453.000000,109.070999,0.053613,0.096145
454.000000,109.070999,0.043470,0.097686
455.000000,109.070999,0.033276,0.074996
456.000000,109.070999,0.023042,0.069407
457.000000,109.070999,0.012781,0.073665
458.000000,109.070999,0.002505,0.054265
459.000000,109.070999,-0.007774,0.045239
460.000000,109.070999,-0.018043,0.042781
461.000000,109.070999,-0.028291,0.019233
462.000000,109.070999,-0.038506,0.015210
463.000000,109.070999,-0.048676,0.010622
464.000000,109.070999,-0.058790,-0.005074
465.000000,109.070999,-0.068834,-0.002377
466.000000,109.070999,-0.078796,-0.024248
467.000000,109.070999,-0.088666,-0.031246
468.000000,109.070999,-0.098433,-0.032415
469.000000,109.070999,-0.108085,-0.054115
470.000000,109.070999,-0.117608,-0.062275
471.000000,109.070999,-0.126993,-0.056301
472.000000,109.070999,-0.136230,-0.082281
473.000000,109.070999,-0.145307,-0.085157
474.000000,109.070999,-0.154215,-0.078752
475.000000,109.070999,-0.162939,-0.103732
476.000000,109.070999,-0.171472,-0.107466
477.000000,109.070999,-0.179804,-0.108208
478.000000,109.070999,-0.187927,-0.130613
479.000000,109.070999,-0.195829,-0.133346
480.000000,109.070999,-0.203498,-0.136802
481.000000,109.070999,-0.210929,-0.156779
482.000000,109.070999,-0.218114,-0.155655
483.000000,109.070999,-0.225044,-0.162520
484.000000,109.070999,-0.231709,-0.175227
485.000000,109.070999,-0.238099,-0.178679
486.000000,109.070999,-0.244210,-0.191668
487.000000,109.070999,-0.250037,-0.193818
488.000000,109.070999,-0.255572,-0.186555
489.000000,109.070999,-0.260803,-0.206535
490.000000,109.070999,-0.265727,-0.213556
491.000000,109.070999,-0.270341,-0.214301
492.000000,109.070999,-0.274639,-0.224980
493.000000,109.070999,-0.278616,-0.228572
494.000000,109.070999,-0.282261,-0.228886
495.000000,109.070999,-0.285575,-0.242852
496.000000,109.070999,-0.288555,-0.243011
497.000000,109.070999,-0.291198,-0.242179
498.000000,109.070999,-0.293502,-0.255721
499.000000,109.070999,-0.295454,-0.254883
500.000000,109.070999,-0.297060,-0.258041
501.000000,109.070999,-0.298320,-0.261874
502.000000,109.070999,-0.299231,-0.259608
503.000000,109.070999,-0.299792,-0.273027
504.000000,109.070999,-0.299995,-0.272457
505.000000,109.070999,-0.299847,-0.258614
506.000000,109.070999,-0.299349,-0.277308
507.000000,109.070999,-0.298502,-0.274034
508.000000,109.070999,-0.297303,-0.267059
509.000000,109.070999,-0.295751,-0.280601
510.000000,109.070999,-0.293854,-0.275611
511.000000,109.070999,-0.291613,-0.260197
512.000000,109.070999,-0.289032,-0.279312
513.000000,109.070999,-0.286109,-0.274041
514.000000,109.070999,-0.282848,-0.262344
515.000000,109.070999,-0.279256,-0.273451
516.000000,109.070999,-0.275338,-0.262457
517.000000,109.070999,-0.271099,-0.258050
518.000000,109.070999,-0.266537,-0.271450
519.000000,109.070999,-0.261662,-0.259601
520.000000,109.070999,-0.256481,-0.255035
521.000000,109.070999,-0.251000,-0.255867
522.000000,109.070999,-0.245227,-0.243737
523.000000,109.070999,-0.239160,-0.254582
524.000000,109.070999,-0.232814,-0.241431
525.000000,109.070999,-0.226195,-0.221869
526.000000,109.070999,-0.219313,-0.239993
527.000000,109.070999,-0.212174,-0.222419
528.000000,109.070999,-0.204781,-0.209580
529.000000,109.070999,-0.197149,-0.215401
530.000000,109.070999,-0.189287,-0.204978
531.000000,109.070999,-0.181203,-0.196429
532.000000,109.070999,-0.172907,-0.195955
533.000000,109.070999,-0.164405,-0.183819
534.000000,109.070999,-0.155711,-0.171834
535.000000,109.070999,-0.146835,-0.179511
536.000000,109.070999,-0.137788,-0.170807
537.000000,109.070999,-0.128577,-0.156533
538.000000,109.070999,-0.119215,-0.155635
539.000000,109.070999,-0.109713,-0.144787
540.000000,109.070999,-0.100084,-0.137216
541.000000,109.070999,-0.090337,-0.132044
542.000000,109.070999,-0.080483,-0.115196
543.000000,109.070999,-0.070534,-0.124894
544.000000,109.070999,-0.060503,-0.104739
545.000000,109.070999,-0.050402,-0.087466
546.000000,109.070999,-0.040241,-0.090717
547.000000,109.070999,-0.030032,-0.077291
548.000000,109.070999,-0.019788,-0.059449
549.000000,109.070999,-0.009521,-0.063697
550.000000,109.070999,0.000757,-0.050987
551.000000,109.070999,0.011034,-0.033429
552.000000,109.070999,0.021298,-0.039818
553.000000,109.070999,0.031537,-0.025537
554.000000,109.070999,0.041739,-0.001257
555.000000,109.070999,0.051892,-0.011363
556.000000,109.070999,0.061985,0.002345
557.000000,109.070999,0.072004,0.018620
558.000000,109.070999,0.081938,0.020233
559.000000,109.070999,0.091777,0.031939
560.000000,109.070999,0.101509,0.038222
561.000000,109.070999,0.111121,0.043251
562.000000,109.070999,0.120601,0.060530
563.000000,109.070999,0.129941,0.062697
564.000000,109.070999,0.139128,0.073846
565.000000,109.070999,0.148153,0.084111
566.000000,109.070999,0.157003,0.089154
567.000000,109.070999,0.165667,0.104869
568.000000,109.070999,0.174138,0.119422
569.000000,109.070999,0.182405,0.116320
570.000000,109.070999,0.190460,0.128172
571.000000,109.070999,0.198288,0.142297
572.000000,109.070999,0.205882,0.137767
573.000000,109.070999,0.213236,0.152190
574.000000,109.070999,0.220341,0.170749
575.000000,109.070999,0.227190,0.165218
576.000000,109.070999,0.233766,0.166202
577.000000,109.070999,0.240068,0.183621
578.000000,109.070999,0.246091,0.182805
579.000000,109.070999,0.251826,0.195370
580.000000,109.070999,0.257266,0.200645
581.000000,109.070999,0.262399,0.205681
582.000000,109.070999,0.267225,0.220959
583.000000,109.070999,0.271739,0.215541
584.000000,109.070999,0.275936,0.223835
585.000000,109.070999,0.279808,0.236104
586.000000,109.070999,0.283348,0.228563
587.000000,109.070999,0.286557,0.236843
588.000000,109.070999,0.289431,0.251110
589.000000,109.070999,0.291967,0.240000
590.000000,109.070999,0.294158,0.253138
591.000000,109.070999,0.296000,0.265262
592.000000,109.070999,0.297497,0.257584
593.000000,109.070999,0.298647,0.264287
594.000000,109.070999,0.299448,0.274983
595.000000,109.070999,0.299893,0.265019
596.000000,109.070999,0.299985,0.272153
597.000000,109.070999,0.299727,0.275274
598.000000,109.070999,0.299119,0.259870
599.000000,109.070999,0.298162,0.272435
600.000000,109.070999,0.296848,0.273717
601.000000,109.070999,0.295186,0.269449
602.000000,109.070999,0.293180,0.278004
603.000000,109.070999,0.290832,0.266732
604.000000,109.070999,0.288143,0.267014
605.000000,109.070999,0.285110,0.279711
606.000000,109.070999,0.281744,0.266023
607.000000,109.070999,0.278049,0.268870
608.000000,109.070999,0.274029,0.277703
609.000000,109.070999,0.269687,0.256872
610.000000,109.070999,0.265024,0.261289
611.000000,109.070999,0.260051,0.268694
612.000000,109.070999,0.254775,0.250291
613.000000,109.070999,0.249202,0.247558
614.000000,109.070999,0.243334,0.256110
615.000000,109.070999,0.237177,0.236137
616.000000,109.070999,0.230744,0.233688
617.000000,109.070999,0.224042,0.238099
618.000000,109.070999,0.217078,0.227559
619.000000,109.070999,0.209856,0.224106
620.000000,109.070999,0.202386,0.212665
621.000000,109.070999,0.194681,0.206108
622.000000,109.070999,0.186748,0.211373
623.000000,109.070999,0.178597,0.192812
624.000000,109.070999,0.170233,0.187371
625.000000,109.070999,0.161669,0.188773
626.000000,109.070999,0.152916,0.176944
627.000000,109.070999,0.143985,0.166637
628.000000,109.070999,0.134886,0.173469
629.000000,109.070999,0.125625,0.157787
630.000000,109.070999,0.116218,0.150620
631.000000,109.070999,0.106674,0.148158
632.000000,109.070999,0.097007,0.126615
633.000000,109.070999,0.087225,0.126167
634.000000,109.070999,0.077339,0.127712
635.000000,109.070999,0.067363,0.103736
636.000000,109.070999,0.057309,0.101861
637.000000,109.070999,0.047187,0.099402
638.000000,109.070999,0.037010,0.079714
639.000000,109.070999,0.026789,0.076265
640.000000,109.070999,0.016537,0.065381
641.000000,109.070999,0.006265,0.053691
642.000000,109.070999,-0.004014,0.055100
643.000000,109.070999,-0.014288,0.036094
644.000000,109.070999,-0.024546,0.025376
645.000000,109.070999,-0.034774,0.028209
646.000000,109.070999,-0.044962,0.006082
647.000000,109.070999,-0.055098,0.000207
648.000000,109.070999,-0.065168,0.000748
649.000000,109.070999,-0.075162,-0.003361
650.000000,109.070999,-0.085067,-0.023817
651.000000,109.070999,-0.094873,-0.028135
652.000000,109.070999,-0.104569,-0.052972
653.000000,109.070999,-0.114139,-0.054704
654.000000,109.070999,-0.123576,-0.058736
655.000000,109.070999,-0.132869,-0.077566
656.000000,109.070999,-0.142006,-0.085161
657.000000,109.070999,-0.150978,-0.081897
658.000000,109.070999,-0.159768,-0.098871
659.000000,109.070999,-0.168373,-0.101893
660.000000,109.070999,-0.176780,-0.118913
661.000000,109.070999,-0.184981,-0.123751
662.000000,109.070999,-0.192965,-0.126634
663.000000,109.070999,-0.200719,-0.144344
664.000000,109.070999,-0.208239,-0.147491
665.000000,109.070999,-0.215515,-0.150238
666.000000,109.070999,-0.222540,-0.168501
667.000000,109.070999,-0.229302,-0.170658
668.000000,109.070999,-0.235792,-0.167543
669.000000,109.070999,-0.242007,-0.184514
670.000000,109.070999,-0.247940,-0.191535
671.000000,109.070999,-0.253583,-0.189564
672.000000,109.070999,-0.258924,-0.203245
673.000000,109.070999,-0.263961,-0.204547
674.000000,109.070999,-0.268689,-0.209440
675.000000,109.070999,-0.273104,-0.225123
676.000000,109.070999,-0.277200,-0.226998
677.000000,109.070999,-0.280965,-0.231033
678.000000,109.070999,-0.284400,-0.243711
679.000000,109.070999,-0.287504,-0.240868
680.000000,109.070999,-0.290272,-0.239178
681.000000,109.070999,-0.292700,-0.258153
682.000000,109.070999,-0.294778,-0.252166
683.000000,109.070999,-0.296512,-0.259462
684.000000,109.070999,-0.297900,-0.261586
685.000000,109.070999,-0.298940,-0.256178
686.000000,109.070999,-0.299628,-0.273024
687.000000,109.070999,-0.299960,-0.272030
688.000000,109.070999,-0.299941,-0.265340
689.000000,109.070999,-0.299573,-0.275022
690.000000,109.070999,-0.298854,-0.271463
691.000000,109.070999,-0.297782,-0.261914
692.000000,109.070999,-0.296358,-0.278169
693.000000,109.070999,-0.294588,-0.278613
694.000000,109.070999,-0.292473,-0.267063
695.000000,109.070999,-0.290017,-0.283030
696.000000,109.070999,-0.287217,-0.272182
697.000000,109.070999,-0.284078,-0.260628
698.000000,109.070999,-0.280608,-0.275452
699.000000,109.070999,-0.276810,-0.265605
700.000000,109.070999,-0.272688,-0.260191
701.000000,109.070999,-0.268242,-0.264588
702.000000,109.070999,-0.263480,-0.256599
703.000000,109.070999,-0.258411,-0.260171
704.000000,109.070999,-0.253040,-0.251865
705.000000,109.070999,-0.247374,-0.241881
706.000000,109.070999,-0.241411,-0.250861
707.000000,109.070999,-0.235167,-0.244579
708.000000,109.070999,-0.228648,-0.228880
709.000000,109.070999,-0.221862,-0.236703
710.000000,109.070999,-0.214815,-0.227710
711.000000,109.070999,-0.207512,-0.213155
712.000000,109.070999,-0.199967,-0.221120
713.000000,109.070999,-0.192189,-0.212413
714.000000,109.070999,-0.184186,-0.194285
715.000000,109.070999,-0.175966,-0.194955
716.000000,109.070999,-0.167537,-0.189680
717.000000,109.070999,-0.158913,-0.177268
718.000000,109.070999,-0.150103,-0.176509
719.000000,109.070999,-0.141117,-0.167378
720.000000,109.070999,-0.131964,-0.163534
721.000000,109.070999,-0.122656,-0.160211
722.000000,109.070999,-0.113204,-0.143502
723.000000,109.070999,-0.103621,-0.144638
724.000000,109.070999,-0.093916,-0.134191
725.000000,109.070999,-0.084099,-0.118204
726.000000,109.070999,-0.074184,-0.120030
727.000000,109.070999,-0.064181,-0.102026
728.000000,109.070999,-0.054104,-0.090760
729.000000,109.070999,-0.043964,-0.095008
730.000000,109.070999,-0.033771,-0.081440
731.000000,109.070999,-0.023539,-0.060880
732.000000,109.070999,-0.013279,-0.068985
733.000000,109.070999,-0.003004,-0.060851
734.000000,109.070999,0.007275,-0.039291
735.000000,109.070999,0.017546,-0.040676
736.000000,109.070999,0.027795,-0.031683
737.000000,109.070999,0.038012,0.035906
738.000000,109.070999,0.048185,-0.018513
739.000000,109.070999,0.058301,-0.006661
740.000000,109.070999,0.068348,0.007471
741.000000,109.070999,0.078315,0.005509
742.000000,109.070999,0.088190,0.023076
743.000000,109.070999,0.097963,0.032367
744.000000,109.070999,0.107620,0.040249
745.000000,109.070999,0.117149,0.055951
746.000000,109.070999,0.126541,0.059983
747.000000,109.070999,0.135786,0.073416
748.000000,109.070999,0.144872,0.089399
749.000000,109.070999,0.153786,0.086295
750.000000,109.070999,0.162519,0.099005
751.000000,109.070999,0.171062,0.119567
752.000000,109.070999,0.179406,0.110598
753.000000,109.070999,0.187540,0.122877
754.000000,109.070999,0.195450,0.139149
755.000000,109.070999,0.203131,0.137622
756.000000,109.070999,0.210575,0.148615
757.000000,109.070999,0.217773,0.162031
758.000000,109.070999,0.224716,0.156067
759.000000,109.070999,0.231390,0.172634
760.000000,109.070999,0.237795,0.177064
761.000000,109.070999,0.243921,0.179227
762.000000,109.070999,0.249763,0.198508
763.000000,109.070999,0.255311,0.192239
764.000000,109.070999,0.260555,0.203815
765.000000,109.070999,0.265495,0.221946
766.000000,109.070999,0.270125,0.214405
767.000000,109.070999,0.274439,0.220395
768.000000,109.070999,0.278430,0.232662
769.000000,109.070999,0.282090,0.227416
770.000000,109.070999,0.285421,0.235120
771.000000,109.070999,0.288419,0.252393
772.000000,109.070999,0.291080,0.243430
773.000000,109.070999,0.293396,0.249848
774.000000,109.070999,0.295365,0.258257
775.000000,109.070999,0.296990,0.253724
776.000000,109.070999,0.298268,0.261713
777.000000,109.070999,0.299198,0.262415
778.000000,109.070999,0.299771,0.262730
779.000000,109.070999,0.299992,0.271716
780.000000,109.070999,0.299862,0.266156
781.000000,109.070999,0.299383,0.271447
782.000000,109.070999,0.298554,0.278998
783.000000,109.070999,0.297368,0.270599
784.000000,109.070999,0.295834,0.273018
785.000000,109.070999,0.293954,0.281994
786.000000,109.070999,0.291732,0.270457
787.000000,109.070999,0.289167,0.272441
788.000000,109.070999,0.286257,0.276272
789.000000,109.070999,0.283013,0.264304
790.000000,109.070999,0.279439,0.268721
791.000000,109.070999,0.275538,0.275983
792.000000,109.070999,0.271313,0.265019
793.000000,109.070999,0.266765,0.259857
794.000000,109.070999,0.261906,0.265692
795.000000,109.070999,0.256741,0.250865
796.000000,109.070999,0.251276,0.251846
797.000000,109.070999,0.245514,0.252114
798.000000,109.070999,0.239461,0.239281
799.000000,109.070999,0.233129,0.244553
800.000000,109.070999,0.226525,0.227118
801.000000,109.070999,0.219656,0.225408
802.000000,109.070999,0.212526,0.225667
803.000000,109.070999,0.205146,0.210545
804.000000,109.070999,0.197526,0.213252
805.000000,109.070999,0.189676,0.214650
806.000000,109.070999,0.181604,0.195817
807.000000,109.070999,0.173315,0.195088
808.000000,109.070999,0.164824,0.192915
809.000000,109.070999,0.156139,0.172796
810.000000,109.070999,0.147273,0.176070
811.000000,109.070999,0.138234,0.177899
812.000000,109.070999,0.129030,0.156209
813.000000,109.070999,0.119675,0.148615
814.000000,109.070999,0.110180,0.152591
815.000000,109.070999,0.100557,0.132333
816.000000,109.070999,0.090816,0.129739
817.000000,109.070999,0.080966,0.118573
818.000000,109.070999,0.071022,0.107165
819.000000,109.070999,0.060995,0.107861
820.000000,109.070999,0.050897,0.091427
821.000000,109.070999,0.040739,0.082140
822.000000,109.070999,0.030532,0.082256
823.000000,109.070999,0.020290,0.061415
824.000000,109.070999,0.010024,0.058830
825.000000,109.070999,-0.000254,0.059228
826.000000,109.070999,-0.010531,0.036250
827.000000,109.070999,-0.020796,0.033374
828.000000,109.070999,-0.031037,0.031343
829.000000,109.070999,-0.041241,0.008511
830.000000,109.070999,-0.051397,0.005635
831.000000,109.070999,-0.061493,0.005463
832.000000,109.070999,-0.071515,-0.088153
833.000000,109.070999,-0.081455,-0.020961
834.000000,109.070999,-0.091299,-0.008834
835.000000,109.070999,-0.101036,-0.033811
836.000000,109.070999,-0.110653,-0.037975
837.000000,109.070999,-0.120140,-0.045149
838.000000,109.070999,-0.129487,-0.066271
839.000000,109.070999,-0.138683,-0.065857
840.000000,109.070999,-0.147716,-0.087308
841.000000,109.070999,-0.156573,-0.096015
842.000000,109.070999,-0.165247,-0.096754
843.000000,109.070999,-0.173728,-0.115455
844.000000,109.070999,-0.182007,-0.121757
845.000000,109.070999,-0.190070,-0.116925
846.000000,109.070999,-0.197909,-0.140762
847.000000,109.070999,-0.205516,-0.143065
848.000000,109.070999,-0.212883,-0.142667
849.000000,109.070999,-0.220001,-0.164356
850.000000,109.070999,-0.226859,-0.167086
851.000000,109.070999,-0.233449,-0.166688
852.000000,109.070999,-0.239766,-0.186088
853.000000,109.070999,-0.245803,-0.185820
854.000000,109.070999,-0.251554,-0.182702
855.000000,109.070999,-0.257005,-0.204249
856.000000,109.070999,-0.262153,-0.207270
857.000000,109.070999,-0.266996,-0.211571
858.000000,109.070999,-0.271527,-0.223552
859.000000,109.070999,-0.275741,-0.224145
860.000000,109.070999,-0.279625,-0.235858
861.000000,109.070999,-0.283181,-0.234851
862.000000,109.070999,-0.286408,-0.234307
863.000000,109.070999,-0.289300,-0.254005
864.000000,109.070999,-0.291852,-0.250155
865.000000,109.070999,-0.294057,-0.245324
866.000000,109.070999,-0.295917,-0.262583
867.000000,109.070999,-0.297433,-0.262311
868.000000,109.070999,-0.298601,-0.253905
869.000000,109.070999,-0.299417,-0.269591
870.000000,109.070999,-0.299878,-0.271035
871.000000,109.070999,-0.299988,-0.262487
872.000000,109.070999,-0.299749,-0.276311
873.000000,109.070999,-0.299159,-0.274326
874.000000,109.070999,-0.298215,-0.263202
875.000000,109.070999,-0.296918,-0.277026
876.000000,109.070999,-0.295275,-0.272039
877.000000,109.070999,-0.293287,-0.267914
878.000000,109.070999,-0.290957,-0.279743
879.000000,109.070999,-0.288280,-0.272470
880.000000,109.070999,-0.285264,-0.275475
881.000000,109.070999,-0.281916,-0.274455
882.000000,109.070999,-0.278238,-0.263471
883.000000,109.070999,-0.274235,-0.267447
884.000000,109.070999,-0.269904,-0.265453
885.000000,109.070999,-0.265257,-0.251470
886.000000,109.070999,-0.260301,-0.265585
887.000000,109.070999,-0.255041,-0.255734
888.000000,109.070999,-0.249482,-0.241752
889.000000,109.070999,-0.243624,-0.251288
890.000000,109.070999,-0.237483,-0.244012
891.000000,109.070999,-0.231064,-0.232604
892.000000,109.070999,-0.224376,-0.243137
893.000000,109.070999,-0.217423,-0.227714
894.000000,109.070999,-0.210211,-0.216017
895.000000,109.070999,-0.202755,-0.223121
896.000000,109.070999,-0.195061,-0.205123
897.000000,109.070999,-0.187140,-0.199282
898.000000,109.070999,-0.178997,-0.202105
899.000000,109.070999,-0.170643,-0.189683
900.000000,109.070999,-0.162089,-0.190830
901.000000,109.070999,-0.153347,-0.183663
902.000000,109.070999,-0.144425,-0.165529
903.000000,109.070999,-0.135331,-0.169502
904.000000,109.070999,-0.126078,-0.161218
905.000000,109.070999,-0.116678,-0.142803
906.000000,109.070999,-0.107141,-0.151199
907.000000,109.070999,-0.097480,-0.132339
908.000000,109.070999,-0.087702,-0.119072
909.000000,109.070999,-0.077821,-0.122462
910.000000,109.070999,-0.067850,-0.110753
911.000000,109.070999,-0.057799,-0.093768
912.000000,109.070999,-0.047680,-0.104302
913.000000,109.070999,-0.037505,-0.087735
914.000000,109.070999,-0.027286,-0.067888
915.000000,109.070999,-0.017035,-0.069843
0.000000,113.911003,0.001304,-0.055559
1.000000,113.911003,0.012037,-0.037432
2.000000,113.911003,0.022754,-0.040103
3.000000,113.911003,0.033442,-0.023105
4.000000,113.911003,0.044087,-0.005548
5.000000,113.911003,0.054676,-0.011793
6.000000,113.911003,0.065194,-0.000800
7.000000,113.911003,0.075629,0.020336
8.000000,113.911003,0.085968,0.024097
9.000000,113.911003,0.096196,0.033798
10.000000,113.911003,0.106301,0.043367
11.000000,113.911003,0.116269,0.045683
12.000000,113.911003,0.126090,0.066822
13.000000,113.911003,0.135749,0.065553
14.000000,113.911003,0.145234,0.079565
15.000000,113.911003,0.154533,0.093978
16.000000,113.911003,0.163635,0.092013
17.000000,113.911003,0.172526,0.107444
18.000000,113.911003,0.181196,0.124713
19.000000,113.911003,0.189633,0.111029
20.000000,113.911003,0.197829,0.131747
21.000000,113.911003,0.205770,0.154738
22.000000,113.911003,0.213449,0.145772
23.000000,113.911003,0.220855,0.155765
24.000000,113.911003,0.227978,0.218494
25.000000,113.911003,0.234809,0.170364
26.000000,113.911003,0.241340,0.172925
27.000000,113.911003,0.247562,0.182481
28.000000,113.911003,0.253467,0.183233
29.000000,113.911003,0.259046,0.201943
30.000000,113.911003,0.264292,0.209528
31.000000,113.911003,0.269200,0.208395
32.000000,113.911003,0.273764,0.217380
33.000000,113.911003,0.277978,0.220839
34.000000,113.911003,0.281836,0.232267
35.000000,113.911003,0.285333,0.244391
36.000000,113.911003,0.288465,0.229709
37.000000,113.911003,0.291228,0.246418
38.000000,113.911003,0.293619,0.264688
39.000000,113.911003,0.295634,0.252008
40.000000,113.911003,0.297270,0.260427
41.000000,113.911003,0.298523,0.267405
42.000000,113.911003,0.299394,0.262587
43.000000,113.911003,0.299881,0.267289
44.000000,113.911003,0.299985,0.272133
45.000000,113.911003,0.299705,0.270450
46.000000,113.911003,0.299042,0.275433
47.000000,113.911003,0.297996,0.272451
48.000000,113.911003,0.296568,0.271305
49.000000,113.911003,0.294761,0.283574
50.000000,113.911003,0.292578,0.267882
51.000000,113.911003,0.290019,0.272730
52.000000,113.911003,0.287090,0.276702
53.000000,113.911003,0.283789,0.267021
54.000000,113.911003,0.280126,0.268293
55.000000,113.911003,0.276104,0.272266
56.000000,113.911003,0.271729,0.261017
57.000000,113.911003,0.267006,0.265145
58.000000,113.911003,0.261942,0.272266
59.000000,113.911003,0.256543,0.255010
60.000000,113.911003,0.250815,0.249990
61.000000,113.911003,0.244767,0.247688
62.000000,113.911003,0.238405,0.240567
63.000000,113.911003,0.231738,0.241833
64.000000,113.911003,0.224774,0.228407
65.000000,113.911003,0.217520,0.227552
66.000000,113.911003,0.209988,0.229954
67.000000,113.911003,0.202187,0.209687
68.000000,113.911003,0.194128,0.208958
69.000000,113.911003,0.185820,0.208073
70.000000,113.911003,0.177275,0.195101
71.000000,113.911003,0.168503,0.194800
72.000000,113.911003,0.159515,0.194055
73.000000,113.911003,0.150323,0.174082
74.000000,113.911003,0.140939,0.169778
75.000000,113.911003,0.131374,0.171468
76.000000,113.911003,0.121640,0.151776
77.000000,113.911003,0.111750,0.148039
78.000000,113.911003,0.101717,0.135031
79.000000,113.911003,0.091554,0.129182
80.000000,113.911003,0.081274,0.126870
81.000000,113.911003,0.070890,0.114889
82.000000,113.911003,0.060415,0.099581
83.000000,113.911003,0.049863,0.105840
84.000000,113.911003,0.039247,0.082577
85.000000,113.911003,0.028581,0.078558
86.000000,113.911003,0.017878,0.080530
87.000000,113.911003,0.007152,0.058125
88.000000,113.911003,-0.003583,0.049099
89.000000,113.911003,-0.014313,0.048500
90.000000,113.911003,-0.025025,0.029385
91.000000,113.911003,-0.035705,0.027652
92.000000,113.911003,-0.046339,0.022053
93.000000,113.911003,-0.056914,-0.005501
94.000000,113.911003,-0.067416,-0.005236
95.000000,113.911003,-0.077832,-0.020971
96.000000,113.911003,-0.088148,-0.028526
97.000000,113.911003,-0.098351,-0.031836
98.000000,113.911003,-0.108429,-0.051693
99.000000,113.911003,-0.118368,-0.056411
100.000000,113.911003,-0.128155,-0.056583
101.000000,113.911003,-0.137777,-0.078995
102.000000,113.911003,-0.147223,-0.084296
103.000000,113.911003,-0.156480,-0.082039
104.000000,113.911003,-0.165537,-0.102586
105.000000,113.911003,-0.174382,-0.112038
106.000000,113.911003,-0.183004,-0.112496
107.000000,113.911003,-0.191392,-0.129467
108.000000,113.911003,-0.199535,-0.136918
109.000000,113.911003,-0.207423,-0.142097
110.000000,113.911003,-0.215046,-0.154920
111.000000,113.911003,-0.222393,-0.155937
112.000000,113.911003,-0.229455,-0.153819
113.000000,113.911003,-0.236221,-0.178368
114.000000,113.911003,-0.242685,-0.181390
115.000000,113.911003,-0.248839,-0.185124
116.000000,113.911003,-0.254674,-0.198815
117.000000,113.911003,-0.260183,-0.198692
118.000000,113.911003,-0.265360,-0.214845
119.000000,113.911003,-0.270197,-0.217548
120.000000,113.911003,-0.274688,-0.214288
121.000000,113.911003,-0.278828,-0.232558
122.000000,113.911003,-0.282611,-0.235570
123.000000,113.911003,-0.286032,-0.236027
124.000000,113.911003,-0.289086,-0.246855
125.000000,113.911003,-0.291768,-0.244439
126.000000,113.911003,-0.294077,-0.240609
127.000000,113.911003,-0.296009,-0.260012
128.000000,113.911003,-0.297563,-0.256881
129.000000,113.911003,-0.298736,-0.254051
130.000000,113.911003,-0.299527,-0.268875
131.000000,113.911003,-0.299935,-0.267606
132.000000,113.911003,-0.299958,-0.260913
133.000000,113.911003,-0.299598,-0.273451
134.000000,113.911003,-0.298855,-0.270751
135.000000,113.911003,-0.297729,-0.269627
136.000000,113.911003,-0.296220,-0.274312
137.000000,113.911003,-0.294331,-0.270757
138.000000,113.911003,-0.292065,-0.278905
139.000000,113.911003,-0.289425,-0.275456
140.000000,113.911003,-0.286416,-0.265187
141.000000,113.911003,-0.283039,-0.278315
142.000000,113.911003,-0.279301,-0.275462
143.000000,113.911003,-0.275205,-0.252467
144.000000,113.911003,-0.270757,-0.270161
145.000000,113.911003,-0.265963,-0.265886
146.000000,113.911003,-0.260828,-0.253763
147.000000,113.911003,-0.255360,-0.258581
148.000000,113.911003,-0.249562,-0.253591
149.000000,113.911003,-0.243444,-0.237322
150.000000,113.911003,-0.237015,-0.253147
151.000000,113.911003,-0.230283,-0.240583
152.000000,113.911003,-0.223256,-0.222737
153.000000,113.911003,-0.215943,-0.228555
154.000000,113.911003,-0.208355,-0.219993
155.000000,113.911003,-0.200499,-0.212008
156.000000,113.911003,-0.192387,-0.216117
157.000000,113.911003,-0.184029,-0.199550
158.000000,113.911003,-0.175435,-0.202413
159.000000,113.911003,-0.166617,-0.197102
160.000000,113.911003,-0.157584,-0.179968
161.000000,113.911003,-0.148349,-0.177941
162.000000,113.911003,-0.138924,-0.172513
163.000000,113.911003,-0.129322,-0.156957
164.000000,113.911003,-0.119554,-0.157633
165.000000,113.911003,-0.109633,-0.144062
166.000000,113.911003,-0.099572,-0.129367
167.000000,113.911003,-0.089383,-0.134901
168.000000,113.911003,-0.079080,-0.123049
169.000000,113.911003,-0.068676,-0.105348
170.000000,113.911003,-0.058184,-0.108450
171.000000,113.911003,-0.047618,-0.095170
172.000000,113.911003,-0.036989,-0.076754
173.000000,113.911003,-0.026314,-0.078995
174.000000,113.911003,-0.015605,-0.071003
175.000000,113.911003,-0.004876,-0.053873
176.000000,113.911003,0.005859,-0.048969
177.000000,113.911003,0.016586,-0.039980
178.000000,113.911003,0.027293,-0.024984
179.000000,113.911003,0.037964,-0.026810
180.000000,113.911003,0.048587,-0.008815
181.000000,113.911003,0.059148,-0.008941
182.000000,113.911003,0.069633,0.005930
183.000000,113.911003,0.080030,0.025207
184.000000,113.911003,0.090322,0.022954
185.000000,113.911003,0.100500,0.041101
186.000000,113.911003,0.110548,0.050362
187.000000,113.911003,0.120455,0.053980
188.000000,113.911003,0.130208,0.066690
189.000000,113.911003,0.139794,0.080957
190.000000,113.911003,0.149202,0.075569
191.000000,113.911003,0.158418,0.090851
192.000000,113.911003,0.167432,0.112984
193.000000,113.911003,0.176232,0.105737
194.000000,113.911003,0.184806,0.120449
195.000000,113.911003,0.193144,0.134577
196.000000,113.911003,0.201232,0.130047
197.000000,113.911003,0.209063,0.147757
198.000000,113.911003,0.216626,0.154460
199.000000,113.911003,0.223912,0.155494
200.000000,113.911003,0.230912,0.173919
201.000000,113.911003,0.237616,0.172070
202.000000,113.911003,0.244016,0.182941
203.000000,113.911003,0.250104,0.196785
204.000000,113.911003,0.255871,0.191387
205.000000,113.911003,0.261312,0.202957
206.000000,113.911003,0.266418,0.217367
207.000000,113.911003,0.271183,0.222844
208.000000,113.911003,0.275598,0.222970
209.000000,113.911003,0.279661,0.235521
210.000000,113.911003,0.283365,0.227271
211.000000,113.911003,0.286707,0.239265
212.000000,113.911003,0.289682,0.252678
213.000000,113.911003,0.292287,0.244858
214.000000,113.911003,0.294517,0.250133
215.000000,113.911003,0.296371,0.258403
216.000000,113.911003,0.297845,0.254436
217.000000,113.911003,0.298939,0.262137
218.000000,113.911003,0.299650,0.257286
219.000000,113.911003,0.299976,0.263727
220.000000,113.911003,0.299916,0.280576
221.000000,113.911003,0.299473,0.266308
222.000000,113.911003,0.298646,0.273445
223.000000,113.911003,0.297437,0.277276
224.000000,113.911003,0.295847,0.266593
225.000000,113.911003,0.293879,0.274585
226.000000,113.911003,0.291535,0.282133
227.000000,113.911003,0.288818,0.269453
228.000000,113.911003,0.285731,0.274439
229.000000,113.911003,0.282279,0.279559
230.000000,113.911003,0.278465,0.263876
231.000000,113.911003,0.274294,0.262143
232.000000,113.911003,0.269770,0.267554
233.000000,113.911003,0.264901,0.256584
234.000000,113.911003,0.259693,0.257564
235.000000,113.911003,0.254152,0.252266
236.000000,113.911003,0.248287,0.246859
237.000000,113.911003,0.242104,0.249838
238.000000,113.911003,0.235610,0.239278
239.000000,113.911003,0.228816,0.234129
240.000000,113.911003,0.221729,0.236674
241.000000,113.911003,0.214358,0.219696
242.000000,113.911003,0.206712,0.219398
243.000000,113.911003,0.198802,0.234093
244.000000,113.911003,0.190635,0.203110
245.000000,113.911003,0.182224,0.200091
246.000000,113.911003,0.173581,0.202205
247.000000,113.911003,0.164715,0.182805
248.000000,113.911003,0.155638,0.181073
249.000000,113.911003,0.146363,0.180758
250.000000,113.911003,0.136900,0.165218
251.000000,113.911003,0.127262,0.160056
252.000000,113.911003,0.117461,0.153168
253.000000,113.911003,0.107510,0.136621
254.000000,113.911003,0.097421,0.137174
255.000000,113.911003,0.087207,0.128444
256.000000,113.911003,0.076881,0.116744
257.000000,113.911003,0.066456,0.081984
258.000000,113.911003,0.055947,0.099157
259.000000,113.911003,0.045366,0.098150
260.000000,113.911003,0.034727,0.092547
261.000000,113.911003,0.024043,0.071282
262.000000,113.911003,0.013329,0.066405
263.000000,113.911003,0.002598,0.068661
264.000000,113.911003,-0.008137,0.045971
265.000000,113.911003,-0.018861,0.037950
266.000000,113.911003,-0.029561,0.037347
267.000000,113.911003,-0.040224,0.013371
268.000000,113.911003,-0.050834,0.008922
269.000000,113.911003,-0.061380,0.005035
270.000000,113.911003,-0.071847,-0.015796
271.000000,113.911003,-0.082221,-0.008947
272.000000,113.911003,-0.092491,-0.023705
273.000000,113.911003,-0.102642,-0.046398
274.000000,113.911003,-0.112662,-0.051848
275.000000,113.911003,-0.122538,-0.059439
276.000000,113.911003,-0.132257,-0.073136
277.000000,113.911003,-0.141807,-0.075303
278.000000,113.911003,-0.151176,-0.088722
279.000000,113.911003,-0.160350,-0.100879
280.000000,113.911003,-0.169318,-0.100905
281.000000,113.911003,-0.178070,-0.118599
282.000000,113.911003,-0.186593,-0.127190
283.000000,113.911003,-0.194878,-0.120931
284.000000,113.911003,-0.202913,-0.139334
285.000000,113.911003,-0.210689,-0.147640
286.000000,113.911003,-0.218195,-0.147958
287.000000,113.911003,-0.225422,-0.167215
288.000000,113.911003,-0.232360,-0.168806
289.000000,113.911003,-0.239002,-0.168262
290.000000,113.911003,-0.245338,-0.186804
291.000000,113.911003,-0.251357,-0.190823
292.000000,113.911003,-0.257054,-0.192420
293.000000,113.911003,-0.262422,-0.208967
294.000000,113.911003,-0.267455,-0.213705
295.000000,113.911003,-0.272145,-0.222578
296.000000,113.911003,-0.276487,-0.231418
297.000000,113.911003,-0.280475,-0.229440
298.000000,113.911003,-0.284104,-0.243856
299.000000,113.911003,-0.287370,-0.246149
300.000000,113.911003,-0.290268,-0.239887
301.000000,113.911003,-0.292794,-0.251716
302.000000,113.911003,-0.294947,-0.252014
303.000000,113.911003,-0.296719,-0.248329
304.000000,113.911003,-0.298110,-0.265158
305.000000,113.911003,-0.299120,-0.263743
306.000000,113.911003,-0.299747,-0.262772
307.000000,113.911003,-0.299991,-0.273451
308.000000,113.911003,-0.299851,-0.272324
309.000000,113.911003,-0.299327,-0.265346
310.000000,113.911003,-0.298421,-0.276168
311.000000,113.911003,-0.297132,-0.276900
312.000000,113.911003,-0.295463,-0.271204
313.000000,113.911003,-0.293417,-0.275022
314.000000,113.911003,-0.290994,-0.270326
315.000000,113.911003,-0.288197,-0.273047
316.000000,113.911003,-0.285030,-0.275456
317.000000,113.911003,-0.281499,-0.268759
318.000000,113.911003,-0.277607,-0.274458
319.000000,113.911003,-0.273360,-0.268169
320.000000,113.911003,-0.268763,-0.256758
321.000000,113.911003,-0.263823,-0.269303
322.000000,113.911003,-0.258545,-0.255446
323.000000,113.911003,-0.252936,-0.244896
324.000000,113.911003,-0.247004,-0.246427
325.000000,113.911003,-0.240755,-0.245155
326.000000,113.911003,-0.234199,-0.234032
327.000000,113.911003,-0.227340,-0.244284
328.000000,113.911003,-0.220190,-0.233290
329.000000,113.911003,-0.212758,-0.218734
330.000000,113.911003,-0.205054,-0.223980
331.000000,113.911003,-0.197088,-0.214560
332.000000,113.911003,-0.188869,-0.204576
333.000000,113.911003,-0.180409,-0.206965
334.000000,113.911003,-0.171719,-0.195117
335.000000,113.911003,-0.162808,-0.185687
336.000000,113.911003,-0.153689,-0.182232
337.000000,113.911003,-0.144373,-0.172387
338.000000,113.911003,-0.134873,-0.177802
339.000000,113.911003,-0.125198,-0.161361
340.000000,113.911003,-0.115363,-0.142372
341.000000,113.911003,-0.105381,-0.145338
342.000000,113.911003,-0.095264,-0.136342
343.000000,113.911003,-0.085025,-0.117356
344.000000,113.911003,-0.074677,-0.120173
345.000000,113.911003,-0.064234,-0.113324
346.000000,113.911003,-0.053709,-0.095766
347.000000,113.911003,-0.043114,-0.095154
348.000000,113.911003,-0.032465,-0.080870
349.000000,113.911003,-0.021774,-0.067030
350.000000,113.911003,-0.011055,-0.068130
351.000000,113.911003,-0.000321,-0.053134
352.000000,113.911003,0.010412,-0.039002
353.000000,113.911003,0.021133,-0.039963
354.000000,113.911003,0.031826,-0.027830
355.000000,113.911003,0.042478,-0.017532
356.000000,113.911003,0.053076,-0.010654
357.000000,113.911003,0.063606,0.003478
358.000000,113.911003,0.074055,0.003935
359.000000,113.911003,0.084409,0.020369
360.000000,113.911003,0.094655,0.038639
361.000000,113.911003,0.104780,0.036962
362.000000,113.911003,0.114771,0.053248
363.000000,113.911003,0.124614,0.068804
364.000000,113.911003,0.134298,0.060414
365.000000,113.911003,0.143809,0.081414
366.000000,113.911003,0.153136,0.091109
367.000000,113.911003,0.162268,0.092441
368.000000,113.911003,0.171191,0.107152
369.000000,113.911003,0.179896,0.119995
370.000000,113.911003,0.188371,0.117175
371.000000,113.911003,0.196604,0.131598
372.000000,113.911003,0.204586,0.142171
373.000000,113.911003,0.212307,0.146200
374.000000,113.911003,0.219755,0.160331
375.000000,113.911003,0.226920,0.152923
376.000000,113.911003,0.233794,0.170072
377.000000,113.911003,0.240370,0.185486
378.000000,113.911003,0.246637,0.181235
379.000000,113.911003,0.252590,0.195519
380.000000,113.911003,0.258219,0.205784
381.000000,113.911003,0.263517,0.202821
382.000000,113.911003,0.268479,0.215246
383.000000,113.911003,0.273097,0.261534
384.000000,113.911003,0.277365,0.218122
385.000000,113.911003,0.281279,0.224113
386.000000,113.911003,0.284832,0.239384
387.000000,113.911003,0.288017,0.231565
388.000000,113.911003,0.290835,0.241269
389.000000,113.911003,0.293280,0.253254
390.000000,113.911003,0.295350,0.247575
391.000000,113.911003,0.297042,0.256136
392.000000,113.911003,0.298354,0.258270
393.000000,113.911003,0.299284,0.259155
394.000000,113.911003,0.299831,0.266424
395.000000,113.911003,0.299995,0.250865
396.000000,113.911003,0.299775,0.267014
397.000000,113.911003,0.299171,0.275708
398.000000,113.911003,0.298183,0.269741
399.000000,113.911003,0.296812,0.273730
400.000000,113.911003,0.295060,0.282564
401.000000,113.911003,0.292931,0.271311
402.000000,113.911003,0.290427,0.273727
403.000000,113.911003,0.287552,0.280702
404.000000,113.911003,0.284309,0.266736
405.000000,113.911003,0.280702,0.270437
406.000000,113.911003,0.276735,0.277557
407.000000,113.911003,0.272415,0.259585
408.000000,113.911003,0.267746,0.259145
409.000000,113.911003,0.262735,0.261693
410.000000,113.911003,0.257386,0.252150
411.000000,113.911003,0.251705,0.252989
412.000000,113.911003,0.245703,0.243118
413.000000,113.911003,0.239387,0.240709
414.000000,113.911003,0.232764,0.245547
415.000000,113.911003,0.225843,0.235849
416.000000,113.911003,0.218634,0.226263
417.000000,113.911003,0.211145,0.229809
418.000000,113.911003,0.203385,0.210260
419.000000,113.911003,0.195365,0.208103
420.000000,113.911003,0.187096,0.211503
421.000000,113.911003,0.178587,0.195532
422.000000,113.911003,0.169848,0.193372
423.000000,113.911003,0.160890,0.197490
424.000000,113.911003,0.151728,0.174797
425.000000,113.911003,0.142371,0.171779
426.000000,113.911003,0.132831,0.172322
427.000000,113.911003,0.123122,0.149775
428.000000,113.911003,0.113256,0.144325
429.000000,113.911003,0.103244,0.143586
430.000000,113.911003,0.093101,0.130329
431.000000,113.911003,0.082838,0.125306
432.000000,113.911003,0.072469,0.110005
433.000000,113.911003,0.062007,0.100873
434.000000,113.911003,0.051466,0.100708
435.000000,113.911003,0.040858,0.082571
436.000000,113.911003,0.030199,0.080851
437.000000,113.911003,0.019500,0.077104
438.000000,113.911003,0.008777,0.058552
439.000000,113.911003,-0.001957,0.052678
440.000000,113.911003,-0.012689,0.043208
441.000000,113.911003,-0.023405,0.030674
442.000000,113.911003,-0.034090,0.025223
443.000000,113.911003,-0.044733,0.021334
444.000000,113.911003,-0.055318,0.000506
445.000000,113.911003,-0.065832,-0.005230
446.000000,113.911003,-0.076262,-0.007691
447.000000,113.911003,-0.086593,-0.025232
448.000000,113.911003,-0.096814,-0.033257
449.000000,113.911003,-0.106911,-0.035142
450.000000,113.911003,-0.116871,-0.055261
451.000000,113.911003,-0.126681,-0.062716
452.000000,113.911003,-0.136330,-0.073302
453.000000,113.911003,-0.145804,-0.085147
454.000000,113.911003,-0.155091,-0.090174
455.000000,113.911003,-0.164180,-0.105594
456.000000,113.911003,-0.173059,-0.114606
457.000000,113.911003,-0.181717,-0.109918
458.000000,113.911003,-0.190140,-0.127608
459.000000,113.911003,-0.198320,-0.133628
460.000000,113.911003,-0.206246,-0.132657
461.000000,113.911003,-0.213907,-0.156490
462.000000,113.911003,-0.221296,-0.156937
463.000000,113.911003,-0.228401,-0.158253
464.000000,113.911003,-0.235213,-0.167066
465.000000,113.911003,-0.241725,-0.179385
466.000000,113.911003,-0.247928,-0.183275
467.000000,113.911003,-0.253813,-0.197387
468.000000,113.911003,-0.259374,-0.205839
469.000000,113.911003,-0.264602,-0.209715
470.000000,113.911003,-0.269490,-0.218976
471.000000,113.911003,-0.274032,-0.217280
472.000000,113.911003,-0.278224,-0.236431
473.000000,113.911003,-0.282059,-0.237140
474.000000,113.911003,-0.285534,-0.237451
475.000000,113.911003,-0.288643,-0.247856
476.000000,113.911003,-0.291383,-0.246722
477.000000,113.911003,-0.293750,-0.242607
478.000000,113.911003,-0.295741,-0.264015
479.000000,113.911003,-0.297354,-0.257308
480.000000,113.911003,-0.298587,-0.253763
481.000000,113.911003,-0.299437,-0.268017
482.000000,113.911003,-0.299901,-0.265317
483.000000,113.911003,-0.299981,-0.258054
484.000000,113.911003,-0.299677,-0.273882
485.000000,113.911003,-0.298990,-0.292062
486.000000,113.911003,-0.297920,-0.267917
487.000000,113.911003,-0.296469,-0.275883
488.000000,113.911003,-0.294638,-0.269611
489.000000,113.911003,-0.292431,-0.276612
490.000000,113.911003,-0.289849,-0.272884
491.000000,113.911003,-0.286897,-0.263044
492.000000,113.911003,-0.283578,-0.274021
493.000000,113.911003,-0.279895,-0.268169
494.000000,113.911003,-0.275851,-0.258335
495.000000,113.911003,-0.271454,-0.265870
496.000000,113.911003,-0.266710,-0.265028
497.000000,113.911003,-0.261625,-0.255337
498.000000,113.911003,-0.256205,-0.263872
499.000000,113.911003,-0.250457,-0.253163
500.000000,113.911003,-0.244388,-0.242040
501.000000,113.911003,-0.238007,-0.250572
502.000000,113.911003,-0.231322,-0.234006
503.000000,113.911003,-0.224340,-0.227455
504.000000,113.911003,-0.217071,-0.232985
505.000000,113.911003,-0.209525,-0.223996
506.000000,113.911003,-0.201708,-0.207436
507.000000,113.911003,-0.193632,-0.216544
508.000000,113.911003,-0.185310,-0.207986
509.000000,113.911003,-0.176750,-0.201127
510.000000,113.911003,-0.167964,-0.194103
511.000000,113.911003,-0.158963,-0.185117
512.000000,113.911003,-0.149758,-0.183938
513.000000,113.911003,-0.140362,-0.165078
514.000000,113.911003,-0.130787,-0.152385
515.000000,113.911003,-0.121044,-0.158922
516.000000,113.911003,-0.111146,-0.147928
517.000000,113.911003,-0.101106,-0.131086
518.000000,113.911003,-0.090935,-0.135759
519.000000,113.911003,-0.080648,-0.124480
520.000000,113.911003,-0.070257,-0.105922
521.000000,113.911003,-0.059777,-0.110594
522.000000,113.911003,-0.049221,-0.093451
523.000000,113.911003,-0.038602,-0.080323
524.000000,113.911003,-0.027933,-0.082712
525.000000,113.911003,-0.017228,-0.073723
526.000000,113.911003,-0.006501,-0.060155
527.000000,113.911003,0.004234,-0.052832
528.000000,113.911003,0.014963,-0.042130
529.000000,113.911003,0.025674,-0.039539
530.000000,113.911003,0.036352,-0.027671
531.000000,113.911003,0.046983,-0.005680
532.000000,113.911003,0.057553,-0.008646
533.000000,113.911003,0.068050,0.002209
534.000000,113.911003,0.078460,0.024196
535.000000,113.911003,0.088770,0.026529
536.000000,113.911003,0.098966,0.033947
537.000000,113.911003,0.109035,0.051932
538.000000,113.911003,0.118965,0.050405
539.000000,113.911003,0.128743,0.063684
540.000000,113.911003,0.138356,0.080526
541.000000,113.911003,0.147792,0.079429
542.000000,113.911003,0.157037,0.092282
543.000000,113.911003,0.166081,0.105125
544.000000,113.911003,0.174913,0.102735
545.000000,113.911003,0.183521,0.124305
546.000000,113.911003,0.191894,0.122877
547.000000,113.911003,0.200021,0.136618
548.000000,113.911003,0.207893,0.155610
549.000000,113.911003,0.215498,0.145772
550.000000,113.911003,0.222828,0.156342
551.000000,113.911003,0.229873,0.173615
552.000000,113.911003,0.236624,0.180377
553.000000,113.911003,0.243070,0.184078
554.000000,113.911003,0.249204,0.196487
555.000000,113.911003,0.255020,0.192812
556.000000,113.911003,0.260508,0.203093
557.000000,113.911003,0.265664,0.218938
558.000000,113.911003,0.270479,0.208259
559.000000,113.911003,0.274949,0.217963
560.000000,113.911003,0.279066,0.231661
561.000000,113.911003,0.282827,0.228844
562.000000,113.911003,0.286226,0.235547
563.000000,113.911003,0.289258,0.245110
564.000000,113.911003,0.291921,0.243284
565.000000,113.911003,0.294208,0.252127
566.000000,113.911003,0.296117,0.246428
567.000000,113.911003,0.297647,0.258293
568.000000,113.911003,0.298796,0.269847
569.000000,113.911003,0.299563,0.259304
570.000000,113.911003,0.299947,0.266868
571.000000,113.911003,0.299946,0.274986
572.000000,113.911003,0.299562,0.269310
573.000000,113.911003,0.298795,0.272441
574.000000,113.911003,0.297645,0.281275
575.000000,113.911003,0.296115,0.269453
576.000000,113.911003,0.294206,0.271437
577.000000,113.911003,0.291918,0.272124
578.000000,113.911003,0.289255,0.265735
579.000000,113.911003,0.286222,0.272153
580.000000,113.911003,0.282823,0.282995
581.000000,113.911003,0.279062,0.269883
582.000000,113.911003,0.274944,0.271007
583.000000,113.911003,0.270474,0.267269
584.000000,113.911003,0.265658,0.253293
585.000000,113.911003,0.260503,0.259420
586.000000,113.911003,0.255014,0.248854
587.000000,113.911003,0.249198,0.247714
588.000000,113.911003,0.243064,0.240249
589.000000,113.911003,0.236617,0.237141
590.000000,113.911003,0.229866,0.237558
591.000000,113.911003,0.222820,0.242959
592.000000,113.911003,0.215490,0.227416
593.000000,113.911003,0.207884,0.223112
594.000000,113.911003,0.200013,0.223653
595.000000,113.911003,0.191885,0.209113
596.000000,113.911003,0.183512,0.205522
597.000000,113.911003,0.174904,0.204922
598.000000,113.911003,0.166072,0.185807
599.000000,113.911003,0.157028,0.180072
600.000000,113.911003,0.147782,0.179337
601.000000,113.911003,0.138346,0.165649
602.000000,113.911003,0.128733,0.164055
603.000000,113.911003,0.118955,0.160036
604.000000,113.911003,0.109025,0.139050
605.000000,113.911003,0.098956,0.140315
606.000000,113.911003,0.088760,0.120459
607.000000,113.911003,0.078450,0.118885
608.000000,113.911003,0.068040,0.120001
609.000000,113.911003,0.057543,0.101596
610.000000,113.911003,0.046972,0.093432
611.000000,113.911003,0.036341,0.092113
612.000000,113.911003,0.025664,0.075281
613.000000,113.911003,0.014953,0.062972
614.000000,113.911003,0.004223,0.063373
615.000000,113.911003,-0.006512,0.043115
616.000000,113.911003,-0.017238,0.033950
617.000000,113.911003,-0.027943,0.036919
618.000000,113.911003,-0.038612,0.015803
619.000000,113.911003,-0.049231,0.009926
620.000000,113.911003,-0.059788,0.008322
621.000000,113.911003,-0.070267,-0.014653
622.000000,113.911003,-0.080658,-0.020103
623.000000,113.911003,-0.090945,-0.026567
624.000000,113.911003,-0.101115,-0.041391
625.000000,113.911003,-0.111156,-0.042551
626.000000,113.911003,-0.121053,-0.049436
627.000000,113.911003,-0.130796,-0.067130
628.000000,113.911003,-0.140372,-0.074584
629.000000,113.911003,-0.149767,-0.090743
630.000000,113.911003,-0.158971,-0.098444
631.000000,113.911003,-0.167972,-0.103758
632.000000,113.911003,-0.176758,-0.116743
633.000000,113.911003,-0.185318,-0.123900
634.000000,113.911003,-0.193640,-0.129221
635.000000,113.911003,-0.201715,-0.139761
636.000000,113.911003,-0.209532,-0.144208
637.000000,113.911003,-0.217079,-0.145095
638.000000,113.911003,-0.224347,-0.164641
639.000000,113.911003,-0.231328,-0.166659
640.000000,113.911003,-0.238014,-0.174551
641.000000,113.911003,-0.244395,-0.186804
642.000000,113.911003,-0.250463,-0.189537
643.000000,113.911003,-0.256210,-0.187135
644.000000,113.911003,-0.261630,-0.207251
645.000000,113.911003,-0.266715,-0.209126
646.000000,113.911003,-0.271459,-0.211723
647.000000,113.911003,-0.275855,-0.227697
648.000000,113.911003,-0.279899,-0.228575
649.000000,113.911003,-0.283581,-0.231159
650.000000,113.911003,-0.286900,-0.241997
651.000000,113.911003,-0.289852,-0.240589
652.000000,113.911003,-0.292433,-0.252438
653.000000,113.911003,-0.294640,-0.257302
654.000000,113.911003,-0.296470,-0.253326
655.000000,113.911003,-0.297921,-0.262441
656.000000,113.911003,-0.298991,-0.259021
657.000000,113.911003,-0.299677,-0.256622
658.000000,113.911003,-0.299981,-0.265585
659.000000,113.911003,-0.299901,-0.272321
660.000000,113.911003,-0.299437,-0.264631
661.000000,113.911003,-0.298586,-0.283030
662.000000,113.911003,-0.297353,-0.277042
663.000000,113.911003,-0.295740,-0.265204
664.000000,113.911003,-0.293748,-0.277599
665.000000,113.911003,-0.291380,-0.268889
666.000000,113.911003,-0.288640,-0.268772
667.000000,113.911003,-0.285530,-0.272881
668.000000,113.911003,-0.282056,-0.216292
669.000000,113.911003,-0.278220,-0.270615
670.000000,113.911003,-0.274028,-0.282321
671.000000,113.911003,-0.269485,-0.272480
672.000000,113.911003,-0.264598,-0.274445
673.000000,113.911003,-0.259368,-0.264024
674.000000,113.911003,-0.253807,-0.249900
675.000000,113.911003,-0.247922,-0.255291
676.000000,113.911003,-0.241719,-0.246298
677.000000,113.911003,-0.235207,-0.234748
678.000000,113.911003,-0.228394,-0.241567
679.000000,113.911003,-0.221289,-0.236007
680.000000,113.911003,-0.213900,-0.218734
681.000000,113.911003,-0.206238,-0.227840
682.000000,113.911003,-0.198312,-0.215991
683.000000,113.911003,-0.190132,-0.208854
684.000000,113.911003,-0.181709,-0.211111
685.000000,113.911003,-0.173051,-0.190972
686.000000,113.911003,-0.164171,-0.192251
687.000000,113.911003,-0.155082,-0.181947
688.000000,113.911003,-0.145794,-0.167391
689.000000,113.911003,-0.136320,-0.173935
690.000000,113.911003,-0.126672,-0.160933
691.000000,113.911003,-0.116861,-0.141232
692.000000,113.911003,-0.106901,-0.149913
693.000000,113.911003,-0.096804,-0.138346
694.000000,113.911003,-0.086583,-0.122363
695.000000,113.911003,-0.076252,-0.120461
696.000000,113.911003,-0.065822,-0.116044
697.000000,113.911003,-0.055307,-0.101919
698.000000,113.911003,-0.044722,-0.096724
699.000000,113.911003,-0.034080,-0.080585
700.000000,113.911003,-0.023394,-0.064598
701.000000,113.911003,-0.012679,-0.069273
702.000000,113.911003,-0.001947,-0.053707
703.000000,113.911003,0.008788,-0.041852
704.000000,113.911003,0.019511,-0.040248
705.000000,113.911003,0.030209,-0.025829
706.000000,113.911003,0.040869,-0.024387
707.000000,113.911003,0.051476,-0.073143
708.000000,113.911003,0.062018,0.006904
709.000000,113.911003,0.072479,0.017950
710.000000,113.911003,0.082848,0.029806
711.000000,113.911003,0.093111,0.050650
712.000000,113.911003,0.103254,0.041684
713.000000,113.911003,0.113266,0.056253
714.000000,113.911003,0.123132,0.073237
715.000000,113.911003,0.132841,0.064132
716.000000,113.911003,0.142380,0.075125
717.000000,113.911003,0.151737,0.094827
718.000000,113.911003,0.160900,0.091155
719.000000,113.911003,0.169857,0.103720
720.000000,113.911003,0.178595,0.122851
721.000000,113.911003,0.187104,0.120753
722.000000,113.911003,0.195374,0.129600
723.000000,113.911003,0.203393,0.144301
724.000000,113.911003,0.211152,0.142340
725.000000,113.911003,0.218641,0.154761
726.000000,113.911003,0.225851,0.162184
727.000000,113.911003,0.232771,0.167932
728.000000,113.911003,0.239393,0.185211
729.000000,113.911003,0.245710,0.178084
730.000000,113.911003,0.251712,0.192093
731.000000,113.911003,0.257391,0.208650
732.000000,113.911003,0.262740,0.201539
733.000000,113.911003,0.267751,0.212248
734.000000,113.911003,0.272420,0.225515
735.000000,113.911003,0.276740,0.219839
736.000000,113.911003,0.280706,0.232834
737.000000,113.911003,0.284312,0.240239
738.000000,113.911003,0.287555,0.236137
739.000000,113.911003,0.290430,0.246273
740.000000,113.911003,0.292933,0.252250
741.000000,113.911003,0.295062,0.248148
742.000000,113.911003,0.296813,0.258141
743.000000,113.911003,0.298185,0.265268
744.000000,113.911003,0.299172,0.256868
745.000000,113.911003,0.299775,0.266143
746.000000,113.911003,0.299995,0.267286
747.000000,113.911003,0.299831,0.265874
748.000000,113.911003,0.299283,0.274999
749.000000,113.911003,0.298353,0.263303
750.000000,113.911003,0.297040,0.273591
751.000000,113.911003,0.295348,0.285430
752.000000,113.911003,0.293277,0.268883
753.000000,113.911003,0.290832,0.274303
754.000000,113.911003,0.288014,0.279419
755.000000,113.911003,0.284828,0.269738
756.000000,113.911003,0.281275,0.267866
757.000000,113.911003,0.277361,0.275841
758.000000,113.911003,0.273092,0.261302
759.000000,113.911003,0.268473,0.264145
760.000000,113.911003,0.263512,0.269406
761.000000,113.911003,0.258213,0.255868
762.000000,113.911003,0.252583,0.248131
763.000000,113.911003,0.246631,0.251541
764.000000,113.911003,0.240363,0.237853
765.000000,113.911003,0.233787,0.240978
766.000000,113.911003,0.226912,0.233255
767.000000,113.911003,0.219747,0.227840
768.000000,113.911003,0.212299,0.228387
769.000000,113.911003,0.204578,0.213974
770.000000,113.911003,0.196596,0.214252
771.000000,113.911003,0.188362,0.215797
772.000000,113.911003,0.179887,0.194674
773.000000,113.911003,0.171182,0.196662
774.000000,113.911003,0.162258,0.194200
775.000000,113.911003,0.153127,0.176947
776.000000,113.911003,0.143799,0.172067
777.000000,113.911003,0.134288,0.174897
778.000000,113.911003,0.124604,0.152780
779.000000,113.911003,0.114761,0.149619
780.000000,113.911003,0.104770,0.147300
781.000000,113.911003,0.094645,0.122751
782.000000,113.911003,0.084399,0.123593
783.000000,113.911003,0.074045,0.125283
784.000000,113.911003,0.063596,0.106022
785.000000,113.911003,0.053066,0.099141
786.000000,113.911003,0.042468,0.090268
787.000000,113.911003,0.031815,0.077425
788.000000,113.911003,0.021122,0.083121
789.000000,113.911003,0.010402,0.061978
790.000000,113.911003,-0.000332,0.048682
791.000000,113.911003,-0.011065,0.048652
792.000000,113.911003,-0.021784,0.034964
793.000000,113.911003,-0.032475,0.025084
794.000000,113.911003,-0.043125,0.020764
795.000000,113.911003,-0.053719,0.000933
796.000000,113.911003,-0.064244,-0.003374
797.000000,113.911003,-0.074687,-0.007264
798.000000,113.911003,-0.085035,-0.030951
799.000000,113.911003,-0.095274,-0.034828
800.000000,113.911003,-0.105391,-0.033714
801.000000,113.911003,-0.115373,-0.055115
802.000000,113.911003,-0.125208,-0.061281
803.000000,113.911003,-0.134882,-0.068885
804.000000,113.911003,-0.144383,-0.086860
805.000000,113.911003,-0.153698,-0.087308
806.000000,113.911003,-0.162817,-0.096472
807.000000,113.911003,-0.171727,-0.107738
808.000000,113.911003,-0.180418,-0.111190
809.000000,113.911003,-0.188878,-0.129049
810.000000,113.911003,-0.197096,-0.136338
811.000000,113.911003,-0.205062,-0.137080
812.000000,113.911003,-0.212765,-0.153349
813.000000,113.911003,-0.220197,-0.157362
814.000000,113.911003,-0.227346,-0.153385
815.000000,113.911003,-0.234205,-0.176937
816.000000,113.911003,-0.240761,-0.177381
817.000000,113.911003,-0.247010,-0.179842
818.000000,113.911003,-0.252942,-0.197814
819.000000,113.911003,-0.258550,-0.205981
820.000000,113.911003,-0.263828,-0.201574
821.000000,113.911003,-0.268768,-0.215401
822.000000,113.911003,-0.273364,-0.217422
823.000000,113.911003,-0.277611,-0.226865
824.000000,113.911003,-0.281502,-0.236279
825.000000,113.911003,-0.285033,-0.236872
826.000000,113.911003,-0.288200,-0.250152
827.000000,113.911003,-0.290997,-0.247292
828.000000,113.911003,-0.293419,-0.243173
829.000000,113.911003,-0.295465,-0.257865
830.000000,113.911003,-0.297134,-0.260307
831.000000,113.911003,-0.298422,-0.253332
832.000000,113.911003,-0.299328,-0.267586
833.000000,113.911003,-0.299851,-0.267030
834.000000,113.911003,-0.299991,-0.266774
835.000000,113.911003,-0.299747,-0.274740
836.000000,113.911003,-0.299119,-0.267891
837.000000,113.911003,-0.298109,-0.261486
838.000000,113.911003,-0.296717,-0.276884
839.000000,113.911003,-0.294945,-0.271324
840.000000,113.911003,-0.292792,-0.266059
841.000000,113.911003,-0.290265,-0.279601
842.000000,113.911003,-0.287367,-0.273328
843.000000,113.911003,-0.284101,-0.276191
844.000000,113.911003,-0.280471,-0.274312
845.000000,113.911003,-0.276482,-0.273908
846.000000,113.911003,-0.272140,-0.269452
847.000000,113.911003,-0.267450,-0.259445
848.000000,113.911003,-0.262417,-0.250612
849.000000,113.911003,-0.257049,-0.260297
850.000000,113.911003,-0.251352,-0.253733
851.000000,113.911003,-0.245332,-0.235033
852.000000,113.911003,-0.238996,-0.246427
853.000000,113.911003,-0.232354,-0.237008
854.000000,113.911003,-0.225415,-0.227886
855.000000,113.911003,-0.218188,-0.235275
856.000000,113.911003,-0.210681,-0.223280
857.000000,113.911003,-0.202905,-0.214155
858.000000,113.911003,-0.194870,-0.221120
859.000000,113.911003,-0.186585,-0.206412
860.000000,113.911003,-0.178061,-0.199418
861.000000,113.911003,-0.169310,-0.197387
862.000000,113.911003,-0.160341,-0.182682
863.000000,113.911003,-0.151167,-0.182805
864.000000,113.911003,-0.141798,-0.172656
865.000000,113.911003,-0.132248,-0.163958
866.000000,113.911003,-0.122529,-0.161493
867.000000,113.911003,-0.112653,-0.148495
868.000000,113.911003,-0.102633,-0.130083
869.000000,113.911003,-0.092481,-0.133757
870.000000,113.911003,-0.082212,-0.124765
871.000000,113.911003,-0.071837,-0.105922
872.000000,113.911003,-0.061370,-0.111167
873.000000,113.911003,-0.050824,-0.097599
874.000000,113.911003,-0.040213,-0.079899
875.000000,113.911003,-0.029551,-0.086002
876.000000,113.911003,-0.018851,-0.066142
0.000000,118.966003,0.004722,-0.040722
1.000000,118.966003,0.015927,-0.040391
2.000000,118.966003,0.027110,-0.030255
3.000000,118.966003,0.038254,-0.020984
4.000000,118.966003,0.049346,0.007374
5.000000,118.966003,0.060368,-0.004381
6.000000,118.966003,0.071306,0.003912
7.000000,118.966003,0.082144,0.010790
8.000000,118.966003,0.092868,0.022208
9.000000,118.966003,0.103462,0.028957
10.000000,118.966003,0.113912,0.048678
11.000000,118.966003,0.124202,0.063946
12.000000,118.966003,0.134320,0.063701
13.000000,118.966003,0.144249,0.075553
14.000000,118.966003,0.153978,0.097256
15.000000,118.966003,0.163491,0.093442
16.000000,118.966003,0.172776,0.107580
17.000000,118.966003,0.181819,0.116274
18.000000,118.966003,0.190607,0.117463
19.000000,118.966003,0.199130,0.134318
20.000000,118.966003,0.207374,0.145590
21.000000,118.966003,0.215329,0.143771
22.000000,118.966003,0.222984,0.157763
23.000000,118.966003,0.230326,0.164907
24.000000,118.966003,0.237347,0.170791
25.000000,118.966003,0.244037,0.186639
26.000000,118.966003,0.250386,0.186662
27.000000,118.966003,0.256385,0.198239
28.000000,118.966003,0.262027,0.212795
29.000000,118.966003,0.267302,0.203540
30.000000,118.966003,0.272204,0.218971
31.000000,118.966003,0.276726,0.229232
32.000000,118.966003,0.280862,0.224272
33.000000,118.966003,0.284606,0.232691
34.000000,118.966003,0.287952,0.249533
35.000000,118.966003,0.290896,0.209395
36.000000,118.966003,0.293434,0.248989
37.000000,118.966003,0.295562,0.268837
38.000000,118.966003,0.297277,0.259016
39.000000,118.966003,0.298575,0.265861
40.000000,118.966003,0.299457,0.274844
41.000000,118.966003,0.299920,0.268167
42.000000,118.966003,0.299964,0.271007
43.000000,118.966003,0.299590,0.278289
44.000000,118.966003,0.298797,0.270165
45.000000,118.966003,0.297587,0.275718
46.000000,118.966003,0.295962,0.267587
47.000000,118.966003,0.293923,0.271590
48.000000,118.966003,0.291474,0.277425
49.000000,118.966003,0.288617,0.267166
50.000000,118.966003,0.285358,0.272017
51.000000,118.966003,0.281700,0.278419
52.000000,118.966003,0.277649,0.257730
53.000000,118.966003,0.273211,0.267438
54.000000,118.966003,0.268390,0.274128
55.000000,118.966003,0.263195,0.257869
56.000000,118.966003,0.257633,0.260427
57.000000,118.966003,0.251710,0.262114
58.000000,118.966003,0.245437,0.246716
59.000000,118.966003,0.238820,0.245557
60.000000,118.966003,0.231869,0.245819
61.000000,118.966003,0.224594,0.232704
62.000000,118.966003,0.217005,0.230683
63.000000,118.966003,0.209113,0.223391
64.000000,118.966003,0.200929,0.214401
65.000000,118.966003,0.192464,0.213805
66.000000,118.966003,0.183731,0.196814
67.000000,118.966003,0.174741,0.195950
68.000000,118.966003,0.165507,0.201069
69.000000,118.966003,0.156043,0.180947
70.000000,118.966003,0.146360,0.176643
71.000000,118.966003,0.136473,0.173038
72.000000,118.966003,0.126395,0.156925
73.000000,118.966003,0.116141,0.155335
74.000000,118.966003,0.105725,0.151733
75.000000,118.966003,0.095161,0.132048
76.000000,118.966003,0.084464,0.131174
77.000000,118.966003,0.073649,0.124282
78.000000,118.966003,0.062731,0.105883
79.000000,118.966003,0.051726,0.103146
80.000000,118.966003,0.040648,0.095264
81.000000,118.966003,0.029513,0.078568
82.000000,118.966003,0.018337,0.070112
83.000000,118.966003,0.007136,0.055832
84.000000,118.966003,-0.004076,0.051826
85.000000,118.966003,-0.015281,0.085390
86.000000,118.966003,-0.026465,0.026671
87.000000,118.966003,-0.037613,0.011506
88.000000,118.966003,-0.048707,0.013332
89.000000,118.966003,-0.059734,-0.003212
90.000000,118.966003,-0.070677,-0.007804
91.000000,118.966003,-0.081522,-0.007834
92.000000,118.966003,-0.092253,-0.035958
93.000000,118.966003,-0.102854,-0.036547
94.000000,118.966003,-0.113313,-0.039721
95.000000,118.966003,-0.123613,-0.062981
96.000000,118.966003,-0.133740,-0.067716
97.000000,118.966003,-0.143681,-0.067885
98.000000,118.966003,-0.153421,-0.095439
99.000000,118.966003,-0.162947,-0.099746
100.000000,118.966003,-0.172245,-0.100326
101.000000,118.966003,-0.181303,-0.116316
102.000000,118.966003,-0.190108,-0.116624
103.000000,118.966003,-0.198647,-0.137197
104.000000,118.966003,-0.206909,-0.146633
105.000000,118.966003,-0.214881,-0.143088
106.000000,118.966003,-0.222552,-0.154204
107.000000,118.966003,-0.229913,-0.166225
108.000000,118.966003,-0.236953,-0.166685
109.000000,118.966003,-0.243661,-0.184657
110.000000,118.966003,-0.250030,-0.186675
111.000000,118.966003,-0.256049,-0.187562
112.000000,118.966003,-0.261711,-0.206392
113.000000,118.966003,-0.267008,-0.212413
114.000000,118.966003,-0.271931,-0.205150
115.000000,118.966003,-0.276475,-0.224980
116.000000,118.966003,-0.280633,-0.230288
117.000000,118.966003,-0.284399,-0.227455
118.000000,118.966003,-0.287768,-0.243141
119.000000,118.966003,-0.290735,-0.239728
120.000000,118.966003,-0.293296,-0.250175
121.000000,118.966003,-0.295447,-0.257726
122.000000,118.966003,-0.297186,-0.255175
123.000000,118.966003,-0.298510,-0.266453
124.000000,118.966003,-0.299418,-0.266165
125.000000,118.966003,-0.299907,-0.256042
126.000000,118.966003,-0.299976,-0.271162
127.000000,118.966003,-0.299626,-0.273318
128.000000,118.966003,-0.298857,-0.264627
129.000000,118.966003,-0.297670,-0.275737
130.000000,118.966003,-0.296068,-0.272321
131.000000,118.966003,-0.294053,-0.267632
132.000000,118.966003,-0.291627,-0.277596
133.000000,118.966003,-0.288794,-0.270751
134.000000,118.966003,-0.285558,-0.263630
135.000000,118.966003,-0.281923,-0.276453
136.000000,118.966003,-0.277894,-0.268176
137.000000,118.966003,-0.273477,-0.258627
138.000000,118.966003,-0.268679,-0.270734
139.000000,118.966003,-0.263505,-0.262172
140.000000,118.966003,-0.257963,-0.253047
141.000000,118.966003,-0.252061,-0.258296
142.000000,118.966003,-0.245807,-0.247305
143.000000,118.966003,-0.239210,-0.247739
144.000000,118.966003,-0.232279,-0.244429
145.000000,118.966003,-0.225023,-0.231299
146.000000,118.966003,-0.217453,-0.237419
147.000000,118.966003,-0.209580,-0.228277
148.000000,118.966003,-0.201413,-0.210004
149.000000,118.966003,-0.192964,-0.217972
150.000000,118.966003,-0.184246,-0.206690
151.000000,118.966003,-0.175270,-0.188848
152.000000,118.966003,-0.166050,-0.196813
153.000000,118.966003,-0.156598,-0.183388
154.000000,118.966003,-0.146927,-0.163113
155.000000,118.966003,-0.137052,-0.169932
156.000000,118.966003,-0.126984,-0.157796
157.000000,118.966003,-0.116740,-0.145384
158.000000,118.966003,-0.106333,-0.150344
159.000000,118.966003,-0.095777,-0.134059
160.000000,118.966003,-0.085087,-0.120358
161.000000,118.966003,-0.074279,-0.124748
162.000000,118.966003,-0.063366,-0.111614
163.000000,118.966003,-0.052366,-0.100475
164.000000,118.966003,-0.041292,-0.097586
165.000000,118.966003,-0.030160,-0.079163
166.000000,118.966003,-0.018987,-0.082003
167.000000,118.966003,-0.007787,-0.065847
168.000000,118.966003,0.003425,-0.044714
169.000000,118.966003,0.014631,-0.048681
170.000000,118.966003,0.025817,-0.036826
171.000000,118.966003,0.036967,-0.015981
172.000000,118.966003,0.048065,-0.015223
173.000000,118.966003,0.059096,-0.006088
174.000000,118.966003,0.070045,0.013899
175.000000,118.966003,0.080896,0.014514
176.000000,118.966003,0.091633,0.028225
177.000000,118.966003,0.102243,0.042781
178.000000,118.966003,0.112710,0.040822
179.000000,118.966003,0.123019,0.055534
180.000000,118.966003,0.133157,0.071524
181.000000,118.966003,0.143108,0.074423
182.000000,118.966003,0.152860,0.087415
183.000000,118.966003,0.162399,0.091705
184.000000,118.966003,0.171711,0.102159
185.000000,118.966003,0.180783,0.116433
186.000000,118.966003,0.189602,0.118749
187.000000,118.966003,0.198157,0.128606
188.000000,118.966003,0.206435,0.145590
189.000000,118.966003,0.214425,0.146634
190.000000,118.966003,0.222116,0.157912
191.000000,118.966003,0.229496,0.175755
192.000000,118.966003,0.236555,0.167935
193.000000,118.966003,0.243283,0.180214
194.000000,118.966003,0.249672,0.199777
195.000000,118.966003,0.255711,0.189383
196.000000,118.966003,0.261394,0.202377
197.000000,118.966003,0.266712,0.213935
198.000000,118.966003,0.271657,0.213116
199.000000,118.966003,0.276222,0.222105
200.000000,118.966003,0.280403,0.229245
201.000000,118.966003,0.284191,0.235133
202.000000,118.966003,0.287583,0.241402
203.000000,118.966003,0.290573,0.236276
204.000000,118.966003,0.293157,0.293455
205.000000,118.966003,0.295332,0.257263
206.000000,118.966003,0.297095,0.240004
207.000000,118.966003,0.298443,0.253144
208.000000,118.966003,0.299374,0.262836
209.000000,118.966003,0.299887,0.253727
210.000000,118.966003,0.299981,0.262004
211.000000,118.966003,0.299656,0.278561
212.000000,118.966003,0.298913,0.269453
213.000000,118.966003,0.297753,0.272580
214.000000,118.966003,0.296176,0.278700
215.000000,118.966003,0.294184,0.269738
216.000000,118.966003,0.291781,0.270149
217.000000,118.966003,0.288971,0.274989
218.000000,118.966003,0.285758,0.261302
219.000000,118.966003,0.282145,0.271719
220.000000,118.966003,0.278139,0.264715
221.000000,118.966003,0.273744,0.263442
222.000000,118.966003,0.268967,0.267422
223.000000,118.966003,0.263814,0.256299
224.000000,118.966003,0.258293,0.257432
225.000000,118.966003,0.252412,0.259261
226.000000,118.966003,0.246177,0.244715
227.000000,118.966003,0.239600,0.244702
228.000000,118.966003,0.232687,0.249533
229.000000,118.966003,0.225450,0.242717
230.000000,118.966003,0.217897,0.230117
231.000000,118.966003,0.210041,0.231803
232.000000,118.966003,0.201891,0.211545
233.000000,118.966003,0.193459,0.209097
234.000000,118.966003,0.184757,0.210929
235.000000,118.966003,0.175797,0.192669
236.000000,118.966003,0.166591,0.193080
237.000000,118.966003,0.157152,0.182779
238.000000,118.966003,0.147493,0.174651
239.000000,118.966003,0.137628,0.171053
240.000000,118.966003,0.127572,0.152634
241.000000,118.966003,0.117337,0.152343
242.000000,118.966003,0.106938,0.151740
243.000000,118.966003,0.096390,0.130905
244.000000,118.966003,0.085708,0.129603
245.000000,118.966003,0.074906,0.128000
246.000000,118.966003,0.063999,0.105595
247.000000,118.966003,0.053003,0.102149
248.000000,118.966003,0.041933,0.098687
249.000000,118.966003,0.030804,0.070994
250.000000,118.966003,0.019632,0.073979
251.000000,118.966003,0.008433,0.071236
252.000000,118.966003,-0.002778,0.053406
253.000000,118.966003,-0.013985,0.045667
254.000000,118.966003,-0.025172,0.037927
255.000000,118.966003,-0.036325,0.016658
256.000000,118.966003,-0.047427,0.015495
257.000000,118.966003,-0.058463,0.003054
258.000000,118.966003,-0.069416,-0.009938
259.000000,118.966003,-0.080273,-0.009249
260.000000,118.966003,-0.091018,-0.033098
261.000000,118.966003,-0.101635,-0.040828
262.000000,118.966003,-0.112110,-0.043429
263.000000,118.966003,-0.122429,-0.060834
264.000000,118.966003,-0.132577,-0.065423
265.000000,118.966003,-0.142540,-0.066884
266.000000,118.966003,-0.152304,-0.091005
267.000000,118.966003,-0.161855,-0.094309
268.000000,118.966003,-0.171180,-0.094338
269.000000,118.966003,-0.180265,-0.117028
270.000000,118.966003,-0.189100,-0.121336
271.000000,118.966003,-0.197670,-0.125510
272.000000,118.966003,-0.205964,-0.141050
273.000000,118.966003,-0.213971,-0.149217
274.000000,118.966003,-0.221678,-0.146951
275.000000,118.966003,-0.229077,-0.164641
276.000000,118.966003,-0.236155,-0.173242
277.000000,118.966003,-0.242904,-0.185399
278.000000,118.966003,-0.249313,-0.174226
279.000000,118.966003,-0.255375,-0.193122
280.000000,118.966003,-0.261079,-0.215690
281.000000,118.966003,-0.266417,-0.217124
282.000000,118.966003,-0.271384,-0.212863
283.000000,118.966003,-0.275971,-0.226408
284.000000,118.966003,-0.280173,-0.229281
285.000000,118.966003,-0.283984,-0.230884
286.000000,118.966003,-0.287399,-0.236849
287.000000,118.966003,-0.290412,-0.249443
288.000000,118.966003,-0.293019,-0.244469
289.000000,118.966003,-0.295218,-0.255291
290.000000,118.966003,-0.297004,-0.259313
291.000000,118.966003,-0.298375,-0.251049
292.000000,118.966003,-0.299330,-0.263299
293.000000,118.966003,-0.299867,-0.266606
294.000000,118.966003,-0.299985,-0.267202
295.000000,118.966003,-0.299684,-0.277599
296.000000,118.966003,-0.298965,-0.273901
297.000000,118.966003,-0.297828,-0.273189
298.000000,118.966003,-0.296276,-0.276171
299.000000,118.966003,-0.294309,-0.272619
300.000000,118.966003,-0.291932,-0.281748
301.000000,118.966003,-0.289147,-0.275747
302.000000,118.966003,-0.285957,-0.265482
303.000000,118.966003,-0.282367,-0.274452
304.000000,118.966003,-0.278383,-0.266602
305.000000,118.966003,-0.274010,-0.257196
306.000000,118.966003,-0.269255,-0.267732
307.000000,118.966003,-0.264124,-0.263889
308.000000,118.966003,-0.258623,-0.249475
309.000000,118.966003,-0.252762,-0.258866
310.000000,118.966003,-0.246548,-0.252163
311.000000,118.966003,-0.239989,-0.238320
312.000000,118.966003,-0.233096,-0.244569
313.000000,118.966003,-0.225877,-0.235579
314.000000,118.966003,-0.218342,-0.225583
315.000000,118.966003,-0.210503,-0.228986
316.000000,118.966003,-0.202370,-0.218284
317.000000,118.966003,-0.193954,-0.220269
318.000000,118.966003,-0.185267,-0.210832
319.000000,118.966003,-0.176321,-0.193702
320.000000,118.966003,-0.167130,-0.200528
321.000000,118.966003,-0.157705,-0.188815
322.000000,118.966003,-0.148059,-0.167686
323.000000,118.966003,-0.138207,-0.173216
324.000000,118.966003,-0.128161,-0.162511
325.000000,118.966003,-0.117936,-0.145526
326.000000,118.966003,-0.107546,-0.150775
327.000000,118.966003,-0.097007,-0.136633
328.000000,118.966003,-0.086331,-0.123509
329.000000,118.966003,-0.075536,-0.125895
330.000000,118.966003,-0.064635,-0.113616
331.000000,118.966003,-0.053643,-0.098911
332.000000,118.966003,-0.042577,-0.094869
333.000000,118.966003,-0.031451,-0.081019
334.000000,118.966003,-0.020282,-0.082013
335.000000,118.966003,-0.009084,-0.070708
336.000000,118.966003,0.002127,-0.051431
337.000000,118.966003,0.013335,-0.051968
338.000000,118.966003,0.024524,-0.035252
339.000000,118.966003,0.035678,-0.019841
340.000000,118.966003,0.046784,-0.025375
341.000000,118.966003,0.057823,-0.006661
342.000000,118.966003,0.068782,0.015615
343.000000,118.966003,0.079646,0.011655
344.000000,118.966003,0.090397,0.025793
345.000000,118.966003,0.101023,0.040349
346.000000,118.966003,0.111508,0.040965
347.000000,118.966003,0.121836,0.056249
348.000000,118.966003,0.131994,0.069238
349.000000,118.966003,0.141968,0.066560
350.000000,118.966003,0.151743,0.085556
351.000000,118.966003,0.161307,0.092421
352.000000,118.966003,0.170645,0.105307
353.000000,118.966003,0.179745,0.120724
354.000000,118.966003,0.188594,0.115031
355.000000,118.966003,0.197179,0.128175
356.000000,118.966003,0.205490,0.144590
357.000000,118.966003,0.213513,0.142913
358.000000,118.966003,0.221238,0.156339
359.000000,118.966003,0.228654,0.169606
360.000000,118.966003,0.235751,0.162362
361.000000,118.966003,0.242519,0.178786
362.000000,118.966003,0.248948,0.189482
363.000000,118.966003,0.255030,0.191672
364.000000,118.966003,0.260755,0.204952
365.000000,118.966003,0.266117,0.217649
366.000000,118.966003,0.271107,0.215833
367.000000,118.966003,0.275718,0.221535
368.000000,118.966003,0.279943,0.223520
369.000000,118.966003,0.283776,0.224126
370.000000,118.966003,0.287214,0.239831
371.000000,118.966003,0.290250,0.240133
372.000000,118.966003,0.292881,0.245424
373.000000,118.966003,0.295102,0.255835
374.000000,118.966003,0.296912,0.248867
375.000000,118.966003,0.298308,0.260861
376.000000,118.966003,0.299286,0.270268
377.000000,118.966003,0.299847,0.262160
378.000000,118.966003,0.299989,0.269151
379.000000,118.966003,0.299712,0.275125
380.000000,118.966003,0.299017,0.265592
381.000000,118.966003,0.297904,0.273296
382.000000,118.966003,0.296375,0.280990
383.000000,118.966003,0.294432,0.265877
384.000000,118.966003,0.292078,0.274867
385.000000,118.966003,0.289317,0.274993
386.000000,118.966003,0.286151,0.268021
387.000000,118.966003,0.282586,0.275579
388.000000,118.966003,0.278626,0.264575
389.000000,118.966003,0.274277,0.262299
390.000000,118.966003,0.269543,0.267133
391.000000,118.966003,0.264433,0.262306
392.000000,118.966003,0.258954,0.254288
393.000000,118.966003,0.253113,0.256259
394.000000,118.966003,0.246918,0.243002
395.000000,118.966003,0.240379,0.243417
396.000000,118.966003,0.233504,0.246389
397.000000,118.966003,0.226303,0.230561
398.000000,118.966003,0.218787,0.232118
399.000000,118.966003,0.210964,0.232804
400.000000,118.966003,0.202847,0.214690
401.000000,118.966003,0.194447,0.211956
402.000000,118.966003,0.185775,0.210071
403.000000,118.966003,0.176844,0.195101
404.000000,118.966003,0.167666,0.192938
405.000000,118.966003,0.158254,0.192063
406.000000,118.966003,0.148621,0.173366
407.000000,118.966003,0.138780,0.171630
408.000000,118.966003,0.128746,0.154195
409.000000,118.966003,0.118531,0.144768
410.000000,118.966003,0.108151,0.152890
411.000000,118.966003,0.097620,0.132048
412.000000,118.966003,0.086952,0.148198
413.000000,118.966003,0.076163,0.129862
414.000000,118.966003,0.065267,0.100592
415.000000,118.966003,0.054280,0.096715
416.000000,118.966003,0.043218,0.099402
417.000000,118.966003,0.032095,0.076712
418.000000,118.966003,0.020927,0.072409
419.000000,118.966003,0.009731,0.071663
420.000000,118.966003,-0.001480,0.049546
421.000000,118.966003,-0.012688,0.048241
422.000000,118.966003,-0.023879,0.037205
423.000000,118.966003,-0.035036,0.019948
424.000000,118.966003,-0.046144,0.015499
425.000000,118.966003,-0.057188,0.009187
426.000000,118.966003,-0.068152,-0.006502
427.000000,118.966003,-0.079021,-0.012386
428.000000,118.966003,-0.089780,-0.032406
429.000000,118.966003,-0.100413,-0.038250
430.000000,118.966003,-0.110906,-0.044281
431.000000,118.966003,-0.121244,-0.060695
432.000000,118.966003,-0.131413,-0.065420
433.000000,118.966003,-0.141399,-0.066162
434.000000,118.966003,-0.151186,-0.091575
435.000000,118.966003,-0.160762,-0.095164
436.000000,118.966003,-0.170114,-0.094766
437.000000,118.966003,-0.179228,-0.118602
438.000000,118.966003,-0.188091,-0.121905
439.000000,118.966003,-0.196692,-0.120934
440.000000,118.966003,-0.205018,-0.147342
441.000000,118.966003,-0.213058,-0.146643
442.000000,118.966003,-0.220801,-0.147242
443.000000,118.966003,-0.228235,-0.162640
444.000000,118.966003,-0.235350,-0.170237
445.000000,118.966003,-0.242137,-0.177550
446.000000,118.966003,-0.248586,-0.192238
447.000000,118.966003,-0.254687,-0.196833
448.000000,118.966003,-0.260433,-0.205130
449.000000,118.966003,-0.265815,-0.214116
450.000000,118.966003,-0.270826,-0.209994
451.000000,118.966003,-0.275459,-0.228274
452.000000,118.966003,-0.279708,-0.229135
453.000000,118.966003,-0.283565,-0.230878
454.000000,118.966003,-0.287027,-0.244280
455.000000,118.966003,-0.290088,-0.246152
456.000000,118.966003,-0.292743,-0.239462
457.000000,118.966003,-0.294988,-0.257007
458.000000,118.966003,-0.296821,-0.259167
459.000000,118.966003,-0.298240,-0.250761
460.000000,118.966003,-0.299242,-0.267590
461.000000,118.966003,-0.299827,-0.264889
462.000000,118.966003,-0.299993,-0.259628
463.000000,118.966003,-0.299740,-0.274740
464.000000,118.966003,-0.299068,-0.271324
465.000000,118.966003,-0.297979,-0.269630
466.000000,118.966003,-0.296474,-0.275456
467.000000,118.966003,-0.294555,-0.270184
468.000000,118.966003,-0.292224,-0.281330
469.000000,118.966003,-0.289486,-0.274886
470.000000,118.966003,-0.286343,-0.269763
471.000000,118.966003,-0.282800,-0.274452
472.000000,118.966003,-0.278863,-0.269028
473.000000,118.966003,-0.274536,-0.260052
474.000000,118.966003,-0.269826,-0.263299
475.000000,118.966003,-0.264739,-0.260741
476.000000,118.966003,-0.259282,-0.251192
477.000000,118.966003,-0.253463,-0.257580
478.000000,118.966003,-0.247289,-0.248733
479.000000,118.966003,-0.240769,-0.235463
480.000000,118.966003,-0.233913,-0.246712
481.000000,118.966003,-0.226730,-0.238578
482.000000,118.966003,-0.219231,-0.231027
483.000000,118.966003,-0.211426,-0.233558
484.000000,118.966003,-0.203326,-0.217992
485.000000,118.966003,-0.194942,-0.212575
486.000000,118.966003,-0.186285,-0.214974
487.000000,118.966003,-0.177369,-0.197552
488.000000,118.966003,-0.168204,-0.197105
489.000000,118.966003,-0.158805,-0.188384
490.000000,118.966003,-0.149184,-0.174256
491.000000,118.966003,-0.139355,-0.177222
492.000000,118.966003,-0.129332,-0.167368
493.000000,118.966003,-0.119127,-0.149240
494.000000,118.966003,-0.108756,-0.147769
495.000000,118.966003,-0.098234,-0.138920
496.000000,118.966003,-0.087574,-0.122220
497.000000,118.966003,-0.076792,-0.121462
498.000000,118.966003,-0.065902,-0.110468
499.000000,118.966003,-0.054921,-0.095912
500.000000,118.966003,-0.043862,-0.096439
501.000000,118.966003,-0.032742,-0.081155
502.000000,118.966003,-0.021577,-0.069028
503.000000,118.966003,-0.010381,-0.068988
504.000000,118.966003,0.000829,-0.053565
505.000000,118.966003,0.012038,-0.043561
506.000000,118.966003,0.023230,-0.041822
507.000000,118.966003,0.034389,-0.027548
508.000000,118.966003,0.045501,-0.025524
509.000000,118.966003,0.056549,-0.010514
510.000000,118.966003,0.067518,0.011476
511.000000,118.966003,0.078393,0.009084
512.000000,118.966003,0.089158,0.025372
513.000000,118.966003,0.099799,0.040783
514.000000,118.966003,0.110300,0.043828
515.000000,118.966003,0.120647,0.052820
516.000000,118.966003,0.130826,0.069804
517.000000,118.966003,0.140823,0.069277
518.000000,118.966003,0.150623,0.083415
519.000000,118.966003,0.160212,0.099972
520.000000,118.966003,0.169578,0.098302
521.000000,118.966003,0.178707,0.109153
522.000000,118.966003,0.187585,0.125286
523.000000,118.966003,0.196202,0.127758
524.000000,118.966003,0.204544,0.152333
525.000000,118.966003,0.212601,0.141747
526.000000,118.966003,0.220361,0.146912
527.000000,118.966003,0.227813,0.163187
528.000000,118.966003,0.234947,0.162786
529.000000,118.966003,0.241752,0.175218
530.000000,118.966003,0.248221,0.189058
531.000000,118.966003,0.254342,0.188382
532.000000,118.966003,0.260109,0.201380
533.000000,118.966003,0.265512,0.213646
534.000000,118.966003,0.270544,0.209547
535.000000,118.966003,0.275199,0.220538
536.000000,118.966003,0.279470,0.236664
537.000000,118.966003,0.283350,0.226273
538.000000,118.966003,0.286835,0.239984
539.000000,118.966003,0.289919,0.252108
540.000000,118.966003,0.292598,0.241286
541.000000,118.966003,0.294869,0.254423
542.000000,118.966003,0.296728,0.265119
543.000000,118.966003,0.298172,0.255298
544.000000,118.966003,0.299199,0.260427
545.000000,118.966003,0.299807,0.276991
546.000000,118.966003,0.299997,0.263303
547.000000,118.966003,0.299768,0.267574
548.000000,118.966003,0.299120,0.266428
549.000000,118.966003,0.298055,0.266732
550.000000,118.966003,0.296573,0.276431
551.000000,118.966003,0.294678,0.267591
552.000000,118.966003,0.292371,0.270158
553.000000,118.966003,0.289655,0.278422
554.000000,118.966003,0.286535,0.266023
555.000000,118.966003,0.283015,0.272156
556.000000,118.966003,0.279100,0.276845
557.000000,118.966003,0.274795,0.261302
558.000000,118.966003,0.270107,0.262574
559.000000,118.966003,0.265041,0.268548
560.000000,118.966003,0.259605,0.256299
561.000000,118.966003,0.253807,0.257710
562.000000,118.966003,0.247654,0.258685
563.000000,118.966003,0.241155,0.243715
564.000000,118.966003,0.234320,0.242552
565.000000,118.966003,0.227157,0.236396
566.000000,118.966003,0.219676,0.228699
567.000000,118.966003,0.211888,0.231393
568.000000,118.966003,0.203804,0.213828
569.000000,118.966003,0.195435,0.210535
570.000000,118.966003,0.186794,0.211509
571.000000,118.966003,0.177892,0.200681
572.000000,118.966003,0.168741,0.193372
573.000000,118.966003,0.159355,0.194200
574.000000,118.966003,0.149746,0.175370
575.000000,118.966003,0.139929,0.173353
576.000000,118.966003,0.129915,0.175755
577.000000,118.966003,0.119721,0.151349
578.000000,118.966003,0.109359,0.145040
579.000000,118.966003,0.098845,0.141442
580.000000,118.966003,0.088192,0.122894
581.000000,118.966003,0.077417,0.120015
582.000000,118.966003,0.066533,0.112437
583.000000,118.966003,0.055556,0.102875
584.000000,118.966003,0.044502,0.098276
585.000000,118.966003,0.033385,0.077998
586.000000,118.966003,0.022222,0.075417
587.000000,118.966003,0.011028,0.072240
588.000000,118.966003,-0.000182,0.051548
589.000000,118.966003,-0.011391,0.046385
590.000000,118.966003,-0.022585,0.043782
591.000000,118.966003,-0.033747,0.021950
592.000000,118.966003,-0.044862,0.017357
593.000000,118.966003,-0.055914,0.012040
594.000000,118.966003,-0.066888,-0.009077
595.000000,118.966003,-0.077768,-0.018960
596.000000,118.966003,-0.088540,-0.016982
597.000000,118.966003,-0.099188,-0.043820
598.000000,118.966003,-0.109698,-0.042554
599.000000,118.966003,-0.120055,-0.051573
600.000000,118.966003,-0.130243,-0.066702
601.000000,118.966003,-0.140251,-0.072729
602.000000,118.966003,-0.150062,-0.086148
603.000000,118.966003,-0.159664,-0.095730
604.000000,118.966003,-0.169042,-0.094044
605.000000,118.966003,-0.178185,-0.123460
606.000000,118.966003,-0.187079,-0.117896
607.000000,118.966003,-0.195712,-0.119930
608.000000,118.966003,-0.204072,-0.137044
609.000000,118.966003,-0.212146,-0.144496
610.000000,118.966003,-0.219923,-0.146242
611.000000,118.966003,-0.227393,-0.166215
612.000000,118.966003,-0.234546,-0.169949
613.000000,118.966003,-0.241370,-0.173123
614.000000,118.966003,-0.247858,-0.189378
615.000000,118.966003,-0.254000,-0.194971
616.000000,118.966003,-0.259786,-0.193278
617.000000,118.966003,-0.265210,-0.210683
618.000000,118.966003,-0.270264,-0.211419
619.000000,118.966003,-0.274941,-0.225285
620.000000,118.966003,-0.279233,-0.229417
621.000000,118.966003,-0.283136,-0.227154
622.000000,118.966003,-0.286643,-0.241424
623.000000,118.966003,-0.289750,-0.242720
624.000000,118.966003,-0.292452,-0.240748
625.000000,118.966003,-0.294746,-0.254578
626.000000,118.966003,-0.296629,-0.257593
627.000000,118.966003,-0.298097,-0.250618
628.000000,118.966003,-0.299149,-0.266732
629.000000,118.966003,-0.299783,-0.265890
630.000000,118.966003,-0.299999,-0.258912
631.000000,118.966003,-0.299796,-0.274309
632.000000,118.966003,-0.299172,-0.273182
633.000000,118.966003,-0.298130,-0.270489
634.000000,118.966003,-0.296672,-0.273024
635.000000,118.966003,-0.294800,-0.271327
636.000000,118.966003,-0.292516,-0.276333
637.000000,118.966003,-0.289824,-0.278600
638.000000,118.966003,-0.286727,-0.272619
639.000000,118.966003,-0.283230,-0.275316
640.000000,118.966003,-0.279337,-0.269886
641.000000,118.966003,-0.275055,-0.259333
642.000000,118.966003,-0.270388,-0.268302
643.000000,118.966003,-0.265343,-0.260738
644.000000,118.966003,-0.259929,-0.250615
645.000000,118.966003,-0.254151,-0.259293
646.000000,118.966003,-0.248018,-0.250158
647.000000,118.966003,-0.241539,-0.236891
648.000000,118.966003,-0.234722,-0.246858
649.000000,118.966003,-0.227578,-0.237866
650.000000,118.966003,-0.220116,-0.225311
651.000000,118.966003,-0.212347,-0.233989
652.000000,118.966003,-0.204281,-0.219709
653.000000,118.966003,-0.195930,-0.208291
654.000000,118.966003,-0.187303,-0.211256
655.000000,118.966003,-0.178416,-0.199839
656.000000,118.966003,-0.169279,-0.200114
657.000000,118.966003,-0.159906,-0.188812
658.000000,118.966003,-0.150310,-0.179399
659.000000,118.966003,-0.140504,-0.177222
660.000000,118.966003,-0.130501,-0.165940
661.000000,118.966003,-0.120317,-0.147812
662.000000,118.966003,-0.109964,-0.148770
663.000000,118.966003,-0.099458,-0.139635
664.000000,118.966003,-0.088814,-0.119076
665.000000,118.966003,-0.078045,-0.125464
666.000000,118.966003,-0.067167,-0.111326
667.000000,118.966003,-0.056195,-0.095339
668.000000,118.966003,-0.045145,-0.099872
669.000000,118.966003,-0.034032,-0.086735
670.000000,118.966003,-0.022871,-0.072169
671.000000,118.966003,-0.011678,-0.067988
672.000000,118.966003,-0.000469,-0.054996
673.000000,118.966003,0.010741,-0.053989
674.000000,118.966003,0.021936,-0.041395
675.000000,118.966003,0.033100,-0.023407
676.000000,118.966003,0.044218,-0.030093
677.000000,118.966003,0.055274,-0.008371
678.000000,118.966003,0.066253,0.004469
679.000000,118.966003,0.077140,0.003650
680.000000,118.966003,0.087918,0.023225
681.000000,118.966003,0.098574,0.043354
682.000000,118.966003,0.109092,0.038394
683.000000,118.966003,0.119458,0.053678
684.000000,118.966003,0.129657,0.070805
685.000000,118.966003,0.139674,0.070278
686.000000,118.966003,0.149497,0.084847
687.000000,118.966003,0.159111,0.100688
688.000000,118.966003,0.168503,0.096301
689.000000,118.966003,0.177660,0.106436
690.000000,118.966003,0.186568,0.124001
691.000000,118.966003,0.195216,0.125326
692.000000,118.966003,0.203592,0.139318
693.000000,118.966003,0.211683,0.142890
694.000000,118.966003,0.219479,0.154347
695.000000,118.966003,0.226968,0.170480
696.000000,118.966003,0.234140,0.168793
697.000000,118.966003,0.240986,0.177508
698.000000,118.966003,0.247493,0.190774
699.000000,118.966003,0.253655,0.188382
700.000000,118.966003,0.259462,0.194233
701.000000,118.966003,0.264907,0.215505
702.000000,118.966003,0.269982,0.202682
703.000000,118.966003,0.274681,0.218679
704.000000,118.966003,0.278995,0.236237
705.000000,118.966003,0.282920,0.227274
706.000000,118.966003,0.286450,0.240269
707.000000,118.966003,0.289580,0.252678
708.000000,118.966003,0.292306,0.243857
709.000000,118.966003,0.294623,0.251991
710.000000,118.966003,0.296529,0.261401
711.000000,118.966003,0.298021,0.255440
712.000000,118.966003,0.299097,0.264572
713.000000,118.966003,0.299756,0.265845
714.000000,118.966003,0.299995,0.263161
715.000000,118.966003,0.299816,0.271719
716.000000,118.966003,0.299218,0.265294
717.000000,118.966003,0.298202,0.269446
718.000000,118.966003,0.296770,0.279857
719.000000,118.966003,0.294923,0.270168
720.000000,118.966003,0.292663,0.272302
721.000000,118.966003,0.289994,0.279850
722.000000,118.966003,0.286920,0.267024
723.000000,118.966003,0.283445,0.270583
724.000000,118.966003,0.279575,0.277703
725.000000,118.966003,0.275314,0.264304
726.000000,118.966003,0.270669,0.262859
727.000000,118.966003,0.265646,0.267690
728.000000,118.966003,0.260252,0.258870
729.000000,118.966003,0.254495,0.258711
730.000000,118.966003,0.248382,0.254828
731.000000,118.966003,0.241922,0.243426
732.000000,118.966003,0.235125,0.243122
733.000000,118.966003,0.227999,0.235408
734.000000,118.966003,0.220555,0.229126
735.000000,118.966003,0.212803,0.229673
736.000000,118.966003,0.204753,0.212692
737.000000,118.966003,0.196418,0.215111
738.000000,118.966003,0.187809,0.217795
739.000000,118.966003,0.178937,0.197533
740.000000,118.966003,0.169815,0.191798
741.000000,118.966003,0.160456,0.194055
742.000000,118.966003,0.150872,0.175513
743.000000,118.966003,0.141077,0.171779
744.000000,118.966003,0.131085,0.170606
745.000000,118.966003,0.120911,0.152207
746.000000,118.966003,0.110567,0.148619
747.000000,118.966003,0.100070,0.143016
748.000000,118.966003,0.089432,0.125183
749.000000,118.966003,0.078670,0.125448
750.000000,118.966003,0.067798,0.111426
751.000000,118.966003,0.056831,0.099014
752.000000,118.966003,0.045785,0.099707
753.000000,118.966003,0.034675,0.080712
754.000000,118.966003,0.023516,0.076991
755.000000,118.966003,0.012325,0.072816
756.000000,118.966003,0.001116,0.054553
757.000000,118.966003,-0.010094,0.046535
758.000000,118.966003,-0.021290,0.045644
759.000000,118.966003,-0.032457,0.021807
760.000000,118.966003,-0.043578,0.036101
761.000000,118.966003,-0.054638,0.011039
762.000000,118.966003,-0.065623,-0.010080
763.000000,118.966003,-0.076515,-0.018390
764.000000,118.966003,-0.087300,-0.017273
765.000000,118.966003,-0.097964,-0.035530
766.000000,118.966003,-0.108490,-0.052133
767.000000,118.966003,-0.118865,-0.044433
768.000000,118.966003,-0.129074,-0.059264
769.000000,118.966003,-0.139102,-0.072152
770.000000,118.966003,-0.148936,-0.082172
771.000000,118.966003,-0.158563,-0.095584
772.000000,118.966003,-0.167968,-0.098467
773.000000,118.966003,-0.177138,-0.118321
774.000000,118.966003,-0.186061,-0.124043
775.000000,118.966003,-0.194724,-0.122926
776.000000,118.966003,-0.203115,-0.143906
777.000000,118.966003,-0.211223,-0.144777
778.000000,118.966003,-0.219036,-0.145238
779.000000,118.966003,-0.226543,-0.163352
780.000000,118.966003,-0.233733,-0.166944
781.000000,118.966003,-0.240598,-0.166827
782.000000,118.966003,-0.247126,-0.190952
783.000000,118.966003,-0.253309,-0.192827
784.000000,118.966003,-0.259139,-0.194428
785.000000,118.966003,-0.264606,-0.206965
786.000000,118.966003,-0.269702,-0.210557
787.000000,118.966003,-0.274422,-0.216584
788.000000,118.966003,-0.278759,-0.232704
789.000000,118.966003,-0.282706,-0.232581
790.000000,118.966003,-0.286259,-0.245155
791.000000,118.966003,-0.289411,-0.243001
792.000000,118.966003,-0.292160,-0.241169
793.000000,118.966003,-0.294501,-0.256864
794.000000,118.966003,-0.296430,-0.254446
795.000000,118.966003,-0.297946,-0.255191
796.000000,118.966003,-0.299046,-0.265015
797.000000,118.966003,-0.299728,-0.266317
798.000000,118.966003,-0.299991,-0.256052
799.000000,118.966003,-0.299836,-0.272305
800.000000,118.966003,-0.299262,-0.271609
801.000000,118.966003,-0.298270,-0.264488
802.000000,118.966003,-0.296861,-0.277026
803.000000,118.966003,-0.295038,-0.273756
804.000000,118.966003,-0.292803,-0.267772
805.000000,118.966003,-0.290160,-0.275025
806.000000,118.966003,-0.287111,-0.274471
807.000000,118.966003,-0.283660,-0.279050
808.000000,118.966003,-0.279812,-0.271596
809.000000,118.966003,-0.275573,-0.269760
810.000000,118.966003,-0.270950,-0.272450
811.000000,118.966003,-0.265948,-0.262451
812.000000,118.966003,-0.260575,-0.250612
813.000000,118.966003,-0.254838,-0.259151
814.000000,118.966003,-0.248746,-0.252733
815.000000,118.966003,-0.242306,-0.239893
816.000000,118.966003,-0.235527,-0.249287
817.000000,118.966003,-0.228420,-0.235719
818.000000,118.966003,-0.220994,-0.225169
819.000000,118.966003,-0.213259,-0.229414
820.000000,118.966003,-0.205227,-0.219563
821.000000,118.966003,-0.196907,-0.211584
822.000000,118.966003,-0.188313,-0.213685
823.000000,118.966003,-0.179456,-0.198831
824.000000,118.966003,-0.170349,-0.189272
825.000000,118.966003,-0.161003,-0.191380
826.000000,118.966003,-0.151432,-0.177675
827.000000,118.966003,-0.141651,-0.179816
828.000000,118.966003,-0.131671,-0.168650
829.000000,118.966003,-0.121507,-0.149231
830.000000,118.966003,-0.111172,-0.153346
831.000000,118.966003,-0.100683,-0.143919
832.000000,118.966003,-0.090053,-0.127362
833.000000,118.966003,-0.079298,-0.128466
834.000000,118.966003,-0.068431,-0.113036
835.000000,118.966003,-0.057470,-0.097198
836.000000,118.966003,-0.046428,-0.101585
837.000000,118.966003,-0.035321,-0.090018
838.000000,118.966003,-0.024165,-0.070032
839.000000,118.966003,-0.012975,-0.071274
0.000000,124.245003,0.001589,-0.063856
1.000000,124.245003,0.013294,-0.048402
2.000000,124.245003,0.024979,-0.032700
3.000000,124.245003,0.036626,-0.001363
4.000000,124.245003,0.048217,-0.017380
5.000000,124.245003,0.059735,-0.006684
6.000000,124.245003,0.071161,-0.006214
7.000000,124.245003,0.082480,0.008070
8.000000,124.245003,0.093673,0.029342
9.000000,124.245003,0.104723,0.028530
10.000000,124.245003,0.115613,0.044530
11.000000,124.245003,0.126327,0.069089
12.000000,124.245003,0.136849,0.064274
13.000000,124.245003,0.147163,0.078412
14.000000,124.245003,0.157253,0.094969
15.000000,124.245003,0.167102,0.093442
16.000000,124.245003,0.176696,0.106579
17.000000,124.245003,0.186022,0.125001
18.000000,124.245003,0.195065,0.124040
19.000000,124.245003,0.203812,0.136316
20.000000,124.245003,0.212248,0.140170
21.000000,124.245003,0.220357,0.150918
22.000000,124.245003,0.228132,0.165049
23.000000,124.245003,0.235561,0.163784
24.000000,124.245003,0.242631,0.176649
25.000000,124.245003,0.249334,0.192921
26.000000,124.245003,0.255653,0.187954
27.000000,124.245003,0.261581,0.202242
28.000000,124.245003,0.267113,0.217937
29.000000,124.245003,0.272239,0.207400
30.000000,124.245003,0.276951,0.222112
31.000000,124.245003,0.281242,0.240812
32.000000,124.245003,0.285099,0.228702
33.000000,124.245003,0.288524,0.238122
34.000000,124.245003,0.291510,0.251534
35.000000,124.245003,0.294054,0.244142
36.000000,124.245003,0.296151,0.253419
37.000000,124.245003,0.297794,0.261408
38.000000,124.245003,0.298981,0.262014
39.000000,124.245003,0.299714,0.264854
40.000000,124.245003,0.299992,0.267011
41.000000,124.245003,0.299815,0.266729
42.000000,124.245003,0.299181,0.280145
43.000000,124.245003,0.298086,0.264022
44.000000,124.245003,0.296539,0.272445
45.000000,124.245003,0.294541,0.279135
46.000000,124.245003,0.292096,0.265735
47.000000,124.245003,0.289207,0.272726
48.000000,124.245003,0.285875,0.280559
49.000000,124.245003,0.282105,0.265592
50.000000,124.245003,0.277907,0.270579
51.000000,124.245003,0.273287,0.272554
52.000000,124.245003,0.268252,0.256153
53.000000,124.245003,0.262809,0.261285
54.000000,124.245003,0.256961,0.263124
55.000000,124.245003,0.250722,0.253578
56.000000,124.245003,0.244102,0.254417
57.000000,124.245003,0.237112,0.240984
58.000000,124.245003,0.229762,0.237562
59.000000,124.245003,0.222060,0.240395
60.000000,124.245003,0.214018,0.226989
61.000000,124.245003,0.205650,0.225259
62.000000,124.245003,0.196971,0.223371
63.000000,124.245003,0.187992,0.206112
64.000000,124.245003,0.178728,0.198948
65.000000,124.245003,0.169187,0.203206
66.000000,124.245003,0.159390,0.183521
67.000000,124.245003,0.149351,0.180072
68.000000,124.245003,0.139085,0.182332
69.000000,124.245003,0.128607,0.162216
70.000000,124.245003,0.117933,0.156335
71.000000,124.245003,0.107078,0.151455
72.000000,124.245003,0.096061,0.132188
73.000000,124.245003,0.084897,0.128881
74.000000,124.245003,0.073605,0.117728
75.000000,124.245003,0.062201,0.125902
76.000000,124.245003,0.050700,0.104850
77.000000,124.245003,0.039123,0.079857
78.000000,124.245003,0.027487,0.078276
79.000000,124.245003,0.015808,0.074957
80.000000,124.245003,0.004106,0.055696
81.000000,124.245003,-0.007603,0.052250
82.000000,124.245003,-0.019300,0.048788
83.000000,124.245003,-0.030967,0.027668
84.000000,124.245003,-0.042588,0.027509
85.000000,124.245003,-0.054144,0.019044
86.000000,124.245003,-0.065618,-0.006075
87.000000,124.245003,-0.076991,-0.011667
88.000000,124.245003,-0.088246,-0.011266
89.000000,124.245003,-0.099367,-0.035673
90.000000,124.245003,-0.110338,-0.037117
91.000000,124.245003,-0.121140,-0.047431
92.000000,124.245003,-0.131759,-0.066987
93.000000,124.245003,-0.142174,-0.073299
94.000000,124.245003,-0.152374,-0.088593
95.000000,124.245003,-0.162342,-0.096442
96.000000,124.245003,-0.172063,-0.099043
97.000000,124.245003,-0.181524,-0.119603
98.000000,124.245003,-0.190705,-0.123473
99.000000,124.245003,-0.199595,-0.120928
100.000000,124.245003,-0.208182,-0.144194
101.000000,124.245003,-0.216453,-0.158362
102.000000,124.245003,-0.224396,-0.149101
103.000000,124.245003,-0.231996,-0.167358
104.000000,124.245003,-0.239239,-0.170519
105.000000,124.245003,-0.246119,-0.172550
106.000000,124.245003,-0.252625,-0.191234
107.000000,124.245003,-0.258747,-0.198258
108.000000,124.245003,-0.264477,-0.196571
109.000000,124.245003,-0.269800,-0.215401
110.000000,124.245003,-0.274711,-0.217992
111.000000,124.245003,-0.279205,-0.215729
112.000000,124.245003,-0.283275,-0.235417
113.000000,124.245003,-0.286915,-0.235722
114.000000,124.245003,-0.290118,-0.242312
115.000000,124.245003,-0.292874,-0.263733
116.000000,124.245003,-0.295185,-0.240728
117.000000,124.245003,-0.297048,-0.257017
118.000000,124.245003,-0.298460,-0.259303
119.000000,124.245003,-0.299418,-0.257186
120.000000,124.245003,-0.299917,-0.270303
121.000000,124.245003,-0.299958,-0.265741
122.000000,124.245003,-0.299543,-0.260337
123.000000,124.245003,-0.298673,-0.275880
124.000000,124.245003,-0.297349,-0.273179
125.000000,124.245003,-0.295574,-0.261629
126.000000,124.245003,-0.293342,-0.275737
127.000000,124.245003,-0.290665,-0.272752
128.000000,124.245003,-0.287547,-0.264631
129.000000,124.245003,-0.283992,-0.249436
130.000000,124.245003,-0.280005,-0.270608
131.000000,124.245003,-0.275590,-0.258766
132.000000,124.245003,-0.270752,-0.273163
133.000000,124.245003,-0.265504,-0.269607
134.000000,124.245003,-0.259852,-0.257335
135.000000,124.245003,-0.253805,-0.261871
136.000000,124.245003,-0.247374,-0.252882
137.000000,124.245003,-0.240559,-0.249025
138.000000,124.245003,-0.233380,-0.246288
139.000000,124.245003,-0.225846,-0.232014
140.000000,124.245003,-0.217970,-0.229125
141.000000,124.245003,-0.209762,-0.229278
142.000000,124.245003,-0.201233,-0.211004
143.000000,124.245003,-0.192396,-0.222118
144.000000,124.245003,-0.183267,-0.209407
145.000000,124.245003,-0.173859,-0.193281
146.000000,124.245003,-0.164187,-0.195955
147.000000,124.245003,-0.154266,-0.187105
148.000000,124.245003,-0.144107,-0.167404
149.000000,124.245003,-0.133729,-0.172792
150.000000,124.245003,-0.123148,-0.157796
151.000000,124.245003,-0.112380,-0.142524
152.000000,124.245003,-0.101441,-0.144337
153.000000,124.245003,-0.090347,-0.130914
154.000000,124.245003,-0.079114,-0.119500
155.000000,124.245003,-0.067761,-0.126037
156.000000,124.245003,-0.056305,-0.106611
157.000000,124.245003,-0.044764,-0.098039
158.000000,124.245003,-0.033155,-0.088149
159.000000,124.245003,-0.021495,-0.073302
160.000000,124.245003,-0.009802,-0.072994
161.000000,124.245003,0.001906,-0.060559
162.000000,124.245003,0.013611,-0.040712
163.000000,124.245003,0.025296,-0.043389
164.000000,124.245003,0.036941,-0.028247
165.000000,124.245003,0.048531,0.000320
166.000000,124.245003,0.060046,-0.006644
167.000000,124.245003,0.071470,0.004207
168.000000,124.245003,0.082785,0.024909
169.000000,124.245003,0.093975,0.020091
170.000000,124.245003,0.105021,0.036088
171.000000,124.245003,0.115906,0.055077
172.000000,124.245003,0.126615,0.053406
173.000000,124.245003,0.137131,0.067402
174.000000,124.245003,0.147440,0.083104
175.000000,124.245003,0.157524,0.081573
176.000000,124.245003,0.167365,0.097139
177.000000,124.245003,0.176952,0.104137
178.000000,124.245003,0.186271,0.115601
179.000000,124.245003,0.195307,0.132595
180.000000,124.245003,0.204046,0.129467
181.000000,124.245003,0.212471,0.148340
182.000000,124.245003,0.220572,0.159463
183.000000,124.245003,0.228338,0.156640
184.000000,124.245003,0.235757,0.166209
185.000000,124.245003,0.242819,0.185195
186.000000,124.245003,0.249510,0.182378
187.000000,124.245003,0.255818,0.196947
188.000000,124.245003,0.261736,0.206639
189.000000,124.245003,0.267257,0.200966
190.000000,124.245003,0.272373,0.217394
191.000000,124.245003,0.277075,0.228228
192.000000,124.245003,0.281351,0.219266
193.000000,124.245003,0.285197,0.232260
194.000000,124.245003,0.288611,0.242956
195.000000,124.245003,0.291586,0.242429
196.000000,124.245003,0.294118,0.249417
197.000000,124.245003,0.296203,0.256975
198.000000,124.245003,0.297830,0.255868
199.000000,124.245003,0.299006,0.260281
200.000000,124.245003,0.299728,0.258708
201.000000,124.245003,0.299994,0.259725
202.000000,124.245003,0.299805,0.275284
203.000000,124.245003,0.299156,0.267024
204.000000,124.245003,0.298050,0.273449
205.000000,124.245003,0.296490,0.281566
206.000000,124.245003,0.294481,0.270741
207.000000,124.245003,0.292024,0.272014
208.000000,124.245003,0.289124,0.280562
209.000000,124.245003,0.285777,0.267879
210.000000,124.245003,0.281996,0.271726
211.000000,124.245003,0.277787,0.276842
212.000000,124.245003,0.273157,0.260159
213.000000,124.245003,0.268111,0.262143
214.000000,124.245003,0.262654,0.268552
215.000000,124.245003,0.256796,0.254152
216.000000,124.245003,0.250547,0.255136
217.000000,124.245003,0.243918,0.251402
218.000000,124.245003,0.236918,0.239566
219.000000,124.245003,0.229559,0.242548
220.000000,124.245003,0.221845,0.228261
221.000000,124.245003,0.213794,0.225408
222.000000,124.245003,0.205419,0.227668
223.000000,124.245003,0.196731,0.211830
224.000000,124.245003,0.187745,0.204813
225.000000,124.245003,0.178471,0.212361
226.000000,124.245003,0.168924,0.189525
227.000000,124.245003,0.159121,0.192371
228.000000,124.245003,0.149075,0.186192
229.000000,124.245003,0.138804,0.168936
230.000000,124.245003,0.128321,0.163486
231.000000,124.245003,0.117640,0.159311
232.000000,124.245003,0.106781,0.143055
233.000000,124.245003,0.095760,0.139891
234.000000,124.245003,0.084593,0.130011
235.000000,124.245003,0.073297,0.118033
236.000000,124.245003,0.061890,0.111006
237.000000,124.245003,0.050387,0.096145
238.000000,124.245003,0.038808,0.090433
239.000000,124.245003,0.027170,0.089691
240.000000,124.245003,0.015491,0.067992
241.000000,124.245003,0.003788,0.059115
242.000000,124.245003,-0.007920,0.059086
243.000000,124.245003,-0.019617,0.033533
244.000000,124.245003,-0.031283,0.030372
245.000000,124.245003,-0.042902,0.028769
246.000000,124.245003,-0.054456,0.002507
247.000000,124.245003,-0.065928,-0.000369
248.000000,124.245003,-0.077297,-0.001830
249.000000,124.245003,-0.088549,-0.027091
250.000000,124.245003,-0.099667,-0.034258
251.000000,124.245003,-0.110633,-0.036431
252.000000,124.245003,-0.121432,-0.058406
253.000000,124.245003,-0.132043,-0.070148
254.000000,124.245003,-0.142454,-0.068597
255.000000,124.245003,-0.152647,-0.086572
256.000000,124.245003,-0.162609,-0.092741
257.000000,124.245003,-0.172324,-0.096032
258.000000,124.245003,-0.181777,-0.114745
259.000000,124.245003,-0.190949,-0.119775
260.000000,124.245003,-0.199832,-0.139049
261.000000,124.245003,-0.208411,-0.143061
262.000000,124.245003,-0.216674,-0.141374
263.000000,124.245003,-0.224608,-0.163498
264.000000,124.245003,-0.232196,-0.167944
265.000000,124.245003,-0.239430,-0.166831
266.000000,124.245003,-0.246300,-0.191091
267.000000,124.245003,-0.252796,-0.189822
268.000000,124.245003,-0.258909,-0.186562
269.000000,124.245003,-0.264627,-0.207678
270.000000,124.245003,-0.269938,-0.212555
271.000000,124.245003,-0.274838,-0.208582
272.000000,124.245003,-0.279321,-0.229271
273.000000,124.245003,-0.283380,-0.230861
274.000000,124.245003,-0.287009,-0.233452
275.000000,124.245003,-0.290197,-0.244715
276.000000,124.245003,-0.292941,-0.245307
277.000000,124.245003,-0.295241,-0.260589
278.000000,124.245003,-0.297092,-0.258587
279.000000,124.245003,-0.298493,-0.251609
280.000000,124.245003,-0.299439,-0.264869
281.000000,124.245003,-0.299923,-0.268743
282.000000,124.245003,-0.299952,-0.260052
283.000000,124.245003,-0.299525,-0.269015
284.000000,124.245003,-0.298644,-0.274180
285.000000,124.245003,-0.297309,-0.267632
286.000000,124.245003,-0.295518,-0.280601
287.000000,124.245003,-0.293275,-0.274899
288.000000,124.245003,-0.290586,-0.269064
289.000000,124.245003,-0.287456,-0.275598
290.000000,124.245003,-0.283890,-0.272755
291.000000,124.245003,-0.279893,-0.269919
292.000000,124.245003,-0.275463,-0.271307
293.000000,124.245003,-0.270615,-0.263034
294.000000,124.245003,-0.265355,-0.264177
295.000000,124.245003,-0.259693,-0.261874
296.000000,124.245003,-0.253637,-0.250887
297.000000,124.245003,-0.247192,-0.256437
298.000000,124.245003,-0.240369,-0.253014
299.000000,124.245003,-0.233180,-0.233455
300.000000,124.245003,-0.225638,-0.238992
301.000000,124.245003,-0.217752,-0.231000
302.000000,124.245003,-0.209536,-0.209871
303.000000,124.245003,-0.200997,-0.225123
304.000000,124.245003,-0.192152,-0.214560
305.000000,124.245003,-0.183015,-0.198430
306.000000,124.245003,-0.173601,-0.202675
307.000000,124.245003,-0.163922,-0.189106
308.000000,124.245003,-0.153993,-0.181267
309.000000,124.245003,-0.143828,-0.184087
310.000000,124.245003,-0.133444,-0.169094
311.000000,124.245003,-0.122858,-0.160095
312.000000,124.245003,-0.112085,-0.154350
313.000000,124.245003,-0.101142,-0.143078
314.000000,124.245003,-0.090043,-0.140768
315.000000,124.245003,-0.078807,-0.125616
316.000000,124.245003,-0.067452,-0.109487
317.000000,124.245003,-0.055993,-0.113881
318.000000,124.245003,-0.044450,-0.099308
319.000000,124.245003,-0.032839,-0.076178
320.000000,124.245003,-0.021178,-0.079707
321.000000,124.245003,-0.009484,-0.071430
322.000000,124.245003,0.002224,-0.049012
323.000000,124.245003,0.013929,-0.050828
324.000000,124.245003,0.025612,-0.040265
325.000000,124.245003,0.037257,-0.019275
326.000000,124.245003,0.048844,-0.020802
327.000000,124.245003,0.060357,-0.002374
328.000000,124.245003,0.071778,0.010900
329.000000,124.245003,0.083091,0.011940
330.000000,124.245003,0.094277,0.024647
331.000000,124.245003,0.105318,0.031373
332.000000,124.245003,0.116198,0.041962
333.000000,124.245003,0.126903,0.055236
334.000000,124.245003,0.137414,0.060414
335.000000,124.245003,0.147717,0.076845
336.000000,124.245003,0.157793,0.096116
337.000000,124.245003,0.167628,0.092013
338.000000,124.245003,0.177209,0.107583
339.000000,124.245003,0.186520,0.121565
340.000000,124.245003,0.195548,0.143195
341.000000,124.245003,0.204279,0.136319
342.000000,124.245003,0.212694,0.149732
343.000000,124.245003,0.220787,0.144914
344.000000,124.245003,0.228544,0.162200
345.000000,124.245003,0.235955,0.171043
346.000000,124.245003,0.243007,0.167793
347.000000,124.245003,0.249685,0.190648
348.000000,124.245003,0.255983,0.189936
349.000000,124.245003,0.261891,0.201244
350.000000,124.245003,0.267402,0.210227
351.000000,124.245003,0.272507,0.207828
352.000000,124.245003,0.277197,0.222257
353.000000,124.245003,0.281460,0.237098
354.000000,124.245003,0.285295,0.231134
355.000000,124.245003,0.288697,0.237840
356.000000,124.245003,0.291661,0.252393
357.000000,124.245003,0.294182,0.241571
358.000000,124.245003,0.296251,0.252849
359.000000,124.245003,0.297867,0.266120
360.000000,124.245003,0.299031,0.253582
361.000000,124.245003,0.299741,0.261143
362.000000,124.245003,0.299996,0.274277
363.000000,124.245003,0.299795,0.267163
364.000000,124.245003,0.299131,0.270718
365.000000,124.245003,0.298013,0.269572
366.000000,124.245003,0.296442,0.269592
367.000000,124.245003,0.294421,0.276431
368.000000,124.245003,0.291953,0.305472
369.000000,124.245003,0.289037,0.270016
370.000000,124.245003,0.285679,0.272133
371.000000,124.245003,0.281887,0.256159
372.000000,124.245003,0.277667,0.261580
373.000000,124.245003,0.273026,0.269983
374.000000,124.245003,0.267970,0.256156
375.000000,124.245003,0.262499,0.255712
376.000000,124.245003,0.256631,0.264403
377.000000,124.245003,0.250372,0.244288
378.000000,124.245003,0.243733,0.246700
379.000000,124.245003,0.236725,0.255394
380.000000,124.245003,0.229353,0.232419
381.000000,124.245003,0.221630,0.228258
382.000000,124.245003,0.213571,0.233096
383.000000,124.245003,0.205187,0.218550
384.000000,124.245003,0.196492,0.215813
385.000000,124.245003,0.187498,0.203514
386.000000,124.245003,0.178215,0.198958
387.000000,124.245003,0.168661,0.199077
388.000000,124.245003,0.158851,0.180659
389.000000,124.245003,0.148800,0.179509
390.000000,124.245003,0.138523,0.179337
391.000000,124.245003,0.128033,0.160500
392.000000,124.245003,0.117348,0.153910
393.000000,124.245003,0.106484,0.201052
394.000000,124.245003,0.095458,0.126330
395.000000,124.245003,0.084288,0.117165
396.000000,124.245003,0.072990,0.123142
397.000000,124.245003,0.061578,0.101880
398.000000,124.245003,0.050074,0.095141
399.000000,124.245003,0.038493,0.091394
400.000000,124.245003,0.026854,0.071564
401.000000,124.245003,0.015174,0.068403
402.000000,124.245003,0.003471,0.065517
403.000000,124.245003,-0.008238,0.046256
404.000000,124.245003,-0.019934,0.043235
405.000000,124.245003,-0.031599,0.030932
406.000000,124.245003,-0.043217,0.012510
407.000000,124.245003,-0.054769,0.007199
408.000000,124.245003,-0.066237,-0.008510
409.000000,124.245003,-0.077604,-0.012516
410.000000,124.245003,-0.088853,-0.017264
411.000000,124.245003,-0.099967,-0.034815
412.000000,124.245003,-0.110929,-0.044406
413.000000,124.245003,-0.121722,-0.042435
414.000000,124.245003,-0.132328,-0.032369
415.000000,124.245003,-0.142733,-0.076294
416.000000,124.245003,-0.152921,-0.083046
417.000000,124.245003,-0.162877,-0.106591
418.000000,124.245003,-0.172585,-0.110610
419.000000,124.245003,-0.182028,-0.106922
420.000000,124.245003,-0.191194,-0.125464
421.000000,124.245003,-0.200069,-0.134632
422.000000,124.245003,-0.208640,-0.136660
423.000000,124.245003,-0.216894,-0.154492
424.000000,124.245003,-0.224818,-0.157371
425.000000,124.245003,-0.232396,-0.169952
426.000000,124.245003,-0.239621,-0.177944
427.000000,124.245003,-0.246481,-0.181400
428.000000,124.245003,-0.252968,-0.192523
429.000000,124.245003,-0.259071,-0.201396
430.000000,124.245003,-0.264775,-0.197280
431.000000,124.245003,-0.270075,-0.215113
432.000000,124.245003,-0.274965,-0.216127
433.000000,124.245003,-0.279437,-0.214586
434.000000,124.245003,-0.283485,-0.236991
435.000000,124.245003,-0.287102,-0.236862
436.000000,124.245003,-0.290276,-0.233747
437.000000,124.245003,-0.293009,-0.253720
438.000000,124.245003,-0.295297,-0.254595
439.000000,124.245003,-0.297137,-0.248760
440.000000,124.245003,-0.298526,-0.264873
441.000000,124.245003,-0.299456,-0.264462
442.000000,124.245003,-0.299929,-0.265621
443.000000,124.245003,-0.299946,-0.273882
444.000000,124.245003,-0.299508,-0.267182
445.000000,124.245003,-0.298614,-0.278756
446.000000,124.245003,-0.297268,-0.272884
447.000000,124.245003,-0.295461,-0.270625
448.000000,124.245003,-0.293207,-0.279455
449.000000,124.245003,-0.290507,-0.277463
450.000000,124.245003,-0.287366,-0.264339
451.000000,124.245003,-0.283789,-0.275022
452.000000,124.245003,-0.279776,-0.270462
453.000000,124.245003,-0.275336,-0.265058
454.000000,124.245003,-0.270477,-0.267732
455.000000,124.245003,-0.265207,-0.261742
456.000000,124.245003,-0.259535,-0.250761
457.000000,124.245003,-0.253469,-0.257295
458.000000,124.245003,-0.247011,-0.251593
459.000000,124.245003,-0.240178,-0.243753
460.000000,124.245003,-0.232980,-0.247143
461.000000,124.245003,-0.225429,-0.233721
462.000000,124.245003,-0.217535,-0.228873
463.000000,124.245003,-0.209308,-0.227558
464.000000,124.245003,-0.200760,-0.216998
465.000000,124.245003,-0.191907,-0.220272
466.000000,124.245003,-0.182763,-0.210975
467.000000,124.245003,-0.173342,-0.193702
468.000000,124.245003,-0.163657,-0.196525
469.000000,124.245003,-0.153720,-0.185816
470.000000,124.245003,-0.143549,-0.169687
471.000000,124.245003,-0.133160,-0.171076
472.000000,124.245003,-0.122569,-0.157650
473.000000,124.245003,-0.111791,-0.140380
474.000000,124.245003,-0.100843,-0.149055
475.000000,124.245003,-0.089740,-0.135490
476.000000,124.245003,-0.078500,-0.121219
477.000000,124.245003,-0.067142,-0.117459
478.000000,124.245003,-0.055681,-0.108039
479.000000,124.245003,-0.044136,-0.093036
480.000000,124.245003,-0.032523,-0.095869
481.000000,124.245003,-0.020861,-0.074730
482.000000,124.245003,-0.009166,-0.073571
483.000000,124.245003,0.002542,-0.056699
484.000000,124.245003,0.014246,-0.040997
485.000000,124.245003,0.025929,-0.043817
486.000000,124.245003,0.037572,-0.028247
487.000000,124.245003,0.049157,-0.004686
488.000000,124.245003,0.060668,-0.011078
489.000000,124.245003,0.072087,0.006493
490.000000,124.245003,0.083397,0.023477
491.000000,124.245003,0.094578,0.023238
492.000000,124.245003,0.105615,0.035949
493.000000,124.245003,0.116491,0.053218
494.000000,124.245003,0.127191,0.053980
495.000000,124.245003,0.137697,0.066544
496.000000,124.245003,0.147994,0.088677
497.000000,124.245003,0.158063,0.086006
498.000000,124.245003,0.167891,0.095857
499.000000,124.245003,0.177465,0.107278
500.000000,124.245003,0.186769,0.116459
501.000000,124.245003,0.195790,0.130021
502.000000,124.245003,0.204510,0.127175
503.000000,124.245003,0.212918,0.142621
504.000000,124.245003,0.221002,0.158608
505.000000,124.245003,0.228750,0.156355
506.000000,124.245003,0.236152,0.170354
507.000000,124.245003,0.243193,0.186195
508.000000,124.245003,0.249860,0.183949
509.000000,124.245003,0.256148,0.201523
510.000000,124.245003,0.262046,0.209783
511.000000,124.245003,0.267547,0.209687
512.000000,124.245003,0.272641,0.215389
513.000000,124.245003,0.277317,0.226085
514.000000,124.245003,0.281569,0.221409
515.000000,124.245003,0.285393,0.233831
516.000000,124.245003,0.288784,0.238105
517.000000,124.245003,0.291736,0.238281
518.000000,124.245003,0.294245,0.253559
519.000000,124.245003,0.296300,0.276450
520.000000,124.245003,0.297904,0.248287
521.000000,124.245003,0.299057,0.261985
522.000000,124.245003,0.299755,0.253867
523.000000,124.245003,0.299998,0.260864
524.000000,124.245003,0.299781,0.275274
525.000000,124.245003,0.299106,0.264734
526.000000,124.245003,0.297976,0.269439
527.000000,124.245003,0.296393,0.277272
528.000000,124.245003,0.294361,0.268737
529.000000,124.245003,0.291881,0.272011
530.000000,124.245003,0.288951,0.277557
531.000000,124.245003,0.285581,0.268167
532.000000,124.245003,0.281778,0.269579
533.000000,124.245003,0.277548,0.272839
534.000000,124.245003,0.272895,0.261302
535.000000,124.245003,0.267825,0.266288
536.000000,124.245003,0.262345,0.263982
537.000000,124.245003,0.256466,0.252581
538.000000,124.245003,0.250197,0.255991
539.000000,124.245003,0.243549,0.246697
540.000000,124.245003,0.236531,0.240994
541.000000,124.245003,0.229147,0.241541
542.000000,124.245003,0.221415,0.225558
543.000000,124.245003,0.213348,0.227264
544.000000,124.245003,0.204956,0.229951
545.000000,124.245003,0.196253,0.210402
546.000000,124.245003,0.187249,0.210532
547.000000,124.245003,0.177959,0.209786
548.000000,124.245003,0.168398,0.187954
549.000000,124.245003,0.158582,0.184936
550.000000,124.245003,0.148524,0.187050
551.000000,124.245003,0.138241,0.165503
552.000000,124.245003,0.127745,0.164344
553.000000,124.245003,0.117055,0.162028
554.000000,124.245003,0.106187,0.141197
555.000000,124.245003,0.095157,0.142323
556.000000,124.245003,0.083983,0.133006
557.000000,124.245003,0.072681,0.119319
558.000000,124.245003,0.061267,0.112294
559.000000,124.245003,0.049760,0.093710
560.000000,124.245003,0.038178,0.086288
561.000000,124.245003,0.026538,0.086550
562.000000,124.245003,0.014857,0.061269
563.000000,124.245003,0.003153,0.061117
564.000000,124.245003,-0.008555,0.060229
565.000000,124.245003,-0.020251,0.036677
566.000000,124.245003,-0.031915,0.031373
567.000000,124.245003,-0.043532,0.028911
568.000000,124.245003,-0.055082,0.002792
569.000000,124.245003,-0.066547,-0.002658
570.000000,124.245003,-0.077911,-0.004547
571.000000,124.245003,-0.089156,-0.026090
572.000000,124.245003,-0.100267,-0.027250
573.000000,124.245003,-0.111225,-0.036143
574.000000,124.245003,-0.122012,-0.058263
575.000000,124.245003,-0.132613,-0.064144
576.000000,124.245003,-0.143012,-0.072596
577.000000,124.245003,-0.153194,-0.088149
578.000000,124.245003,-0.163144,-0.089600
579.000000,124.245003,-0.172845,-0.108026
580.000000,124.245003,-0.182280,-0.115176
581.000000,124.245003,-0.191438,-0.116634
582.000000,124.245003,-0.200306,-0.137187
583.000000,124.245003,-0.208869,-0.148349
584.000000,124.245003,-0.217115,-0.142521
585.000000,124.245003,-0.225027,-0.173647
586.000000,124.245003,-0.232596,-0.171519
587.000000,124.245003,-0.239812,-0.164830
588.000000,124.245003,-0.246663,-0.183945
589.000000,124.245003,-0.253140,-0.186535
590.000000,124.245003,-0.259231,-0.188994
591.000000,124.245003,-0.264923,-0.206250
592.000000,124.245003,-0.270213,-0.212558
593.000000,124.245003,-0.275092,-0.217015
594.000000,124.245003,-0.279553,-0.229268
595.000000,124.245003,-0.283591,-0.226001
596.000000,124.245003,-0.287193,-0.233018
597.000000,124.245003,-0.290355,-0.243714
598.000000,124.245003,-0.293077,-0.243021
599.000000,124.245003,-0.295354,-0.256874
600.000000,124.245003,-0.297182,-0.254585
601.000000,124.245003,-0.298558,-0.252610
602.000000,124.245003,-0.299474,-0.268587
603.000000,124.245003,-0.299935,-0.272030
604.000000,124.245003,-0.299940,-0.262911
605.000000,124.245003,-0.299490,-0.272020
606.000000,124.245003,-0.298585,-0.269319
607.000000,124.245003,-0.297223,-0.262769
608.000000,124.245003,-0.295405,-0.279601
609.000000,124.245003,-0.293139,-0.273756
610.000000,124.245003,-0.290428,-0.265061
611.000000,124.245003,-0.287276,-0.276599
612.000000,124.245003,-0.283687,-0.272039
613.000000,124.245003,-0.279660,-0.265055
614.000000,124.245003,-0.275209,-0.276599
615.000000,124.245003,-0.270339,-0.263465
616.000000,124.245003,-0.265059,-0.264747
617.000000,124.245003,-0.259377,-0.260589
618.000000,124.245003,-0.253297,-0.252892
619.000000,124.245003,-0.246830,-0.257865
620.000000,124.245003,-0.239987,-0.245867
621.000000,124.245003,-0.232780,-0.230596
622.000000,124.245003,-0.225220,-0.238992
623.000000,124.245003,-0.217317,-0.235003
624.000000,124.245003,-0.209079,-0.217734
625.000000,124.245003,-0.200523,-0.225265
626.000000,124.245003,-0.191663,-0.209699
627.000000,124.245003,-0.182512,-0.199573
628.000000,124.245003,-0.173083,-0.200531
629.000000,124.245003,-0.163390,-0.189110
630.000000,124.245003,-0.153446,-0.181691
631.000000,124.245003,-0.143269,-0.175940
632.000000,124.245003,-0.132875,-0.165522
633.000000,124.245003,-0.122279,-0.162511
634.000000,124.245003,-0.111497,-0.151779
635.000000,124.245003,-0.100543,-0.136650
636.000000,124.245003,-0.089436,-0.137760
637.000000,124.245003,-0.078194,-0.125620
638.000000,124.245003,-0.066832,-0.103344
639.000000,124.245003,-0.055369,-0.112453
640.000000,124.245003,-0.043822,-0.100170
641.000000,124.245003,-0.032207,-0.078183
642.000000,124.245003,-0.020544,-0.080853
643.000000,124.245003,-0.008849,-0.069001
644.000000,124.245003,0.002859,-0.048299
645.000000,124.245003,0.014563,-0.049112
646.000000,124.245003,0.026245,-0.037833
647.000000,124.245003,0.037887,-0.017840
648.000000,124.245003,0.049471,-0.019659
649.000000,124.245003,0.060979,-0.002519
650.000000,124.245003,0.072396,0.004054
651.000000,124.245003,0.083702,0.009508
652.000000,124.245003,0.094879,0.033503
653.000000,124.245003,0.105912,0.032102
654.000000,124.245003,0.116784,0.045107
655.000000,124.245003,0.127479,0.067382
656.000000,124.245003,0.137980,0.063131
657.000000,124.245003,0.148269,0.079131
658.000000,124.245003,0.158332,0.096258
659.000000,124.245003,0.168155,0.093726
660.000000,124.245003,0.177722,0.108868
661.000000,124.245003,0.187019,0.123852
662.000000,124.245003,0.196031,0.119607
663.000000,124.245003,0.204742,0.123162
664.000000,124.245003,0.213141,0.152449
665.000000,124.245003,0.221217,0.151349
666.000000,124.245003,0.228956,0.165059
667.000000,124.245003,0.236349,0.176053
668.000000,124.245003,0.243378,0.177226
669.000000,124.245003,0.250035,0.190503
670.000000,124.245003,0.256313,0.188229
671.000000,124.245003,0.262201,0.199528
672.000000,124.245003,0.267691,0.217801
673.000000,124.245003,0.272774,0.209687
674.000000,124.245003,0.277437,0.223828
675.000000,124.245003,0.281678,0.230806
676.000000,124.245003,0.285491,0.230418
677.000000,124.245003,0.288870,0.248708
678.000000,124.245003,0.291811,0.251534
679.000000,124.245003,0.294305,0.246574
680.000000,124.245003,0.296348,0.254708
681.000000,124.245003,0.297941,0.266693
682.000000,124.245003,0.299082,0.258442
683.000000,124.245003,0.299769,0.265715
684.000000,124.245003,0.300000,0.268419
685.000000,124.245003,0.299768,0.262445
686.000000,124.245003,0.299080,0.270718
687.000000,124.245003,0.297939,0.266295
688.000000,124.245003,0.296345,0.271305
689.000000,124.245003,0.294301,0.277998
690.000000,124.245003,0.291806,0.267309
691.000000,124.245003,0.288864,0.272302
692.000000,124.245003,0.285484,0.278992
693.000000,124.245003,0.281670,0.266308
694.000000,124.245003,0.277428,0.268724
695.000000,124.245003,0.272765,0.275414
696.000000,124.245003,0.267681,0.259158
697.000000,124.245003,0.262190,0.265864
698.000000,124.245003,0.256301,0.264688
699.000000,124.245003,0.250022,0.249579
700.000000,124.245003,0.243364,0.248989
701.000000,124.245003,0.236334,0.250819
702.000000,124.245003,0.228941,0.233993
703.000000,124.245003,0.221201,0.231545
704.000000,124.245003,0.213124,0.230094
705.000000,124.245003,0.204724,0.218835
706.000000,124.245003,0.196013,0.216386
707.000000,124.245003,0.187000,0.206373
708.000000,124.245003,0.177702,0.202676
709.000000,124.245003,0.168135,0.198362
710.000000,124.245003,0.158312,0.183806
711.000000,124.245003,0.148249,0.177508
712.000000,124.245003,0.137959,0.175477
713.000000,124.245003,0.127457,0.156355
714.000000,124.245003,0.116762,0.154483
715.000000,124.245003,0.105890,0.152880
716.000000,124.245003,0.094856,0.134620
717.000000,124.245003,0.083679,0.127314
718.000000,124.245003,0.072372,0.128712
719.000000,124.245003,0.060956,0.107454
720.000000,124.245003,0.049447,0.100860
721.000000,124.245003,0.037863,0.092826
722.000000,124.245003,0.026221,0.073853
723.000000,124.245003,0.014539,0.069976
724.000000,124.245003,0.002835,0.065232
725.000000,124.245003,-0.008873,0.046541
726.000000,124.245003,-0.020568,0.043950
727.000000,124.245003,-0.032231,0.030786
728.000000,124.245003,-0.043846,0.016370
729.000000,124.245003,-0.055394,0.014346
730.000000,124.245003,-0.066856,-0.007221
731.000000,124.245003,-0.078217,-0.016091
732.000000,124.245003,-0.089460,-0.015262
733.000000,124.245003,-0.100566,-0.037671
734.000000,124.245003,-0.111520,-0.040828
735.000000,124.245003,-0.122302,-0.045437
736.000000,124.245003,-0.132897,-0.068700
737.000000,124.245003,-0.143291,-0.076721
738.000000,124.245003,-0.153468,-0.077609
739.000000,124.245003,-0.163411,-0.094580
740.000000,124.245003,-0.173104,-0.102748
741.000000,124.245003,-0.182532,-0.106207
742.000000,124.245003,-0.191683,-0.128039
743.000000,124.245003,-0.200542,-0.131915
744.000000,124.245003,-0.209097,-0.137660
745.000000,124.245003,-0.217334,-0.158349
746.000000,124.245003,-0.225236,-0.157799
747.000000,124.245003,-0.232796,-0.164386
748.000000,124.245003,-0.240002,-0.177941
749.000000,124.245003,-0.246844,-0.180538
750.000000,124.245003,-0.253311,-0.193818
751.000000,124.245003,-0.259390,-0.199679
752.000000,124.245003,-0.265071,-0.197704
753.000000,124.245003,-0.270350,-0.218115
754.000000,124.245003,-0.275219,-0.218271
755.000000,124.245003,-0.279670,-0.217015
756.000000,124.245003,-0.283695,-0.231985
757.000000,124.245003,-0.287283,-0.237004
758.000000,124.245003,-0.290434,-0.245758
759.000000,124.245003,-0.293145,-0.251576
760.000000,124.245003,-0.295410,-0.253737
761.000000,124.245003,-0.297226,-0.245758
762.000000,124.245003,-0.298588,-0.261155
763.000000,124.245003,-0.299491,-0.263889
764.000000,124.245003,-0.299941,-0.261768
765.000000,124.245003,-0.299934,-0.275883
766.000000,124.245003,-0.299473,-0.266324
767.000000,124.245003,-0.298556,-0.274468
768.000000,124.245003,-0.297178,-0.274601
769.000000,124.245003,-0.295349,-0.268335
770.000000,124.245003,-0.293071,-0.281456
771.000000,124.245003,-0.290349,-0.275462
772.000000,124.245003,-0.287185,-0.266771
773.000000,124.245003,-0.283582,-0.274594
774.000000,124.245003,-0.279544,-0.268176
775.000000,124.245003,-0.275082,-0.256052
776.000000,124.245003,-0.270202,-0.269018
777.000000,124.245003,-0.264911,-0.263173
778.000000,124.245003,-0.259219,-0.250476
779.000000,124.245003,-0.253126,-0.256295
780.000000,124.245003,-0.246648,-0.255880
781.000000,124.245003,-0.239796,-0.242607
782.000000,124.245003,-0.232580,-0.248001
783.000000,124.245003,-0.225011,-0.233293
784.000000,124.245003,-0.217097,-0.234012
785.000000,124.245003,-0.208850,-0.226985
786.000000,124.245003,-0.200286,-0.219430
787.000000,124.245003,-0.191419,-0.217548
788.000000,124.245003,-0.182260,-0.207403
789.000000,124.245003,-0.172825,-0.190988
790.000000,124.245003,-0.163123,-0.193951
791.000000,124.245003,-0.153173,-0.184385
792.000000,124.245003,-0.142990,-0.164684
793.000000,124.245003,-0.132590,-0.175505
794.000000,124.245003,-0.121989,-0.155933
795.000000,124.245003,-0.111202,-0.133084
796.000000,124.245003,-0.100243,-0.144910
797.000000,124.245003,-0.089133,-0.132057
798.000000,124.245003,-0.077887,-0.117217
799.000000,124.245003,-0.066523,-0.119603
800.000000,124.245003,-0.055057,-0.105465
801.000000,124.245003,-0.043507,-0.089905
802.000000,124.245003,-0.031891,-0.091579
803.000000,124.245003,-0.020227,-0.077586
0.000000,129.757996,0.004087,-0.059264
1.000000,129.757996,0.016309,-0.046981
2.000000,129.757996,0.028503,-0.028853
3.000000,129.757996,0.040650,-0.027376
4.000000,129.757996,0.052729,-0.013096
5.000000,129.757996,0.064721,-0.000687
6.000000,129.757996,0.076606,0.000933
7.000000,129.757996,0.088361,0.017788
8.000000,129.757996,0.099971,0.036777
9.000000,129.757996,0.111417,0.035819
10.000000,129.757996,0.122674,0.051246
11.000000,129.757996,0.133729,0.061670
12.000000,129.757996,0.144564,0.065987
13.000000,129.757996,0.155155,0.085695
14.000000,129.757996,0.165489,0.092007
15.000000,129.757996,0.175551,0.103299
16.000000,129.757996,0.185318,0.120571
17.000000,129.757996,0.194777,0.120896
18.000000,129.757996,0.203916,0.133463
19.000000,129.757996,0.212713,0.150163
20.000000,129.757996,0.221156,0.148204
21.000000,129.757996,0.229235,0.160914
22.000000,129.757996,0.236930,0.176898
23.000000,129.757996,0.244231,0.173369
24.000000,129.757996,0.251130,0.183074
25.000000,129.757996,0.257609,0.198203
26.000000,129.757996,0.263658,0.199104
27.000000,129.757996,0.269273,0.211526
28.000000,129.757996,0.274440,0.220810
29.000000,129.757996,0.279147,0.218404
30.000000,129.757996,0.283395,0.228248
31.000000,129.757996,0.287172,0.232128
32.000000,129.757996,0.290467,0.239275
33.000000,129.757996,0.293283,0.257979
34.000000,129.757996,0.295614,0.235425
35.000000,129.757996,0.297447,0.254712
36.000000,129.757996,0.298791,0.267693
37.000000,129.757996,0.299641,0.259158
38.000000,129.757996,0.299985,0.267862
39.000000,129.757996,0.299835,0.273840
40.000000,129.757996,0.299192,0.263734
41.000000,129.757996,0.298042,0.274439
42.000000,129.757996,0.296401,0.277703
43.000000,129.757996,0.294272,0.270453
44.000000,129.757996,0.291647,0.277010
45.000000,129.757996,0.288540,0.277859
46.000000,129.757996,0.284957,0.265162
47.000000,129.757996,0.280896,0.272147
48.000000,129.757996,0.276368,0.264155
49.000000,129.757996,0.271386,0.263870
50.000000,129.757996,0.265949,0.268131
51.000000,129.757996,0.260069,0.255298
52.000000,129.757996,0.253761,0.254715
53.000000,129.757996,0.247029,0.259831
54.000000,129.757996,0.239885,0.244434
55.000000,129.757996,0.232346,0.245275
56.000000,129.757996,0.224420,0.246531
57.000000,129.757996,0.216118,0.229275
58.000000,129.757996,0.207460,0.223112
59.000000,129.757996,0.198458,0.225226
60.000000,129.757996,0.189122,0.207828
61.000000,129.757996,0.179476,0.203521
62.000000,129.757996,0.169532,0.199919
63.000000,129.757996,0.159302,0.185950
64.000000,129.757996,0.148810,0.182928
65.000000,129.757996,0.138073,0.176623
66.000000,129.757996,0.127102,0.160354
67.000000,129.757996,0.115922,0.158903
68.000000,129.757996,0.104552,0.142900
69.000000,129.757996,0.093004,0.134043
70.000000,129.757996,0.081303,0.134302
71.000000,129.757996,0.069468,0.119180
72.000000,129.757996,0.057516,0.110588
73.000000,129.757996,0.045469,0.097689
74.000000,129.757996,0.033348,0.083147
75.000000,129.757996,0.021169,0.082703
76.000000,129.757996,0.008957,0.078240
77.000000,129.757996,-0.003271,0.055981
78.000000,129.757996,-0.015494,0.048387
79.000000,129.757996,-0.027690,0.044640
80.000000,129.757996,-0.039841,-0.041537
81.000000,129.757996,-0.051925,0.016930
82.000000,129.757996,-0.063923,0.023908
83.000000,129.757996,-0.075816,0.001076
84.000000,129.757996,-0.087582,-0.011810
85.000000,129.757996,-0.099201,-0.019835
86.000000,129.757996,-0.110658,-0.038678
87.000000,129.757996,-0.121930,-0.047418
88.000000,129.757996,-0.132998,-0.061987
89.000000,129.757996,-0.143847,-0.072139
90.000000,129.757996,-0.154457,-0.077457
91.000000,129.757996,-0.164808,-0.097579
92.000000,129.757996,-0.174887,-0.100882
93.000000,129.757996,-0.184677,-0.104202
94.000000,129.757996,-0.194156,-0.123317
95.000000,129.757996,-0.203315,-0.131199
96.000000,129.757996,-0.212139,-0.131086
97.000000,129.757996,-0.220604,-0.154346
98.000000,129.757996,-0.228706,-0.161513
99.000000,129.757996,-0.236431,-0.159396
100.000000,129.757996,-0.243757,-0.181370
101.000000,129.757996,-0.250681,-0.186532
102.000000,129.757996,-0.257192,-0.189560
103.000000,129.757996,-0.263269,-0.202247
104.000000,129.757996,-0.268911,-0.207413
105.000000,129.757996,-0.274110,-0.216716
106.000000,129.757996,-0.278849,-0.223555
107.000000,129.757996,-0.283125,-0.223148
108.000000,129.757996,-0.286934,-0.240139
109.000000,129.757996,-0.290264,-0.245291
110.000000,129.757996,-0.293109,-0.239029
111.000000,129.757996,-0.295472,-0.253432
112.000000,129.757996,-0.297343,-0.259449
113.000000,129.757996,-0.298716,-0.248614
114.000000,129.757996,-0.299597,-0.265585
115.000000,129.757996,-0.299980,-0.266745
116.000000,129.757996,-0.299860,-0.259054
117.000000,129.757996,-0.299247,-0.272308
118.000000,129.757996,-0.298137,-0.270181
119.000000,129.757996,-0.296525,-0.265204
120.000000,129.757996,-0.294426,-0.272165
121.000000,129.757996,-0.291840,-0.271039
122.000000,129.757996,-0.288762,-0.274060
123.000000,129.757996,-0.285208,-0.275883
124.000000,129.757996,-0.281184,-0.267898
125.000000,129.757996,-0.276684,-0.275469
126.000000,129.757996,-0.271729,-0.266307
127.000000,129.757996,-0.266327,-0.257040
128.000000,129.757996,-0.260474,-0.265300
129.000000,129.757996,-0.254192,-0.258448
130.000000,129.757996,-0.247492,-0.242464
131.000000,129.757996,-0.240374,-0.251003
132.000000,129.757996,-0.232858,-0.243154
133.000000,129.757996,-0.224959,-0.226885
134.000000,129.757996,-0.216682,-0.235275
135.000000,129.757996,-0.208046,-0.223996
136.000000,129.757996,-0.199067,-0.218446
137.000000,129.757996,-0.189754,-0.216259
138.000000,129.757996,-0.180126,-0.200263
139.000000,129.757996,-0.170201,-0.193990
140.000000,129.757996,-0.159992,-0.193954
141.000000,129.757996,-0.149515,-0.177675
142.000000,129.757996,-0.138793,-0.173955
143.000000,129.757996,-0.127839,-0.167076
144.000000,129.757996,-0.116672,-0.149658
145.000000,129.757996,-0.105312,-0.154204
146.000000,129.757996,-0.093777,-0.141630
147.000000,129.757996,-0.082085,-0.121213
148.000000,129.757996,-0.070258,-0.126465
149.000000,129.757996,-0.058314,-0.110607
150.000000,129.757996,-0.046272,-0.091621
151.000000,129.757996,-0.034154,-0.091860
152.000000,129.757996,-0.021980,-0.079581
153.000000,129.757996,-0.009768,-0.059880
154.000000,129.757996,0.002459,-0.062265
155.000000,129.757996,0.014683,-0.046696
156.000000,129.757996,0.026881,-0.030570
157.000000,129.757996,0.039036,-0.031382
158.000000,129.757996,0.051126,-0.017244
159.000000,129.757996,0.063130,-0.000684
160.000000,129.757996,0.075029,-0.001641
161.000000,129.757996,0.086805,0.020359
162.000000,129.757996,0.098435,0.031641
163.000000,129.757996,0.109902,0.036532
164.000000,129.757996,0.121187,0.059390
165.000000,129.757996,0.132270,0.055113
166.000000,129.757996,0.143133,0.070845
167.000000,129.757996,0.153760,0.089118
168.000000,129.757996,0.164130,0.082719
169.000000,129.757996,0.174226,0.101582
170.000000,129.757996,0.184035,0.118994
171.000000,129.757996,0.193538,0.126615
172.000000,129.757996,0.202716,0.129030
173.000000,129.757996,0.211561,0.142728
174.000000,129.757996,0.220055,0.143914
175.000000,129.757996,0.228179,0.160914
176.000000,129.757996,0.235928,0.178184
177.000000,129.757996,0.243285,0.171222
178.000000,129.757996,0.250233,0.176928
179.000000,129.757996,0.256770,0.198060
180.000000,129.757996,0.262882,0.196387
181.000000,129.757996,0.268550,0.210953
182.000000,129.757996,0.273776,0.219378
183.000000,129.757996,0.278552,0.218119
184.000000,129.757996,0.282856,0.229679
185.000000,129.757996,0.286694,0.233983
186.000000,129.757996,0.290060,0.240994
187.000000,129.757996,0.292936,0.250259
188.000000,129.757996,0.295329,0.245003
189.000000,129.757996,0.297235,0.253714
190.000000,129.757996,0.298641,0.265265
191.000000,129.757996,0.299552,0.254012
192.000000,129.757996,0.299970,0.262720
193.000000,129.757996,0.299885,0.276272
194.000000,129.757996,0.299301,0.266593
195.000000,129.757996,0.298225,0.269009
196.000000,129.757996,0.296650,0.282849
197.000000,129.757996,0.294580,0.271026
198.000000,129.757996,0.292025,0.276156
199.000000,129.757996,0.288983,0.278704
200.000000,129.757996,0.285458,0.267021
201.000000,129.757996,0.281464,0.271007
202.000000,129.757996,0.277001,0.271560
203.000000,129.757996,0.272073,0.261302
204.000000,129.757996,0.266698,0.263711
205.000000,129.757996,0.260880,0.257422
206.000000,129.757996,0.254624,0.254006
207.000000,129.757996,0.247948,0.259413
208.000000,129.757996,0.240863,0.244288
209.000000,129.757996,0.233371,0.244135
210.000000,129.757996,0.225495,0.240103
211.000000,129.757996,0.217248,0.222413
212.000000,129.757996,0.208632,0.222827
213.000000,129.757996,0.199674,0.227228
214.000000,129.757996,0.190387,0.207258
215.000000,129.757996,0.180777,0.206241
216.000000,129.757996,0.170870,0.210929
217.000000,129.757996,0.160682,0.183806
218.000000,129.757996,0.150222,0.183359
219.000000,129.757996,0.139514,0.180042
220.000000,129.757996,0.128577,0.164645
221.000000,129.757996,0.117423,0.158052
222.000000,129.757996,0.106075,0.150309
223.000000,129.757996,0.094551,0.136051
224.000000,129.757996,0.082870,0.132741
225.000000,129.757996,0.071050,0.119296
226.000000,129.757996,0.059114,0.105161
227.000000,129.757996,0.047079,0.102421
228.000000,129.757996,0.034965,0.085575
229.000000,129.757996,0.022793,0.079850
230.000000,129.757996,0.010584,0.076961
231.000000,129.757996,-0.001643,0.051263
232.000000,129.757996,-0.013867,0.051392
233.000000,129.757996,-0.026069,0.047930
234.000000,129.757996,-0.038226,0.020952
235.000000,129.757996,-0.050321,0.014359
236.000000,129.757996,-0.062332,0.012898
237.000000,129.757996,-0.074238,-0.009219
238.000000,129.757996,-0.086023,-0.018387
239.000000,129.757996,-0.097665,-0.022419
240.000000,129.757996,-0.109142,-0.041391
241.000000,129.757996,-0.120439,-0.048985
242.000000,129.757996,-0.131538,-0.054731
243.000000,129.757996,-0.142415,-0.071990
244.000000,129.757996,-0.153057,-0.080588
245.000000,129.757996,-0.163447,-0.093752
246.000000,129.757996,-0.173561,-0.107022
247.000000,129.757996,-0.183388,-0.107330
248.000000,129.757996,-0.192914,-0.125901
249.000000,129.757996,-0.202115,-0.131332
250.000000,129.757996,-0.210981,-0.132362
251.000000,129.757996,-0.219499,-0.154346
252.000000,129.757996,-0.227650,-0.159933
253.000000,129.757996,-0.235421,-0.162537
254.000000,129.757996,-0.242806,-0.180654
255.000000,129.757996,-0.249784,-0.184816
256.000000,129.757996,-0.256346,-0.182128
257.000000,129.757996,-0.262486,-0.206250
258.000000,129.757996,-0.268188,-0.207694
259.000000,129.757996,-0.273441,-0.203006
260.000000,129.757996,-0.278244,-0.219116
261.000000,129.757996,-0.282586,-0.230431
262.000000,129.757996,-0.286452,-0.230314
263.000000,129.757996,-0.289847,-0.249860
264.000000,129.757996,-0.292762,-0.246590
265.000000,129.757996,-0.295184,-0.246752
266.000000,129.757996,-0.297120,-0.259870
267.000000,129.757996,-0.298566,-0.257315
268.000000,129.757996,-0.299507,-0.261748
269.000000,129.757996,-0.299955,-0.266019
270.000000,129.757996,-0.299910,-0.260754
271.000000,129.757996,-0.299356,-0.274024
272.000000,129.757996,-0.298310,-0.269886
273.000000,129.757996,-0.296773,-0.270485
274.000000,129.757996,-0.294734,-0.279740
275.000000,129.757996,-0.292209,-0.271032
276.000000,129.757996,-0.289202,-0.261340
277.000000,129.757996,-0.285709,-0.273593
278.000000,129.757996,-0.281743,-0.273037
279.000000,129.757996,-0.277312,-0.263488
280.000000,129.757996,-0.272417,-0.273451
281.000000,129.757996,-0.267068,-0.265605
282.000000,129.757996,-0.261280,-0.253909
283.000000,129.757996,-0.255055,-0.263730
284.000000,129.757996,-0.248405,-0.255880
285.000000,129.757996,-0.241345,-0.246467
286.000000,129.757996,-0.233883,-0.250861
287.000000,129.757996,-0.226030,-0.289063
288.000000,129.757996,-0.217805,-0.229436
289.000000,129.757996,-0.209218,-0.217548
290.000000,129.757996,-0.200280,-0.204417
291.000000,129.757996,-0.191012,-0.212969
292.000000,129.757996,-0.181428,-0.203970
293.000000,129.757996,-0.171538,-0.187413
294.000000,129.757996,-0.161366,-0.190091
295.000000,129.757996,-0.150927,-0.179667
296.000000,129.757996,-0.140234,-0.164541
297.000000,129.757996,-0.129309,-0.171645
298.000000,129.757996,-0.118172,-0.153359
299.000000,129.757996,-0.106835,-0.139377
300.000000,129.757996,-0.095321,-0.143909
301.000000,129.757996,-0.083651,-0.131773
302.000000,129.757996,-0.071840,-0.112499
303.000000,129.757996,-0.059910,-0.115600
304.000000,129.757996,-0.047881,-0.101605
305.000000,129.757996,-0.035772,-0.084183
306.000000,129.757996,-0.023603,-0.082000
307.000000,129.757996,-0.011396,-0.071725
308.000000,129.757996,0.000831,-0.064863
309.000000,129.757996,0.013056,-0.054691
310.000000,129.757996,0.025259,-0.035841
311.000000,129.757996,0.037421,-0.036246
312.000000,129.757996,0.049520,-0.020666
313.000000,129.757996,0.061537,0.000751
314.000000,129.757996,0.073452,-0.001784
315.000000,129.757996,0.085244,0.011215
316.000000,129.757996,0.096896,0.031343
317.000000,129.757996,0.108386,0.031532
318.000000,129.757996,0.119695,0.050388
319.000000,129.757996,0.130807,0.061799
320.000000,129.757996,0.141701,0.066279
321.000000,129.757996,0.152358,0.080274
322.000000,129.757996,0.162764,0.096828
323.000000,129.757996,0.172900,0.099591
324.000000,129.757996,0.182745,0.110870
325.000000,129.757996,0.192289,0.130144
326.000000,129.757996,0.201517,0.124898
327.000000,129.757996,0.210403,0.139464
328.000000,129.757996,0.218943,0.154884
329.000000,129.757996,0.227122,0.152634
330.000000,129.757996,0.234918,0.167773
331.000000,129.757996,0.242326,0.171060
332.000000,129.757996,0.249335,0.182945
333.000000,129.757996,0.255924,0.195502
334.000000,129.757996,0.262089,0.192384
335.000000,129.757996,0.267824,0.204958
336.000000,129.757996,0.273107,0.212222
337.000000,129.757996,0.277938,0.215551
338.000000,129.757996,0.282311,0.231263
339.000000,129.757996,0.286211,0.241528
340.000000,129.757996,0.289635,0.237711
341.000000,129.757996,0.292582,0.241554
342.000000,129.757996,0.295040,0.260113
343.000000,129.757996,0.297006,0.238851
344.000000,129.757996,0.298483,0.254708
345.000000,129.757996,0.299462,0.270268
346.000000,129.757996,0.299940,0.258442
347.000000,129.757996,0.299925,0.267146
348.000000,129.757996,0.299411,0.271428
349.000000,129.757996,0.298395,0.269877
350.000000,129.757996,0.296887,0.273144
351.000000,129.757996,0.294888,0.265159
352.000000,129.757996,0.292392,0.270016
353.000000,129.757996,0.289415,0.279996
354.000000,129.757996,0.285960,0.249443
355.000000,129.757996,0.282022,0.273015
356.000000,129.757996,0.277619,0.280562
357.000000,129.757996,0.272760,0.265304
358.000000,129.757996,0.267439,0.264860
359.000000,129.757996,0.261677,0.271123
360.000000,129.757996,0.255485,0.255152
361.000000,129.757996,0.248861,0.252992
362.000000,129.757996,0.241826,0.255540
363.000000,129.757996,0.234394,0.239281
364.000000,129.757996,0.226566,0.238118
365.000000,129.757996,0.218364,0.228825
366.000000,129.757996,0.209801,0.223265
367.000000,129.757996,0.200887,0.221098
368.000000,129.757996,0.191639,0.205538
369.000000,129.757996,0.182075,0.210250
370.000000,129.757996,0.172207,0.207788
371.000000,129.757996,0.162052,0.185807
372.000000,129.757996,0.151630,0.182219
373.000000,129.757996,0.140955,0.183475
374.000000,129.757996,0.130044,0.159642
375.000000,129.757996,0.118920,0.156050
376.000000,129.757996,0.107597,0.155593
377.000000,129.757996,0.096094,0.137622
378.000000,129.757996,0.084433,0.133029
379.000000,129.757996,0.072632,0.124001
380.000000,129.757996,0.060709,0.108597
381.000000,129.757996,0.048686,0.102000
382.000000,129.757996,0.036582,0.087988
383.000000,129.757996,0.024417,0.074850
384.000000,129.757996,0.012211,0.076683
385.000000,129.757996,-0.000015,0.054835
386.000000,129.757996,-0.012240,0.051110
387.000000,129.757996,-0.024446,0.046648
388.000000,129.757996,-0.036611,0.019806
389.000000,129.757996,-0.048715,0.011215
390.000000,129.757996,-0.060738,0.013756
391.000000,129.757996,-0.072661,-0.008361
392.000000,129.757996,-0.084461,-0.016671
393.000000,129.757996,-0.096122,-0.013267
394.000000,129.757996,-0.107625,-0.042389
395.000000,129.757996,-0.118947,-0.048412
396.000000,129.757996,-0.130071,-0.050301
397.000000,129.757996,-0.140981,-0.074992
398.000000,129.757996,-0.151655,-0.079584
399.000000,129.757996,-0.162077,-0.084471
400.000000,129.757996,-0.172231,-0.098729
401.000000,129.757996,-0.182099,-0.109755
402.000000,129.757996,-0.191662,-0.116634
403.000000,129.757996,-0.200909,-0.133757
404.000000,129.757996,-0.209822,-0.138784
405.000000,129.757996,-0.218384,-0.154502
406.000000,129.757996,-0.226586,-0.161646
407.000000,129.757996,-0.234412,-0.164816
408.000000,129.757996,-0.241844,-0.179939
409.000000,129.757996,-0.248878,-0.184382
410.000000,129.757996,-0.255500,-0.184842
411.000000,129.757996,-0.261692,-0.197814
412.000000,129.757996,-0.267452,-0.207121
413.000000,129.757996,-0.272772,-0.205862
414.000000,129.757996,-0.277630,-0.228555
415.000000,129.757996,-0.282032,-0.231289
416.000000,129.757996,-0.285969,-0.227170
417.000000,129.757996,-0.289422,-0.243426
418.000000,129.757996,-0.292399,-0.244158
419.000000,129.757996,-0.294894,-0.244038
420.000000,129.757996,-0.296891,-0.256868
421.000000,129.757996,-0.298398,-0.257030
422.000000,129.757996,-0.299413,-0.262457
423.000000,129.757996,-0.299925,-0.270883
424.000000,129.757996,-0.299940,-0.263471
425.000000,129.757996,-0.299461,-0.273878
426.000000,129.757996,-0.298480,-0.269886
427.000000,129.757996,-0.297002,-0.263912
428.000000,129.757996,-0.295035,-0.275452
429.000000,129.757996,-0.292575,-0.275896
430.000000,129.757996,-0.289627,-0.264203
431.000000,129.757996,-0.286202,-0.281887
432.000000,129.757996,-0.282301,-0.272467
433.000000,129.757996,-0.277926,-0.259628
434.000000,129.757996,-0.273095,-0.268590
435.000000,129.757996,-0.267809,-0.268607
436.000000,129.757996,-0.262074,-0.256188
437.000000,129.757996,-0.255908,-0.259154
438.000000,129.757996,-0.249318,-0.249595
439.000000,129.757996,-0.242307,-0.250304
440.000000,129.757996,-0.234898,-0.248720
441.000000,129.757996,-0.227102,-0.237736
442.000000,129.757996,-0.218921,-0.240994
443.000000,129.757996,-0.210380,-0.229138
444.000000,129.757996,-0.201493,-0.213155
445.000000,129.757996,-0.192265,-0.218403
446.000000,129.757996,-0.182720,-0.211697
447.000000,129.757996,-0.172874,-0.190852
448.000000,129.757996,-0.162736,-0.194524
449.000000,129.757996,-0.152330,-0.186820
450.000000,129.757996,-0.141673,-0.166688
451.000000,129.757996,-0.130777,-0.172219
452.000000,129.757996,-0.119665,-0.155794
453.000000,129.757996,-0.108356,-0.145238
454.000000,129.757996,-0.096865,-0.145626
455.000000,129.757996,-0.085213,-0.129201
456.000000,129.757996,-0.073420,-0.127353
457.000000,129.757996,-0.061505,-0.119033
458.000000,129.757996,-0.049487,-0.100468
459.000000,129.757996,-0.037388,-0.101731
460.000000,129.757996,-0.025226,-0.086009
461.000000,129.757996,-0.013023,-0.070880
462.000000,129.757996,-0.000798,-0.066553
463.000000,129.757996,0.011429,-0.052700
464.000000,129.757996,0.023636,-0.028565
465.000000,129.757996,0.035804,-0.030239
466.000000,129.757996,0.047914,-0.018672
467.000000,129.757996,0.059942,0.002888
468.000000,129.757996,0.071872,-0.001784
469.000000,129.757996,0.083683,0.013497
470.000000,129.757996,0.095352,0.020051
471.000000,129.757996,0.106865,0.028099
472.000000,129.757996,0.118202,0.048957
473.000000,129.757996,0.129339,0.062661
474.000000,129.757996,0.140262,0.064987
475.000000,129.757996,0.150955,0.083555
476.000000,129.757996,0.161393,0.088554
477.000000,129.757996,0.171564,0.095154
478.000000,129.757996,0.181453,0.113146
479.000000,129.757996,0.191037,0.114458
480.000000,129.757996,0.200304,0.128321
481.000000,129.757996,0.209241,0.146737
482.000000,129.757996,0.217827,0.144059
483.000000,129.757996,0.226051,0.152197
484.000000,129.757996,0.233903,0.178614
485.000000,129.757996,0.241364,0.161789
486.000000,129.757996,0.248422,0.182077
487.000000,129.757996,0.255072,0.204067
488.000000,129.757996,0.261295,0.194959
489.000000,129.757996,0.267082,0.206238
490.000000,129.757996,0.272430,0.219219
491.000000,129.757996,0.277324,0.217977
492.000000,129.757996,0.281753,0.225253
493.000000,129.757996,0.285719,0.236098
494.000000,129.757996,0.289210,0.264297
495.000000,129.757996,0.292216,0.246697
496.000000,129.757996,0.294740,0.237267
497.000000,129.757996,0.296777,0.243426
498.000000,129.757996,0.298313,0.260560
499.000000,129.757996,0.299358,0.255013
500.000000,129.757996,0.299910,0.261007
501.000000,129.757996,0.299955,0.272557
502.000000,129.757996,0.299506,0.262448
503.000000,129.757996,0.298563,0.269867
504.000000,129.757996,0.297116,0.279274
505.000000,129.757996,0.295179,0.266451
506.000000,129.757996,0.292756,0.270579
507.000000,129.757996,0.289839,0.280417
508.000000,129.757996,0.286443,0.268021
509.000000,129.757996,0.282576,0.268578
510.000000,129.757996,0.278233,0.270841
511.000000,129.757996,0.273429,0.256299
512.000000,129.757996,0.268175,0.268575
513.000000,129.757996,0.262471,0.262276
514.000000,129.757996,0.256330,0.254721
515.000000,129.757996,0.249768,0.256130
516.000000,129.757996,0.242788,0.243138
517.000000,129.757996,0.235403,0.241707
518.000000,129.757996,0.227631,0.243251
519.000000,129.757996,0.219479,0.217834
520.000000,129.757996,0.210960,0.225690
521.000000,129.757996,0.202093,0.227804
522.000000,129.757996,0.192891,0.211976
523.000000,129.757996,0.183365,0.203955
524.000000,129.757996,0.173537,0.203352
525.000000,129.757996,0.163422,0.187666
526.000000,129.757996,0.153032,0.183505
527.000000,129.757996,0.142390,0.184903
528.000000,129.757996,0.131512,0.165361
529.000000,129.757996,0.120412,0.157194
530.000000,129.757996,0.109115,0.155024
531.000000,129.757996,0.097637,0.139338
532.000000,129.757996,0.085995,0.137174
533.000000,129.757996,0.074210,0.124869
534.000000,129.757996,0.062304,0.114885
535.000000,129.757996,0.050292,0.108859
536.000000,129.757996,0.038197,0.085284
537.000000,129.757996,0.026040,0.080851
538.000000,129.757996,0.013838,0.078535
539.000000,129.757996,0.001614,0.055838
540.000000,129.757996,-0.010613,0.048533
541.000000,129.757996,-0.022823,0.046644
542.000000,129.757996,-0.034994,0.027526
543.000000,129.757996,-0.047107,0.021075
544.000000,129.757996,-0.059143,0.024481
545.000000,129.757996,-0.071079,-0.008934
546.000000,129.757996,-0.082898,-0.016959
547.000000,129.757996,-0.094579,-0.020272
548.000000,129.757996,-0.106102,-0.039390
549.000000,129.757996,-0.117450,-0.045987
550.000000,129.757996,-0.128603,-0.062292
551.000000,129.757996,-0.139540,-0.065413
552.000000,129.757996,-0.150248,-0.076877
553.000000,129.757996,-0.160706,-0.097016
554.000000,129.757996,-0.170894,-0.100306
555.000000,129.757996,-0.180801,-0.102767
556.000000,129.757996,-0.190409,-0.124891
557.000000,129.757996,-0.199696,-0.127909
558.000000,129.757996,-0.208653,-0.133658
559.000000,129.757996,-0.217268,-0.153203
560.000000,129.757996,-0.225514,-0.154936
561.000000,129.757996,-0.233389,-0.157394
562.000000,129.757996,-0.240880,-0.177941
563.000000,129.757996,-0.247965,-0.182818
564.000000,129.757996,-0.254639,-0.183699
565.000000,129.757996,-0.260895,-0.194242
566.000000,129.757996,-0.266711,-0.203268
567.000000,129.757996,-0.272086,-0.215852
568.000000,129.757996,-0.277012,-0.226127
569.000000,129.757996,-0.281474,-0.222574
570.000000,129.757996,-0.285468,-0.236564
571.000000,129.757996,-0.288992,-0.238287
572.000000,129.757996,-0.292032,-0.237743
573.000000,129.757996,-0.294586,-0.254005
574.000000,129.757996,-0.296654,-0.254591
575.000000,129.757996,-0.298228,-0.250761
576.000000,129.757996,-0.299303,-0.266158
577.000000,129.757996,-0.299886,-0.265174
578.000000,129.757996,-0.299970,-0.259770
579.000000,129.757996,-0.299550,-0.273736
580.000000,129.757996,-0.298638,-0.266602
581.000000,129.757996,-0.297231,-0.263630
582.000000,129.757996,-0.295323,-0.274594
583.000000,129.757996,-0.292929,-0.273040
584.000000,129.757996,-0.290052,-0.271917
585.000000,129.757996,-0.286684,-0.277314
586.000000,129.757996,-0.282845,-0.268325
587.000000,129.757996,-0.278540,-0.275608
588.000000,129.757996,-0.273764,-0.268882
589.000000,129.757996,-0.268536,-0.258756
590.000000,129.757996,-0.262867,-0.265012
591.000000,129.757996,-0.256753,-0.254018
592.000000,129.757996,-0.250216,-0.246898
593.000000,129.757996,-0.243267,-0.258292
594.000000,129.757996,-0.235908,-0.248157
595.000000,129.757996,-0.228158,-0.232027
596.000000,129.757996,-0.220033,-0.238992
597.000000,129.757996,-0.211539,-0.227429
598.000000,129.757996,-0.202693,-0.213015
599.000000,129.757996,-0.193513,-0.220835
600.000000,129.757996,-0.184010,-0.208841
601.000000,129.757996,-0.174200,-0.196422
602.000000,129.757996,-0.164103,-0.197102
603.000000,129.757996,-0.153732,-0.185111
604.000000,129.757996,-0.143104,-0.185528
605.000000,129.757996,-0.132241,-0.170797
606.000000,129.757996,-0.121158,-0.154664
607.000000,129.757996,-0.109871,-0.159635
608.000000,129.757996,-0.098404,-0.137773
609.000000,129.757996,-0.086774,-0.120931
610.000000,129.757996,-0.074997,-0.127323
611.000000,129.757996,-0.063098,-0.117757
612.000000,129.757996,-0.051093,-0.093911
613.000000,129.757996,-0.039003,-0.098441
614.000000,129.757996,-0.026849,-0.084160
615.000000,129.757996,-0.014650,-0.063312
616.000000,129.757996,-0.002426,-0.068558
617.000000,129.757996,0.009802,-0.053130
618.000000,129.757996,0.022013,-0.038283
619.000000,129.757996,0.034187,-0.035815
620.000000,129.757996,0.046305,-0.018821
621.000000,129.757996,0.058346,0.021347
622.000000,129.757996,0.070290,0.001500
623.000000,129.757996,0.082117,0.011629
624.000000,129.757996,0.093808,0.006509
625.000000,129.757996,0.105342,0.027377
626.000000,129.757996,0.116702,0.048937
627.000000,129.757996,0.127869,0.048118
628.000000,129.757996,0.138822,0.056683
629.000000,129.757996,0.149543,0.084105
630.000000,129.757996,0.160019,0.088869
631.000000,129.757996,0.170227,0.098431
632.000000,129.757996,0.180152,0.116132
633.000000,129.757996,0.189779,0.111029
634.000000,129.757996,0.199091,0.129169
635.000000,129.757996,0.208069,0.144156
636.000000,129.757996,0.216704,0.143771
637.000000,129.757996,0.224980,0.158052
638.000000,129.757996,0.232878,0.169754
639.000000,129.757996,0.240393,0.169794
640.000000,129.757996,0.247509,0.184214
641.000000,129.757996,0.254209,0.182355
642.000000,129.757996,0.260490,0.195814
643.000000,129.757996,0.266341,0.213090
644.000000,129.757996,0.271743,0.205250
645.000000,129.757996,0.276697,0.217970
646.000000,129.757996,0.281195,0.233526
647.000000,129.757996,0.285217,0.226989
648.000000,129.757996,0.288770,0.232552
649.000000,129.757996,0.291847,0.255255
650.000000,129.757996,0.294432,0.245577
651.000000,129.757996,0.296530,0.251852
652.000000,129.757996,0.298140,0.268409
653.000000,129.757996,0.299249,0.255725
654.000000,129.757996,0.299861,0.261428
655.000000,129.757996,0.299980,0.272124
656.000000,129.757996,0.299595,0.266878
657.000000,129.757996,0.298713,0.269864
658.000000,129.757996,0.297339,0.275132
659.000000,129.757996,0.295467,0.266732
660.000000,129.757996,0.293103,0.275148
661.000000,129.757996,0.290256,0.269870
662.000000,129.757996,0.286925,0.268018
663.000000,129.757996,0.283115,0.279718
664.000000,129.757996,0.278838,0.263591
665.000000,129.757996,0.274098,0.266580
666.000000,129.757996,0.268898,0.268409
667.000000,129.757996,0.263255,0.256299
668.000000,129.757996,0.257176,0.255997
669.000000,129.757996,0.250664,0.261686
670.000000,129.757996,0.243740,0.261308
671.000000,129.757996,0.236413,0.246273
672.000000,129.757996,0.228687,0.242098
673.000000,129.757996,0.220584,0.229987
674.000000,129.757996,0.212118,0.221108
675.000000,129.757996,0.203293,0.223944
676.000000,129.757996,0.194134,0.211399
677.000000,129.757996,0.184654,0.212954
678.000000,129.757996,0.174863,0.200224
679.000000,129.757996,0.164783,0.189522
680.000000,129.757996,0.154432,0.190642
681.000000,129.757996,0.143821,0.167789
682.000000,129.757996,0.132972,0.166640
683.000000,129.757996,0.121903,0.169327
684.000000,129.757996,0.110630,0.145060
685.000000,129.757996,0.099174,0.138327
686.000000,129.757996,0.087554,0.142585
687.000000,129.757996,0.075787,0.123470
688.000000,129.757996,0.063895,0.114017
689.000000,129.757996,0.051897,0.114273
690.000000,129.757996,0.039812,0.088293
691.000000,129.757996,0.027661,0.085417
692.000000,129.757996,0.015464,0.079098
693.000000,129.757996,0.003242,0.062127
694.000000,129.757996,-0.008986,0.052817
695.000000,129.757996,-0.021199,0.045359
696.000000,129.757996,-0.033377,0.029812
697.000000,129.757996,-0.045498,0.018497
698.000000,129.757996,-0.057545,0.008918
699.000000,129.757996,-0.069497,-0.006078
700.000000,129.757996,-0.081331,-0.007960
701.000000,129.757996,-0.093032,-0.028811
702.000000,129.757996,-0.104579,-0.035109
703.000000,129.757996,-0.115949,-0.036140
704.000000,129.757996,-0.127129,-0.057690
705.000000,129.757996,-0.138099,-0.070002
706.000000,129.757996,-0.148836,-0.069031
707.000000,129.757996,-0.159327,-0.089862
708.000000,129.757996,-0.169556,-0.097887
709.000000,129.757996,-0.179499,-0.102489
710.000000,129.757996,-0.189145,-0.121747
711.000000,129.757996,-0.198480,-0.122048
712.000000,129.757996,-0.207481,-0.131653
713.000000,129.757996,-0.216138,-0.152345
714.000000,129.757996,-0.224439,-0.153939
715.000000,129.757996,-0.232364,-0.162812
716.000000,129.757996,-0.239902,-0.176798
717.000000,129.757996,-0.247046,-0.180538
718.000000,129.757996,-0.253777,-0.191386
719.000000,129.757996,-0.260084,-0.200253
720.000000,129.757996,-0.265962,-0.199278
721.000000,129.757996,-0.271398,-0.217114
722.000000,129.757996,-0.276380,-0.219414
723.000000,129.757996,-0.280906,-0.217157
724.000000,129.757996,-0.284966,-0.236272
725.000000,129.757996,-0.288548,-0.236004
726.000000,129.757996,-0.291654,-0.190862
727.000000,129.757996,-0.294278,-0.251719
728.000000,129.757996,-0.296406,-0.260883
729.000000,129.757996,-0.298045,-0.253620
730.000000,129.757996,-0.299194,-0.273736
731.000000,129.757996,-0.299836,-0.269607
732.000000,129.757996,-0.299985,-0.268915
733.000000,129.757996,-0.299640,-0.273882
734.000000,129.757996,-0.298788,-0.272901
735.000000,129.757996,-0.297443,-0.279614
736.000000,129.757996,-0.295609,-0.275459
737.000000,129.757996,-0.293276,-0.263186
738.000000,129.757996,-0.290459,-0.278454
739.000000,129.757996,-0.287163,-0.272318
740.000000,129.757996,-0.283384,-0.263769
741.000000,129.757996,-0.279136,-0.277884
742.000000,129.757996,-0.274428,-0.272894
743.000000,129.757996,-0.269259,-0.255910
744.000000,129.757996,-0.263643,-0.251576
745.000000,129.757996,-0.257593,-0.261314
746.000000,129.757996,-0.251112,-0.254336
747.000000,129.757996,-0.244213,-0.253863
748.000000,129.757996,-0.236911,-0.243869
749.000000,129.757996,-0.229214,-0.235172
750.000000,129.757996,-0.221134,-0.237992
751.000000,129.757996,-0.212690,-0.231719
752.000000,129.757996,-0.203893,-0.223578
753.000000,129.757996,-0.194753,-0.220408
754.000000,129.757996,-0.185292,-0.207277
755.000000,129.757996,-0.175525,-0.205538
756.000000,129.757996,-0.165462,-0.193961
757.000000,129.757996,-0.155127,-0.179405
758.000000,129.757996,-0.144536,-0.185373
759.000000,129.757996,-0.133700,-0.174518
760.000000,129.757996,-0.122645,-0.155247
761.000000,129.757996,-0.111387,-0.154489
762.000000,129.757996,-0.099941,-0.142780
763.000000,129.757996,-0.088330,-0.122936
764.000000,129.757996,-0.076574,-0.129324
765.000000,129.757996,-0.064689,-0.109037
766.000000,129.757996,-0.052696,-0.097055
767.000000,129.757996,-0.040617,-0.102016
768.000000,129.757996,-0.028470,-0.088736
769.000000,129.757996,-0.016276,-0.069170
0.000000,135.514999,0.000982,-0.065708
1.000000,135.514999,0.013749,-0.043144
2.000000,135.514999,0.026491,-0.041961
3.000000,135.514999,0.039185,-0.021670
4.000000,135.514999,0.051808,-0.007691
5.000000,135.514999,0.064337,-0.010505
6.000000,135.514999,0.076751,0.002490
7.000000,135.514999,0.089023,0.021476
8.000000,135.514999,0.101137,0.019806
9.000000,135.514999,0.113064,0.038520
10.000000,135.514999,0.124790,0.059652
11.000000,135.514999,0.136286,0.060126
12.000000,135.514999,0.147539,0.075122
13.000000,135.514999,0.158520,0.089254
14.000000,135.514999,0.169218,0.088581
15.000000,135.514999,0.179606,0.104859
16.000000,135.514999,0.189671,0.106857
17.000000,135.514999,0.199391,0.120319
18.000000,135.514999,0.208750,0.142744
19.000000,135.514999,0.217732,0.140335
20.000000,135.514999,0.226316,0.156345
21.000000,135.514999,0.234495,0.170043
22.000000,135.514999,0.242243,0.169652
23.000000,135.514999,0.249559,0.182365
24.000000,135.514999,0.256415,0.195632
25.000000,135.514999,0.262815,0.196390
26.000000,135.514999,0.268729,0.206383
27.000000,135.514999,0.274165,0.219365
28.000000,135.514999,0.279096,0.219408
29.000000,135.514999,0.283528,0.226257
30.000000,135.514999,0.287441,0.242956
31.000000,135.514999,0.290837,0.237138
32.000000,135.514999,0.293703,0.243556
33.000000,135.514999,0.296039,0.254540
34.000000,135.514999,0.297838,0.253151
35.000000,135.514999,0.299096,0.262283
36.000000,135.514999,0.299815,0.263707
37.000000,135.514999,0.299986,0.264446
38.000000,135.514999,0.299619,0.271858
39.000000,135.514999,0.298703,0.262442
40.000000,135.514999,0.297253,0.268300
41.000000,135.514999,0.295255,0.279853
42.000000,135.514999,0.292732,0.266736
43.000000,135.514999,0.289669,0.272156
44.000000,135.514999,0.286089,0.280562
45.000000,135.514999,0.281983,0.265592
46.000000,135.514999,0.277373,0.266719
47.000000,135.514999,0.272255,0.272697
48.000000,135.514999,0.266647,0.261590
49.000000,135.514999,0.260554,0.261434
50.000000,135.514999,0.253990,0.265262
51.000000,135.514999,0.246966,0.245716
52.000000,135.514999,0.239492,0.246700
53.000000,135.514999,0.231588,0.249394
54.000000,135.514999,0.223260,0.236707
55.000000,135.514999,0.214532,0.233970
56.000000,135.514999,0.205410,0.218394
57.000000,135.514999,0.195921,0.214971
58.000000,135.514999,0.186071,0.213374
59.000000,135.514999,0.175890,0.196533
60.000000,135.514999,0.165385,0.197381
61.000000,135.514999,0.154584,0.196490
62.000000,135.514999,0.143500,0.179230
63.000000,135.514999,0.132159,0.168350
64.000000,135.514999,0.120576,0.166746
65.000000,135.514999,0.108776,0.146630
66.000000,135.514999,0.096778,0.142754
67.000000,135.514999,0.084605,0.142297
68.000000,135.514999,0.072279,0.121466
69.000000,135.514999,0.059821,0.121161
70.000000,135.514999,0.047256,0.109558
71.000000,135.514999,0.034604,0.085148
72.000000,135.514999,0.021890,0.081411
73.000000,135.514999,0.009136,0.066819
74.000000,135.514999,-0.003634,0.057836
75.000000,135.514999,-0.016398,0.057098
76.000000,135.514999,-0.029132,0.032098
77.000000,135.514999,-0.041813,0.023944
78.000000,135.514999,-0.054419,0.020628
79.000000,135.514999,-0.066925,-0.002211
80.000000,135.514999,-0.079311,-0.009945
81.000000,135.514999,-0.091553,-0.008119
82.000000,135.514999,-0.103629,-0.034669
83.000000,135.514999,-0.115517,-0.042690
84.000000,135.514999,-0.127196,-0.053873
85.000000,135.514999,-0.138645,-0.067414
86.000000,135.514999,-0.149841,-0.075439
87.000000,135.514999,-0.160768,-0.077039
88.000000,135.514999,-0.171400,-0.100445
89.000000,135.514999,-0.181727,-0.104464
90.000000,135.514999,-0.191718,-0.109348
91.000000,135.514999,-0.201368,-0.131471
92.000000,135.514999,-0.210646,-0.136782
93.000000,135.514999,-0.219549,-0.144499
94.000000,135.514999,-0.228049,-0.160072
95.000000,135.514999,-0.236139,-0.160237
96.000000,135.514999,-0.243799,-0.179939
97.000000,135.514999,-0.251019,-0.183096
98.000000,135.514999,-0.257783,-0.184557
99.000000,135.514999,-0.264080,-0.203675
100.000000,135.514999,-0.269899,-0.205262
101.000000,135.514999,-0.275227,-0.203148
102.000000,135.514999,-0.280060,-0.223980
103.000000,135.514999,-0.284381,-0.228572
104.000000,135.514999,-0.288192,-0.229171
105.000000,135.514999,-0.291474,-0.248286
106.000000,135.514999,-0.294237,-0.243869
107.000000,135.514999,-0.296455,-0.208443
108.000000,135.514999,-0.298146,-0.260012
109.000000,135.514999,-0.299289,-0.264319
110.000000,135.514999,-0.299896,-0.271045
111.000000,135.514999,-0.299954,-0.282745
112.000000,135.514999,-0.299473,-0.270045
113.000000,135.514999,-0.298446,-0.277314
114.000000,135.514999,-0.296880,-0.272888
115.000000,135.514999,-0.294776,-0.265910
116.000000,135.514999,-0.292136,-0.280455
117.000000,135.514999,-0.288970,-0.272603
118.000000,135.514999,-0.285276,-0.264770
119.000000,135.514999,-0.281070,-0.272162
120.000000,135.514999,-0.276349,-0.266460
121.000000,135.514999,-0.271134,-0.255052
122.000000,135.514999,-0.265419,-0.266447
123.000000,135.514999,-0.259233,-0.262745
124.000000,135.514999,-0.252567,-0.248617
125.000000,135.514999,-0.245452,-0.261871
126.000000,135.514999,-0.237885,-0.247875
127.000000,135.514999,-0.229892,-0.239459
128.000000,135.514999,-0.221479,-0.240851
129.000000,135.514999,-0.212668,-0.225288
130.000000,135.514999,-0.203469,-0.230288
131.000000,135.514999,-0.193902,-0.219122
132.000000,135.514999,-0.183985,-0.211428
133.000000,135.514999,-0.173732,-0.205965
134.000000,135.514999,-0.163167,-0.191963
135.000000,135.514999,-0.152303,-0.174690
136.000000,135.514999,-0.141167,-0.177652
137.000000,135.514999,-0.129771,-0.166944
138.000000,135.514999,-0.118144,-0.148101
139.000000,135.514999,-0.106299,-0.163783
140.000000,135.514999,-0.094264,-0.141494
141.000000,135.514999,-0.082056,-0.120361
142.000000,135.514999,-0.069702,-0.123748
143.000000,135.514999,-0.057219,-0.109610
144.000000,135.514999,-0.044634,-0.091621
145.000000,135.514999,-0.031968,-0.092437
146.000000,135.514999,-0.019244,-0.079014
147.000000,135.514999,-0.006484,-0.068017
148.000000,135.514999,0.006287,-0.062126
149.000000,135.514999,0.019046,-0.045563
150.000000,135.514999,0.031771,-0.043108
151.000000,135.514999,0.044439,-0.026813
152.000000,135.514999,0.057025,-0.005538
153.000000,135.514999,0.069509,-0.007072
154.000000,135.514999,0.081866,0.010071
155.000000,135.514999,0.094077,0.030058
156.000000,135.514999,0.106114,0.030100
157.000000,135.514999,0.117962,0.045385
158.000000,135.514999,0.129593,0.064513
159.000000,135.514999,0.140992,0.062558
160.000000,135.514999,0.152133,0.097709
161.000000,135.514999,0.163000,0.097398
162.000000,135.514999,0.173571,0.091298
163.000000,135.514999,0.183828,0.105436
164.000000,135.514999,0.193751,0.120860
165.000000,135.514999,0.203323,0.126469
166.000000,135.514999,0.212528,0.141747
167.000000,135.514999,0.221345,0.145044
168.000000,135.514999,0.229766,0.156491
169.000000,135.514999,0.237764,0.171335
170.000000,135.514999,0.245338,0.170652
171.000000,135.514999,0.252460,0.182938
172.000000,135.514999,0.259133,0.197494
173.000000,135.514999,0.265327,0.196675
174.000000,135.514999,0.271048,0.209243
175.000000,135.514999,0.276272,0.225369
176.000000,135.514999,0.281000,0.217695
177.000000,135.514999,0.285215,0.227831
178.000000,135.514999,0.288916,0.243241
179.000000,135.514999,0.292091,0.236568
180.000000,135.514999,0.294738,0.247846
181.000000,135.514999,0.296852,0.264549
182.000000,135.514999,0.298425,0.253009
183.000000,135.514999,0.299462,0.254851
184.000000,135.514999,0.299950,0.266129
185.000000,135.514999,0.299902,0.266878
186.000000,135.514999,0.299302,0.272289
187.000000,135.514999,0.298169,0.267726
188.000000,135.514999,0.296485,0.273164
189.000000,135.514999,0.294274,0.277282
190.000000,135.514999,0.291521,0.265450
191.000000,135.514999,0.288246,0.273873
192.000000,135.514999,0.284444,0.279562
193.000000,135.514999,0.280131,0.264734
194.000000,135.514999,0.275306,0.266149
195.000000,135.514999,0.269985,0.272982
196.000000,135.514999,0.264174,0.258015
197.000000,135.514999,0.257884,0.260427
198.000000,135.514999,0.251128,0.266120
199.000000,135.514999,0.243914,0.247290
200.000000,135.514999,0.236262,0.244984
201.000000,135.514999,0.228177,0.240107
202.000000,135.514999,0.219685,0.232704
203.000000,135.514999,0.210787,0.229110
204.000000,135.514999,0.201515,0.214677
205.000000,135.514999,0.191870,0.212970
206.000000,135.514999,0.181884,0.211085
207.000000,135.514999,0.171563,0.191672
208.000000,135.514999,0.160935,0.194806
209.000000,135.514999,0.150012,0.193345
210.000000,135.514999,0.138820,0.173084
211.000000,135.514999,0.127375,0.166921
212.000000,135.514999,0.115700,0.166176
213.000000,135.514999,0.103815,0.145630
214.000000,135.514999,0.091742,0.137893
215.000000,135.514999,0.079503,0.136147
216.000000,135.514999,0.067118,0.104163
217.000000,135.514999,0.054614,0.109296
218.000000,135.514999,0.042009,0.105121
219.000000,135.514999,0.029330,0.086149
220.000000,135.514999,0.016596,0.078697
221.000000,135.514999,0.003832,0.071958
222.000000,135.514999,-0.008938,0.052402
223.000000,135.514999,-0.021693,0.046521
224.000000,135.514999,-0.034407,0.030511
225.000000,135.514999,-0.047060,0.020230
226.000000,135.514999,-0.059627,0.018202
227.000000,135.514999,-0.072086,-0.009362
228.000000,135.514999,-0.084415,-0.016664
229.000000,135.514999,-0.096590,-0.014977
230.000000,135.514999,-0.108591,-0.038244
231.000000,135.514999,-0.120394,-0.049125
232.000000,135.514999,-0.131981,-0.050586
233.000000,135.514999,-0.143326,-0.073276
234.000000,135.514999,-0.154415,-0.086585
235.000000,135.514999,-0.165220,-0.082901
236.000000,135.514999,-0.175730,-0.102016
237.000000,135.514999,-0.185916,-0.111184
238.000000,135.514999,-0.195771,-0.111783
239.000000,135.514999,-0.205265,-0.139049
240.000000,135.514999,-0.214393,-0.142640
241.000000,135.514999,-0.223127,-0.149237
242.000000,135.514999,-0.231461,-0.164214
243.000000,135.514999,-0.239373,-0.166808
244.000000,135.514999,-0.246853,-0.181681
245.000000,135.514999,-0.253885,-0.188523
246.000000,135.514999,-0.260455,-0.188547
247.000000,135.514999,-0.266557,-0.208539
248.000000,135.514999,-0.272171,-0.215123
249.000000,135.514999,-0.277298,-0.210862
250.000000,135.514999,-0.281915,-0.229553
251.000000,135.514999,-0.286030,-0.237001
252.000000,135.514999,-0.289617,-0.227882
253.000000,135.514999,-0.292688,-0.244996
254.000000,135.514999,-0.295220,-0.246871
255.000000,135.514999,-0.297225,-0.238750
256.000000,135.514999,-0.298684,-0.261155
257.000000,135.514999,-0.299608,-0.263030
258.000000,135.514999,-0.299985,-0.262344
259.000000,135.514999,-0.299821,-0.273882
260.000000,135.514999,-0.299112,-0.271181
261.000000,135.514999,-0.297861,-0.263627
262.000000,135.514999,-0.296071,-0.282887
263.000000,135.514999,-0.293743,-0.271327
264.000000,135.514999,-0.290886,-0.272765
265.000000,135.514999,-0.287497,-0.275598
266.000000,135.514999,-0.283593,-0.268471
267.000000,135.514999,-0.279168,-0.272457
268.000000,135.514999,-0.274246,-0.268454
269.000000,135.514999,-0.268817,-0.258902
270.000000,135.514999,-0.262909,-0.268160
271.000000,135.514999,-0.256518,-0.260880
272.000000,135.514999,-0.249668,-0.243896
273.000000,135.514999,-0.242360,-0.256576
274.000000,135.514999,-0.234617,-0.243296
275.000000,135.514999,-0.226447,-0.231172
276.000000,135.514999,-0.217867,-0.241567
277.000000,135.514999,-0.208893,-0.228572
278.000000,135.514999,-0.199539,-0.215875
279.000000,135.514999,-0.189825,-0.217118
280.000000,135.514999,-0.179765,-0.207125
281.000000,135.514999,-0.169382,-0.194852
282.000000,135.514999,-0.158688,-0.192668
283.000000,135.514999,-0.147711,-0.178676
284.000000,135.514999,-0.136462,-0.181963
285.000000,135.514999,-0.124970,-0.165933
286.000000,135.514999,-0.113247,-0.151228
287.000000,135.514999,-0.101323,-0.149201
288.000000,135.514999,-0.089212,-0.138343
289.000000,135.514999,-0.076942,-0.118784
290.000000,135.514999,-0.064531,-0.120604
291.000000,135.514999,-0.052003,-0.108178
292.000000,135.514999,-0.039381,-0.087761
293.000000,135.514999,-0.026688,-0.089289
294.000000,135.514999,-0.013947,-0.079011
295.000000,135.514999,-0.001180,-0.065887
296.000000,135.514999,0.011589,-0.057262
297.000000,135.514999,0.024337,-0.042694
298.000000,135.514999,0.037041,-0.023556
299.000000,135.514999,0.049678,-0.024377
300.000000,135.514999,0.062225,-0.005667
301.000000,135.514999,0.074658,-0.004948
302.000000,135.514999,0.086958,0.013083
303.000000,135.514999,0.099098,0.027785
304.000000,135.514999,0.111060,0.030385
305.000000,135.514999,0.122819,0.050252
306.000000,135.514999,0.134358,0.066809
307.000000,135.514999,0.145651,0.063989
308.000000,135.514999,0.156682,0.083707
309.000000,135.514999,0.167428,0.100118
310.000000,135.514999,0.177871,0.099734
311.000000,135.514999,0.187992,0.115018
312.000000,135.514999,0.197770,0.131714
313.000000,135.514999,0.207194,0.129043
314.000000,135.514999,0.216237,0.143755
315.000000,135.514999,0.224895,0.159884
316.000000,135.514999,0.233138,0.156067
317.000000,135.514999,0.240966,0.175781
318.000000,135.514999,0.248349,0.185337
319.000000,135.514999,0.255290,0.183233
320.000000,135.514999,0.261761,0.198942
321.000000,135.514999,0.267764,0.208232
322.000000,135.514999,0.273276,0.208683
323.000000,135.514999,0.278298,0.220955
324.000000,135.514999,0.282812,0.218977
325.000000,135.514999,0.286815,0.228695
326.000000,135.514999,0.290299,0.245537
327.000000,135.514999,0.293255,0.235567
328.000000,135.514999,0.295682,0.246137
329.000000,135.514999,0.297570,0.258973
330.000000,135.514999,0.298924,0.258015
331.000000,135.514999,0.299729,0.260573
332.000000,135.514999,0.299999,0.272697
333.000000,135.514999,0.299716,0.263876
334.000000,135.514999,0.298900,0.269721
335.000000,135.514999,0.297532,0.279701
336.000000,135.514999,0.295634,0.267451
337.000000,135.514999,0.293193,0.270867
338.000000,135.514999,0.290226,0.276129
339.000000,135.514999,0.286729,0.268452
340.000000,135.514999,0.282715,0.272723
341.000000,135.514999,0.278187,0.271418
342.000000,135.514999,0.273156,0.264874
343.000000,135.514999,0.267631,0.266139
344.000000,135.514999,0.261618,0.252717
345.000000,135.514999,0.255135,0.254718
346.000000,135.514999,0.248185,0.247403
347.000000,135.514999,0.240790,0.240858
348.000000,135.514999,0.232953,0.245563
349.000000,135.514999,0.224701,0.253254
350.000000,135.514999,0.216034,0.230561
351.000000,135.514999,0.206983,0.225256
352.000000,135.514999,0.197550,0.227228
353.000000,135.514999,0.187764,0.206970
354.000000,135.514999,0.177634,0.203521
355.000000,135.514999,0.167185,0.203491
356.000000,135.514999,0.156432,0.179230
357.000000,135.514999,0.145396,0.182650
358.000000,135.514999,0.134096,0.177617
359.000000,135.514999,0.122552,0.157068
360.000000,135.514999,0.110788,0.153330
361.000000,135.514999,0.098821,0.145743
362.000000,135.514999,0.086677,0.129613
363.000000,135.514999,0.074374,0.126873
364.000000,135.514999,0.061939,0.109879
365.000000,135.514999,0.049389,0.100870
366.000000,135.514999,0.036751,0.100698
367.000000,135.514999,0.024045,0.077143
368.000000,135.514999,0.011297,0.070984
369.000000,135.514999,-0.001473,0.068950
370.000000,135.514999,-0.014239,0.041826
371.000000,135.514999,-0.026980,0.039666
372.000000,135.514999,-0.039672,0.040210
373.000000,135.514999,-0.052292,0.012798
374.000000,135.514999,-0.064817,0.002633
375.000000,135.514999,-0.077225,0.000314
376.000000,135.514999,-0.089492,-0.021376
377.000000,135.514999,-0.101598,-0.027684
378.000000,135.514999,-0.113519,-0.040000
379.000000,135.514999,-0.125236,-0.054691
380.000000,135.514999,-0.136723,-0.063004
381.000000,135.514999,-0.147966,-0.082868
382.000000,135.514999,-0.158937,-0.086294
383.000000,135.514999,-0.169624,-0.087178
384.000000,135.514999,-0.179999,-0.113023
385.000000,135.514999,-0.190052,-0.119898
386.000000,135.514999,-0.199757,-0.116213
387.000000,135.514999,-0.209103,-0.139334
388.000000,135.514999,-0.218068,-0.146355
389.000000,135.514999,-0.226639,-0.147100
390.000000,135.514999,-0.234799,-0.169074
391.000000,135.514999,-0.242533,-0.170949
392.000000,135.514999,-0.249829,-0.176125
393.000000,135.514999,-0.256670,-0.193096
394.000000,135.514999,-0.263049,-0.196545
395.000000,135.514999,-0.268947,-0.205571
396.000000,135.514999,-0.274363,-0.220120
397.000000,135.514999,-0.279275,-0.223144
398.000000,135.514999,-0.283690,-0.231140
399.000000,135.514999,-0.287580,-0.234281
400.000000,135.514999,-0.290959,-0.229731
401.000000,135.514999,-0.293802,-0.249284
402.000000,135.514999,-0.296120,-0.248727
403.000000,135.514999,-0.297895,-0.248472
404.000000,135.514999,-0.299135,-0.264015
405.000000,135.514999,-0.299830,-0.262027
406.000000,135.514999,-0.299983,-0.260628
407.000000,135.514999,-0.299592,-0.274167
408.000000,135.514999,-0.298657,-0.271466
409.000000,135.514999,-0.297184,-0.260771
410.000000,135.514999,-0.295168,-0.277026
411.000000,135.514999,-0.292623,-0.273898
412.000000,135.514999,-0.289540,-0.268342
413.000000,135.514999,-0.285941,-0.275025
414.000000,135.514999,-0.281815,-0.269468
415.000000,135.514999,-0.277187,-0.273328
416.000000,135.514999,-0.272048,-0.270452
417.000000,135.514999,-0.266424,-0.260612
418.000000,135.514999,-0.260310,-0.268448
419.000000,135.514999,-0.253729,-0.259591
420.000000,135.514999,-0.246685,-0.249038
421.000000,135.514999,-0.239197,-0.250145
422.000000,135.514999,-0.231274,-0.244724
423.000000,135.514999,-0.222932,-0.230457
424.000000,135.514999,-0.214187,-0.233128
425.000000,135.514999,-0.205052,-0.221991
426.000000,135.514999,-0.195548,-0.203145
427.000000,135.514999,-0.185686,-0.141024
428.000000,135.514999,-0.175492,-0.205266
429.000000,135.514999,-0.164975,-0.202870
430.000000,135.514999,-0.154164,-0.207115
431.000000,135.514999,-0.143069,-0.196548
432.000000,135.514999,-0.131719,-0.174408
433.000000,135.514999,-0.120126,-0.165075
434.000000,135.514999,-0.108319,-0.154939
435.000000,135.514999,-0.096313,-0.144509
436.000000,135.514999,-0.084134,-0.141338
437.000000,135.514999,-0.071802,-0.125345
438.000000,135.514999,-0.059340,-0.121753
439.000000,135.514999,-0.046771,-0.108172
440.000000,135.514999,-0.034116,-0.086181
441.000000,135.514999,-0.021400,-0.085714
442.000000,135.514999,-0.008645,-0.073143
443.000000,135.514999,0.004125,-0.053014
444.000000,135.514999,0.016888,-0.055973
445.000000,135.514999,0.029621,-0.040689
446.000000,135.514999,0.042299,-0.021846
447.000000,135.514999,0.054902,-0.023089
448.000000,135.514999,0.067404,-0.003659
449.000000,135.514999,0.079785,0.017901
450.000000,135.514999,0.092020,0.014229
451.000000,135.514999,0.104090,0.032085
452.000000,135.514999,0.115970,0.049504
453.000000,135.514999,0.127641,0.050116
454.000000,135.514999,0.139079,0.064824
455.000000,135.514999,0.150266,0.075825
456.000000,135.514999,0.161181,0.084575
457.000000,135.514999,0.171803,0.095850
458.000000,135.514999,0.182115,0.103726
459.000000,135.514999,0.192095,0.117599
460.000000,135.514999,0.201730,0.132155
461.000000,135.514999,0.210995,0.131475
462.000000,135.514999,0.219884,0.142618
463.000000,135.514999,0.228367,0.164748
464.000000,135.514999,0.236444,0.161931
465.000000,135.514999,0.244084,0.174499
466.000000,135.514999,0.251289,0.193200
467.000000,135.514999,0.258033,0.189525
468.000000,135.514999,0.264314,0.193229
469.000000,135.514999,0.270112,0.222079
470.000000,135.514999,0.275423,0.212115
471.000000,135.514999,0.280234,0.222251
472.000000,135.514999,0.284538,0.234378
473.000000,135.514999,0.288326,0.229703
474.000000,135.514999,0.291590,0.238692
475.000000,135.514999,0.294329,0.244831
476.000000,135.514999,0.296530,0.246001
477.000000,135.514999,0.298200,0.256988
478.000000,135.514999,0.299322,0.251143
479.000000,135.514999,0.299910,0.268727
480.000000,135.514999,0.299945,0.273707
481.000000,135.514999,0.299446,0.264307
482.000000,135.514999,0.298395,0.268296
483.000000,135.514999,0.296811,0.275844
484.000000,135.514999,0.294683,0.268452
485.000000,135.514999,0.292026,0.271437
486.000000,135.514999,0.288836,0.277415
487.000000,135.514999,0.285125,0.267451
488.000000,135.514999,0.280896,0.267150
489.000000,135.514999,0.276158,0.276557
490.000000,135.514999,0.270921,0.261159
491.000000,135.514999,0.265191,0.263429
492.000000,135.514999,0.258984,0.259119
493.000000,135.514999,0.252302,0.252435
494.000000,135.514999,0.245170,0.254132
495.000000,135.514999,0.237585,0.242273
496.000000,135.514999,0.229579,0.239278
497.000000,135.514999,0.221148,0.240395
498.000000,135.514999,0.212323,0.224272
499.000000,135.514999,0.203107,0.221830
500.000000,135.514999,0.193529,0.220369
501.000000,135.514999,0.183596,0.208543
502.000000,135.514999,0.173333,0.200664
503.000000,135.514999,0.162754,0.202066
504.000000,135.514999,0.151881,0.178515
505.000000,135.514999,0.140733,0.175639
506.000000,135.514999,0.129329,0.175324
507.000000,135.514999,0.117692,0.156067
508.000000,135.514999,0.105840,0.148615
509.000000,135.514999,0.093798,0.145302
510.000000,135.514999,0.081584,0.125753
511.000000,135.514999,0.069225,0.120873
512.000000,135.514999,0.056737,0.111579
513.000000,135.514999,0.044149,0.098299
514.000000,135.514999,0.031480,0.095131
515.000000,135.514999,0.018754,0.070848
516.000000,135.514999,0.005994,0.065122
517.000000,135.514999,-0.006777,0.065235
518.000000,135.514999,-0.019536,0.041681
519.000000,135.514999,-0.032259,0.032231
520.000000,135.514999,-0.044924,0.032486
521.000000,135.514999,-0.057507,0.005936
522.000000,135.514999,-0.069986,0.002345
523.000000,135.514999,-0.082338,-0.003831
524.000000,135.514999,-0.094542,-0.028522
525.000000,135.514999,-0.106573,-0.032399
526.000000,135.514999,-0.118413,-0.041146
527.000000,135.514999,-0.130035,-0.061981
528.000000,135.514999,-0.141426,-0.067577
529.000000,135.514999,-0.152556,-0.077023
530.000000,135.514999,-0.163413,-0.090151
531.000000,135.514999,-0.173971,-0.094749
532.000000,135.514999,-0.184217,-0.117035
533.000000,135.514999,-0.194125,-0.125328
534.000000,135.514999,-0.203685,-0.124927
535.000000,135.514999,-0.212874,-0.147481
536.000000,135.514999,-0.221677,-0.153210
537.000000,135.514999,-0.230079,-0.150814
538.000000,135.514999,-0.238064,-0.171360
539.000000,135.514999,-0.245619,-0.179955
540.000000,135.514999,-0.252725,-0.181128
541.000000,135.514999,-0.259378,-0.196671
542.000000,135.514999,-0.265556,-0.200548
543.000000,135.514999,-0.271259,-0.202005
544.000000,135.514999,-0.276462,-0.218834
545.000000,135.514999,-0.281174,-0.223569
546.000000,135.514999,-0.285366,-0.225162
547.000000,135.514999,-0.289049,-0.241997
548.000000,135.514999,-0.292202,-0.242017
549.000000,135.514999,-0.294831,-0.248442
550.000000,135.514999,-0.296921,-0.251580
551.000000,135.514999,-0.298476,-0.246030
552.000000,135.514999,-0.299489,-0.272162
553.000000,135.514999,-0.299959,-0.266314
554.000000,135.514999,-0.299887,-0.256907
555.000000,135.514999,-0.299269,-0.274452
556.000000,135.514999,-0.298112,-0.272036
557.000000,135.514999,-0.296410,-0.267348
558.000000,135.514999,-0.294178,-0.280028
559.000000,135.514999,-0.291404,-0.270323
560.000000,135.514999,-0.288112,-0.268776
561.000000,135.514999,-0.284287,-0.275598
562.000000,135.514999,-0.279957,-0.271755
563.000000,135.514999,-0.275110,-0.263189
564.000000,135.514999,-0.269773,-0.266019
565.000000,135.514999,-0.263940,-0.260320
566.000000,135.514999,-0.257634,-0.264028
567.000000,135.514999,-0.250858,-0.259730
568.000000,135.514999,-0.243629,-0.247461
569.000000,135.514999,-0.235958,-0.251861
570.000000,135.514999,-0.227859,-0.243866
571.000000,135.514999,-0.219348,-0.274624
572.000000,135.514999,-0.210438,-0.230556
573.000000,135.514999,-0.201149,-0.216561
574.000000,135.514999,-0.191492,-0.196575
575.000000,135.514999,-0.181493,-0.206823
576.000000,135.514999,-0.171160,-0.192970
577.000000,135.514999,-0.160522,-0.175409
578.000000,135.514999,-0.149587,-0.187377
579.000000,135.514999,-0.138386,-0.174097
580.000000,135.514999,-0.126930,-0.161387
581.000000,135.514999,-0.115247,-0.156924
582.000000,135.514999,-0.103354,-0.145076
583.000000,135.514999,-0.091274,-0.141776
584.000000,135.514999,-0.079029,-0.128903
585.000000,135.514999,-0.066640,-0.115776
586.000000,135.514999,-0.054131,-0.112307
587.000000,135.514999,-0.041523,-0.097880
588.000000,135.514999,-0.028841,-0.082182
589.000000,135.514999,-0.016105,-0.084140
590.000000,135.514999,-0.003341,-0.065284
591.000000,135.514999,0.009429,-0.044724
592.000000,135.514999,0.022182,-0.047538
593.000000,135.514999,0.034895,-0.028678
594.000000,135.514999,0.047545,-0.014699
595.000000,135.514999,0.060108,-0.014080
596.000000,135.514999,0.072563,-0.000800
597.000000,135.514999,0.084886,0.020191
598.000000,135.514999,0.097056,0.020091
599.000000,135.514999,0.109048,0.038947
600.000000,135.514999,0.120845,0.049225
601.000000,135.514999,0.132421,0.055262
602.000000,135.514999,0.143758,0.069112
603.000000,135.514999,0.154835,0.076557
604.000000,135.514999,0.165629,0.086573
605.000000,135.514999,0.176126,0.106420
606.000000,135.514999,0.186301,0.093442
607.000000,135.514999,0.196142,0.119882
608.000000,135.514999,0.205623,0.139156
609.000000,135.514999,0.214737,0.139341
610.000000,135.514999,0.223455,0.150762
611.000000,135.514999,0.231775,0.168605
612.000000,135.514999,0.239668,0.168224
613.000000,135.514999,0.247133,0.181934
614.000000,135.514999,0.254145,0.194628
615.000000,135.514999,0.260700,0.193100
616.000000,135.514999,0.266780,0.203521
617.000000,135.514999,0.272379,0.221081
618.000000,135.514999,0.277483,0.213404
619.000000,135.514999,0.282084,0.223825
620.000000,135.514999,0.286175,0.237532
621.000000,135.514999,0.289745,0.235706
622.000000,135.514999,0.292794,0.245123
623.000000,135.514999,0.295307,0.245130
624.000000,135.514999,0.297292,0.253005
625.000000,135.514999,0.298729,0.262415
626.000000,135.514999,0.299635,0.253439
627.000000,135.514999,0.299988,0.259579
628.000000,135.514999,0.299806,0.272130
629.000000,135.514999,0.299072,0.263591
630.000000,135.514999,0.297804,0.273299
631.000000,135.514999,0.295990,0.283137
632.000000,135.514999,0.293644,0.268167
633.000000,135.514999,0.290764,0.272726
634.000000,135.514999,0.287358,0.279701
635.000000,135.514999,0.283431,0.265877
636.000000,135.514999,0.278989,0.269721
637.000000,135.514999,0.274044,0.269980
638.000000,135.514999,0.268599,0.261875
639.000000,135.514999,0.262672,0.262001
640.000000,135.514999,0.256263,0.267697
641.000000,135.514999,0.249397,0.249433
642.000000,135.514999,0.242070,0.247270
643.000000,135.514999,0.234313,0.242257
644.000000,135.514999,0.226124,0.235991
645.000000,135.514999,0.217531,0.234109
646.000000,135.514999,0.208539,0.220693
647.000000,135.514999,0.199173,0.221403
648.000000,135.514999,0.189444,0.220087
649.000000,135.514999,0.179372,0.200681
650.000000,135.514999,0.168975,0.205243
651.000000,135.514999,0.158272,0.197775
652.000000,135.514999,0.147283,0.173942
653.000000,135.514999,0.136025,0.172067
654.000000,135.514999,0.124523,0.171179
655.000000,135.514999,0.112793,0.148632
656.000000,135.514999,0.100861,0.143039
657.000000,135.514999,0.088743,0.144441
658.000000,135.514999,0.076468,0.122466
659.000000,135.514999,0.064051,0.117732
660.000000,135.514999,0.051520,0.113703
661.000000,135.514999,0.038895,0.092583
662.000000,135.514999,0.026199,0.085129
663.000000,135.514999,0.013456,0.074539
664.000000,135.514999,0.000689,0.058980
665.000000,135.514999,-0.012080,0.056097
666.000000,135.514999,-0.024826,0.033815
667.000000,135.514999,-0.037528,0.028520
668.000000,135.514999,-0.050162,0.026204
669.000000,135.514999,-0.062705,0.001791
670.000000,135.514999,-0.075133,-0.001509
671.000000,135.514999,-0.087427,-0.004686
672.000000,135.514999,-0.099561,-0.038386
673.000000,135.514999,-0.111517,-0.038545
674.000000,135.514999,-0.123267,-0.035142
675.000000,135.514999,-0.134798,-0.063127
676.000000,135.514999,-0.146080,-0.077010
677.000000,135.514999,-0.157101,-0.080326
678.000000,135.514999,-0.167834,-0.098729
679.000000,135.514999,-0.178267,-0.102463
680.000000,135.514999,-0.188373,-0.148674
681.000000,135.514999,-0.198140,-0.130186
682.000000,135.514999,-0.207547,-0.123340
683.000000,135.514999,-0.216578,-0.141206
684.000000,135.514999,-0.225218,-0.150778
685.000000,135.514999,-0.233447,-0.154091
686.000000,135.514999,-0.241256,-0.174220
687.000000,135.514999,-0.248624,-0.184097
688.000000,135.514999,-0.255547,-0.177695
689.000000,135.514999,-0.262000,-0.200100
690.000000,135.514999,-0.267987,-0.205262
691.000000,135.514999,-0.273478,-0.201574
692.000000,135.514999,-0.278483,-0.222548
693.000000,135.514999,-0.282975,-0.227429
694.000000,135.514999,-0.286961,-0.224311
695.000000,135.514999,-0.290421,-0.240851
696.000000,135.514999,-0.293360,-0.245871
697.000000,135.514999,-0.295763,-0.243180
698.000000,135.514999,-0.297633,-0.264300
699.000000,135.514999,-0.298963,-0.256599
700.000000,135.514999,-0.299750,-0.260897
701.000000,135.514999,-0.299996,-0.263591
702.000000,135.514999,-0.299695,-0.264899
703.000000,135.514999,-0.298856,-0.276029
704.000000,135.514999,-0.297469,-0.272172
705.000000,135.514999,-0.295551,-0.265051
706.000000,135.514999,-0.293088,-0.278739
707.000000,135.514999,-0.290104,-0.274034
708.000000,135.514999,-0.286583,-0.261625
709.000000,135.514999,-0.282553,-0.269873
710.000000,135.514999,-0.278002,-0.270605
711.000000,135.514999,-0.272954,-0.257911
712.000000,135.514999,-0.267407,-0.268590
713.000000,135.514999,-0.261379,-0.260171
714.000000,135.514999,-0.254875,-0.250476
715.000000,135.514999,-0.247910,-0.258153
716.000000,135.514999,-0.240496,-0.249734
717.000000,135.514999,-0.232644,-0.236315
718.000000,135.514999,-0.224374,-0.240997
719.000000,135.514999,-0.215693,-0.230006
720.000000,135.514999,-0.206627,-0.229287
721.000000,135.514999,-0.197180,-0.224699
722.000000,135.514999,-0.187382,-0.207138
723.000000,135.514999,-0.177238,-0.211684
724.000000,135.514999,-0.166779,-0.199968
725.000000,135.514999,-0.156012,-0.180409
726.000000,135.514999,-0.144967,-0.184230
727.000000,135.514999,-0.133656,-0.175522
728.000000,135.514999,-0.122105,-0.150817
729.000000,135.514999,-0.110331,-0.157063
730.000000,135.514999,-0.098358,-0.144927
731.000000,135.514999,-0.086206,-0.125795
732.000000,135.514999,-0.073899,-0.130752
733.000000,135.514999,-0.061457,-0.116187
734.000000,135.514999,-0.048904,-0.100342
735.000000,135.514999,-0.036263,-0.094153
736.000000,135.514999,-0.023556,-0.083875
0.000000,141.529007,0.005730,-0.062421
1.000000,141.529007,0.019056,-0.034569
2.000000,141.529007,0.032345,-0.050682
3.000000,141.529007,0.045569,-0.027108
4.000000,141.529007,0.058704,0.000745
5.000000,141.529007,0.071722,-0.005786
6.000000,141.529007,0.084598,0.007636
7.000000,141.529007,0.097309,0.026194
8.000000,141.529007,0.109824,0.031244
9.000000,141.529007,0.122125,0.046240
10.000000,141.529007,0.134184,0.055511
11.000000,141.529007,0.145976,0.063128
12.000000,141.529007,0.157484,0.080838
13.000000,141.529007,0.168675,0.119577
14.000000,141.529007,0.179535,0.096155
15.000000,141.529007,0.190042,0.109286
16.000000,141.529007,0.200169,0.113885
17.000000,141.529007,0.209905,0.130326
18.000000,141.529007,0.219224,0.149454
19.000000,141.529007,0.228108,0.146203
20.000000,141.529007,0.236547,0.159771
21.000000,141.529007,0.244511,0.181616
22.000000,141.529007,0.251995,0.175370
23.000000,141.529007,0.258983,0.191510
24.000000,141.529007,0.265454,0.209356
25.000000,141.529007,0.271406,0.205538
26.000000,141.529007,0.276818,0.214673
27.000000,141.529007,0.281682,0.228235
28.000000,141.529007,0.285996,0.216976
29.000000,141.529007,0.289735,0.235686
30.000000,141.529007,0.292907,0.234832
31.000000,141.529007,0.295501,0.249861
32.000000,141.529007,0.297506,0.260845
33.000000,141.529007,0.298929,0.252435
34.000000,141.529007,0.299756,0.261007
35.000000,141.529007,0.299992,0.272703
36.000000,141.529007,0.299640,0.263876
37.000000,141.529007,0.298687,0.266007
38.000000,141.529007,0.297149,0.276272
39.000000,141.529007,0.295024,0.273313
40.000000,141.529007,0.292311,0.273869
41.000000,141.529007,0.289027,0.277846
42.000000,141.529007,0.285167,0.266166
43.000000,141.529007,0.280744,0.269151
44.000000,141.529007,0.275771,0.276414
45.000000,141.529007,0.270244,0.262017
46.000000,141.529007,0.264189,0.259712
47.000000,141.529007,0.257611,0.260407
48.000000,141.529007,0.250521,0.252435
49.000000,141.529007,0.242941,0.253559
50.000000,141.529007,0.234876,0.236412
51.000000,141.529007,0.226348,0.240421
52.000000,141.529007,0.217376,0.235534
53.000000,141.529007,0.207969,0.222413
54.000000,141.529007,0.198154,0.223258
55.000000,141.529007,0.187947,0.220939
56.000000,141.529007,0.177367,0.200250
57.000000,141.529007,0.166440,0.198948
58.000000,141.529007,0.155180,0.199631
59.000000,141.529007,0.143615,0.177945
60.000000,141.529007,0.131768,0.172922
61.000000,141.529007,0.119657,0.168605
62.000000,141.529007,0.107312,0.151491
63.000000,141.529007,0.094754,0.141038
64.000000,141.529007,0.082008,0.134010
65.000000,141.529007,0.069102,0.119749
66.000000,141.529007,0.056057,0.137608
67.000000,141.529007,0.042903,0.096712
68.000000,141.529007,0.029663,0.084283
69.000000,141.529007,0.016365,0.080255
70.000000,141.529007,0.003035,0.059125
71.000000,141.529007,-0.010302,0.054682
72.000000,141.529007,-0.023618,0.052794
73.000000,141.529007,-0.036888,0.026383
74.000000,141.529007,-0.050084,0.021506
75.000000,141.529007,-0.063181,0.017616
76.000000,141.529007,-0.076155,-0.005501
77.000000,141.529007,-0.088976,-0.014669
78.000000,141.529007,-0.101623,-0.029569
79.000000,141.529007,-0.114068,-0.044963
80.000000,141.529007,-0.126287,-0.052557
81.000000,141.529007,-0.138260,-0.051586
82.000000,141.529007,-0.149955,-0.072133
83.000000,141.529007,-0.161355,-0.082874
84.000000,141.529007,-0.172439,-0.092039
85.000000,141.529007,-0.183177,-0.109597
86.000000,141.529007,-0.193558,-0.112621
87.000000,141.529007,-0.203553,-0.130043
88.000000,141.529007,-0.213146,-0.140341
89.000000,141.529007,-0.222322,-0.135792
90.000000,141.529007,-0.231052,-0.163067
91.000000,141.529007,-0.239329,-0.168942
92.000000,141.529007,-0.247134,-0.170260
93.000000,141.529007,-0.254446,-0.188089
94.000000,141.529007,-0.261261,-0.196254
95.000000,141.529007,-0.267555,-0.193569
96.000000,141.529007,-0.273321,-0.213400
97.000000,141.529007,-0.278552,-0.216418
98.000000,141.529007,-0.283223,-0.215017
99.000000,141.529007,-0.287340,-0.236706
100.000000,141.529007,-0.290890,-0.240725
101.000000,141.529007,-0.293860,-0.241176
102.000000,141.529007,-0.296256,-0.258577
103.000000,141.529007,-0.298060,-0.254452
104.000000,141.529007,-0.299277,-0.248329
105.000000,141.529007,-0.299908,-0.264303
106.000000,141.529007,-0.299936,-0.261748
107.000000,141.529007,-0.299378,-0.271181
108.000000,141.529007,-0.298228,-0.270025
109.000000,141.529007,-0.296484,-0.264044
110.000000,141.529007,-0.294161,-0.276595
111.000000,141.529007,-0.291250,-0.271172
112.000000,141.529007,-0.287765,-0.267056
113.000000,141.529007,-0.283717,-0.274021
114.000000,141.529007,-0.279099,-0.268461
115.000000,141.529007,-0.273935,-0.258481
116.000000,141.529007,-0.268229,-0.268733
117.000000,141.529007,-0.261990,-0.259313
118.000000,141.529007,-0.255238,-0.249475
119.000000,141.529007,-0.247977,-0.256295
120.000000,141.529007,-0.240227,-0.248733
121.000000,141.529007,-0.232006,-0.241464
122.000000,141.529007,-0.223319,-0.243426
123.000000,141.529007,-0.214197,-0.231007
124.000000,141.529007,-0.204649,-0.225858
125.000000,141.529007,-0.194696,-0.221554
126.000000,141.529007,-0.184361,-0.211137
127.000000,141.529007,-0.173658,-0.208967
128.000000,141.529007,-0.162613,-0.193961
129.000000,141.529007,-0.151249,-0.222309
130.000000,141.529007,-0.139582,-0.178226
131.000000,141.529007,-0.127642,-0.158508
132.000000,141.529007,-0.115448,-0.142093
133.000000,141.529007,-0.103026,-0.148482
134.000000,141.529007,-0.090403,-0.133631
135.000000,141.529007,-0.077598,-0.118075
136.000000,141.529007,-0.064641,-0.119603
137.000000,141.529007,-0.051556,-0.106750
138.000000,141.529007,-0.038369,-0.090760
139.000000,141.529007,-0.025107,-0.089147
140.000000,141.529007,-0.011794,-0.076440
141.000000,141.529007,0.001541,-0.061003
142.000000,141.529007,0.014874,-0.055122
143.000000,141.529007,0.028177,-0.033555
144.000000,141.529007,0.041424,-0.034099
145.000000,141.529007,0.054590,-0.027243
146.000000,141.529007,0.067647,-0.000107
147.000000,141.529007,0.080571,-0.005071
148.000000,141.529007,0.093336,0.012788
149.000000,141.529007,0.105915,0.037635
150.000000,141.529007,0.118288,0.034964
151.000000,141.529007,0.130423,0.054394
152.000000,141.529007,0.142303,0.078240
153.000000,141.529007,0.153902,0.071852
154.000000,141.529007,0.165194,0.090708
155.000000,141.529007,0.176163,0.107981
156.000000,141.529007,0.186781,0.109597
157.000000,141.529007,0.197030,0.123593
158.000000,141.529007,0.206894,0.133722
159.000000,141.529007,0.216342,0.143768
160.000000,141.529007,0.225366,0.153045
161.000000,141.529007,0.233946,0.163482
162.000000,141.529007,0.242059,0.168074
163.000000,141.529007,0.249699,0.184065
164.000000,141.529007,0.256842,0.183660
165.000000,141.529007,0.263477,0.194091
166.000000,141.529007,0.269597,0.209647
167.000000,141.529007,0.275175,0.207397
168.000000,141.529007,0.280215,0.219680
169.000000,141.529007,0.284701,0.235663
170.000000,141.529007,0.288620,0.231276
171.000000,141.529007,0.291975,0.239696
172.000000,141.529007,0.294748,0.250822
173.000000,141.529007,0.296939,0.247147
174.000000,141.529007,0.298549,0.257568
175.000000,141.529007,0.299558,0.263124
176.000000,141.529007,0.299983,0.260729
177.000000,141.529007,0.299813,0.268001
178.000000,141.529007,0.299048,0.266719
179.000000,141.529007,0.297698,0.266020
180.000000,141.529007,0.295753,0.274429
181.000000,141.529007,0.293225,0.267296
182.000000,141.529007,0.290123,0.270732
183.000000,141.529007,0.286439,0.271133
184.000000,141.529007,0.282194,0.267451
185.000000,141.529007,0.277391,0.268873
186.000000,141.529007,0.272036,0.274701
187.000000,141.529007,0.266150,0.260159
188.000000,141.529007,0.259731,0.262574
189.000000,141.529007,0.252802,0.267548
190.000000,141.529007,0.245376,0.249291
191.000000,141.529007,0.237458,0.248989
192.000000,141.529007,0.229077,0.250391
193.000000,141.529007,0.220241,0.232844
194.000000,141.529007,0.210967,0.231253
195.000000,141.529007,0.201282,0.220535
196.000000,141.529007,0.191193,0.213543
197.000000,141.529007,0.180729,0.210943
198.000000,141.529007,0.169910,0.196390
199.000000,141.529007,0.158750,0.191947
200.000000,141.529007,0.147280,0.190917
201.000000,141.529007,0.135518,0.172942
202.000000,141.529007,0.123487,0.166063
203.000000,141.529007,0.111214,0.163459
204.000000,141.529007,0.098719,0.139914
205.000000,141.529007,0.086030,0.134321
206.000000,141.529007,0.073172,0.134862
207.000000,141.529007,0.060167,0.109170
208.000000,141.529007,0.047045,0.104866
209.000000,141.529007,0.033829,0.108978
210.000000,141.529007,0.020546,0.076858
211.000000,141.529007,0.007223,0.068406
212.000000,141.529007,-0.006114,0.065086
213.000000,141.529007,-0.019439,0.042969
214.000000,141.529007,-0.032727,0.028656
215.000000,141.529007,-0.045948,0.034345
216.000000,141.529007,-0.059080,0.009369
217.000000,141.529007,-0.072095,0.012937
218.000000,141.529007,-0.084966,-0.004829
219.000000,141.529007,-0.097672,-0.027098
220.000000,141.529007,-0.110182,-0.036408
221.000000,141.529007,-0.122475,-0.050278
222.000000,141.529007,-0.134528,-0.061414
223.000000,141.529007,-0.146311,-0.064585
224.000000,141.529007,-0.157809,-0.080996
225.000000,141.529007,-0.168993,-0.094160
226.000000,141.529007,-0.179842,-0.094762
227.000000,141.529007,-0.190340,-0.121173
228.000000,141.529007,-0.200455,-0.127194
229.000000,141.529007,-0.210178,-0.128797
230.000000,141.529007,-0.219486,-0.150771
231.000000,141.529007,-0.228357,-0.153647
232.000000,141.529007,-0.236781,-0.152676
233.000000,141.529007,-0.244734,-0.177795
234.000000,141.529007,-0.252203,-0.183819
235.000000,141.529007,-0.259178,-0.180558
236.000000,141.529007,-0.265633,-0.204534
237.000000,141.529007,-0.271568,-0.209126
238.000000,141.529007,-0.276967,-0.209437
239.000000,141.529007,-0.281814,-0.226554
240.000000,141.529007,-0.286110,-0.228860
241.000000,141.529007,-0.289835,-0.238442
242.000000,141.529007,-0.292989,-0.244144
243.000000,141.529007,-0.295569,-0.243455
244.000000,141.529007,-0.297555,-0.258150
245.000000,141.529007,-0.298960,-0.257159
246.000000,141.529007,-0.299773,-0.253471
247.000000,141.529007,-0.299989,-0.267159
248.000000,141.529007,-0.299620,-0.267745
249.000000,141.529007,-0.298651,-0.259624
250.000000,141.529007,-0.297095,-0.274309
251.000000,141.529007,-0.294956,-0.273895
252.000000,141.529007,-0.292225,-0.264346
253.000000,141.529007,-0.288923,-0.277884
254.000000,141.529007,-0.285048,-0.271181
255.000000,141.529007,-0.280607,-0.262056
256.000000,141.529007,-0.275618,-0.270595
257.000000,141.529007,-0.270077,-0.271755
258.000000,141.529007,-0.264006,-0.268895
259.000000,141.529007,-0.257415,-0.254867
260.000000,141.529007,-0.250309,-0.250175
261.000000,141.529007,-0.242714,-0.255721
262.000000,141.529007,-0.234637,-0.248581
263.000000,141.529007,-0.226095,-0.234314
264.000000,141.529007,-0.217110,-0.241421
265.000000,141.529007,-0.207691,-0.229427
266.000000,141.529007,-0.197864,-0.217445
267.000000,141.529007,-0.187648,-0.220120
268.000000,141.529007,-0.177056,-0.206979
269.000000,141.529007,-0.166118,-0.187566
270.000000,141.529007,-0.154851,-0.193238
271.000000,141.529007,-0.143276,-0.177957
272.000000,141.529007,-0.131422,-0.162113
273.000000,141.529007,-0.119303,-0.167643
274.000000,141.529007,-0.106951,-0.153077
275.000000,141.529007,-0.094388,-0.134513
276.000000,141.529007,-0.081637,-0.134188
277.000000,141.529007,-0.068726,-0.121766
278.000000,141.529007,-0.055678,-0.114908
279.000000,141.529007,-0.042520,-0.108881
280.000000,141.529007,-0.029279,-0.084743
281.000000,141.529007,-0.015979,-0.085002
282.000000,141.529007,-0.002648,-0.069853
283.000000,141.529007,0.010688,-0.047289
284.000000,141.529007,0.024003,-0.051110
285.000000,141.529007,0.037271,-0.035113
286.000000,141.529007,0.050465,-0.013410
287.000000,141.529007,0.063559,-0.014368
288.000000,141.529007,0.076529,-0.002228
289.000000,141.529007,0.089345,0.022477
290.000000,141.529007,0.101986,0.018805
291.000000,141.529007,0.114426,0.040093
292.000000,141.529007,0.126638,0.061084
293.000000,141.529007,0.138602,0.057124
294.000000,141.529007,0.150290,0.072263
295.000000,141.529007,0.161681,0.088253
296.000000,141.529007,0.172756,0.091152
297.000000,141.529007,0.183484,0.110293
298.000000,141.529007,0.193852,0.116009
299.000000,141.529007,0.203838,0.124895
300.000000,141.529007,0.213418,0.141028
301.000000,141.529007,0.222580,0.134474
302.000000,141.529007,0.231299,0.157919
303.000000,141.529007,0.239561,0.174049
304.000000,141.529007,0.247355,0.170940
305.000000,141.529007,0.254651,0.191089
306.000000,141.529007,0.261449,0.205211
307.000000,141.529007,0.267731,0.200820
308.000000,141.529007,0.273480,0.208385
309.000000,141.529007,0.278693,0.222795
310.000000,141.529007,0.283351,0.220409
311.000000,141.529007,0.287450,0.233404
312.000000,141.529007,0.290986,0.245815
313.000000,141.529007,0.293938,0.239570
314.000000,141.529007,0.296315,0.247131
315.000000,141.529007,0.298105,0.259692
316.000000,141.529007,0.299303,0.247720
317.000000,141.529007,0.299916,0.263283
318.000000,141.529007,0.299929,0.266424
319.000000,141.529007,0.299352,0.265159
320.000000,141.529007,0.298188,0.274572
321.000000,141.529007,0.296425,0.264731
322.000000,141.529007,0.294083,0.269588
323.000000,141.529007,0.291158,0.277995
324.000000,141.529007,0.287656,0.265308
325.000000,141.529007,0.283590,0.271301
326.000000,141.529007,0.278958,0.276560
327.000000,141.529007,0.273776,0.264449
328.000000,141.529007,0.268058,0.265149
329.000000,141.529007,0.261802,0.272554
330.000000,141.529007,0.255034,0.254009
331.000000,141.529007,0.247760,0.252134
332.000000,141.529007,0.239995,0.253820
333.000000,141.529007,0.231761,0.239281
334.000000,141.529007,0.223062,0.239122
335.000000,141.529007,0.213926,0.234954
336.000000,141.529007,0.204368,0.218977
337.000000,141.529007,0.194402,0.219242
338.000000,141.529007,0.184056,0.205098
339.000000,141.529007,0.173344,0.200386
340.000000,141.529007,0.162289,0.203647
341.000000,141.529007,0.150916,0.179376
342.000000,141.529007,0.139241,0.175218
343.000000,141.529007,0.127293,0.170898
344.000000,141.529007,0.115094,0.153923
345.000000,141.529007,0.102665,0.147760
346.000000,141.529007,0.090035,0.146873
347.000000,141.529007,0.077227,0.116893
348.000000,141.529007,0.064265,0.119590
349.000000,141.529007,0.051178,0.115128
350.000000,141.529007,0.037988,0.095154
351.000000,141.529007,0.024724,0.084416
352.000000,141.529007,0.011411,0.079105
353.000000,141.529007,-0.001925,0.061839
354.000000,141.529007,-0.015257,0.093551
355.000000,141.529007,-0.028559,0.033096
356.000000,141.529007,-0.041804,0.016370
357.000000,141.529007,-0.054968,0.015628
358.000000,141.529007,-0.068021,-0.005783
359.000000,141.529007,-0.080941,-0.013662
360.000000,141.529007,-0.093701,-0.013838
361.000000,141.529007,-0.106274,-0.005081
362.000000,141.529007,-0.118640,-0.043837
363.000000,141.529007,-0.130769,-0.054446
364.000000,141.529007,-0.142640,-0.079422
365.000000,141.529007,-0.154232,-0.080012
366.000000,141.529007,-0.165514,-0.083901
367.000000,141.529007,-0.176472,-0.106449
368.000000,141.529007,-0.187082,-0.114901
369.000000,141.529007,-0.197319,-0.119212
370.000000,141.529007,-0.207170,-0.138191
371.000000,141.529007,-0.216608,-0.137925
372.000000,141.529007,-0.225618,-0.151934
373.000000,141.529007,-0.234188,-0.162358
374.000000,141.529007,-0.242286,-0.166244
375.000000,141.529007,-0.249911,-0.190091
376.000000,141.529007,-0.257041,-0.191247
377.000000,141.529007,-0.263660,-0.191419
378.000000,141.529007,-0.269764,-0.209967
379.000000,141.529007,-0.275329,-0.213271
380.000000,141.529007,-0.280351,-0.210299
381.000000,141.529007,-0.284824,-0.235417
382.000000,141.529007,-0.288725,-0.235434
383.000000,141.529007,-0.292062,-0.228883
384.000000,141.529007,-0.294820,-0.249287
385.000000,141.529007,-0.296993,-0.244728
386.000000,141.529007,-0.298585,-0.250758
387.000000,141.529007,-0.299580,-0.266304
388.000000,141.529007,-0.299985,-0.265751
389.000000,141.529007,-0.299802,-0.271045
390.000000,141.529007,-0.299017,-0.273597
391.000000,141.529007,-0.297648,-0.266615
392.000000,141.529007,-0.295689,-0.276456
393.000000,141.529007,-0.293143,-0.273888
394.000000,141.529007,-0.290024,-0.264051
395.000000,141.529007,-0.286325,-0.277738
396.000000,141.529007,-0.282062,-0.277752
397.000000,141.529007,-0.277246,-0.260767
398.000000,141.529007,-0.271874,-0.270592
399.000000,141.529007,-0.265971,-0.264744
400.000000,141.529007,-0.259540,-0.254194
401.000000,141.529007,-0.252594,-0.261871
402.000000,141.529007,-0.245154,-0.252736
403.000000,141.529007,-0.237223,-0.240609
404.000000,141.529007,-0.228827,-0.249144
405.000000,141.529007,-0.219980,-0.243442
406.000000,141.529007,-0.210693,-0.225020
407.000000,141.529007,-0.200995,-0.226554
408.000000,141.529007,-0.190897,-0.212704
409.000000,141.529007,-0.180421,-0.212850
410.000000,141.529007,-0.169592,-0.202536
411.000000,141.529007,-0.158423,-0.183971
412.000000,141.529007,-0.146943,-0.189524
413.000000,141.529007,-0.135174,-0.175088
414.000000,141.529007,-0.123135,-0.153382
415.000000,141.529007,-0.110855,-0.158206
416.000000,141.529007,-0.098355,-0.144923
417.000000,141.529007,-0.085660,-0.127939
418.000000,141.529007,-0.072797,-0.129182
419.000000,141.529007,-0.059789,-0.116472
420.000000,141.529007,-0.046663,-0.093626
421.000000,141.529007,-0.033445,-0.096721
422.000000,141.529007,-0.020161,-0.089302
423.000000,141.529007,-0.006837,-0.067315
424.000000,141.529007,0.006501,-0.067984
425.000000,141.529007,0.019825,-0.051129
426.000000,141.529007,0.033111,-0.028711
427.000000,141.529007,0.046331,-0.035812
428.000000,141.529007,0.059459,-0.011810
429.000000,141.529007,0.072470,0.004750
430.000000,141.529007,0.085337,0.007079
431.000000,141.529007,0.098037,0.022646
432.000000,141.529007,0.110542,0.034504
433.000000,141.529007,0.122828,0.041535
434.000000,141.529007,0.134874,0.059957
435.000000,141.529007,0.146649,0.067564
436.000000,141.529007,0.158137,0.079423
437.000000,141.529007,0.169313,0.098554
438.000000,141.529007,0.180151,0.095731
439.000000,141.529007,0.190638,0.112874
440.000000,141.529007,0.200744,0.129000
441.000000,141.529007,0.210453,0.130617
442.000000,141.529007,0.219752,0.145044
443.000000,141.529007,0.228608,0.162886
444.000000,141.529007,0.237017,0.157783
445.000000,141.529007,0.244958,0.193796
446.000000,141.529007,0.252412,0.184907
447.000000,141.529007,0.259371,0.181232
448.000000,141.529007,0.265813,0.195227
449.000000,141.529007,0.271732,0.209077
450.000000,141.529007,0.277117,0.204965
451.000000,141.529007,0.281947,0.222533
452.000000,141.529007,0.286225,0.225253
453.000000,141.529007,0.289936,0.234132
454.000000,141.529007,0.293071,0.247117
455.000000,141.529007,0.295634,0.241856
456.000000,141.529007,0.297605,0.256574
457.000000,141.529007,0.298990,0.263552
458.000000,141.529007,0.299789,0.255013
459.000000,141.529007,0.299987,0.263151
460.000000,141.529007,0.299598,0.273697
461.000000,141.529007,0.298616,0.263591
462.000000,141.529007,0.297040,0.269151
463.000000,141.529007,0.294884,0.277415
464.000000,141.529007,0.292138,0.267309
465.000000,141.529007,0.288817,0.271437
466.000000,141.529007,0.284929,0.279989
467.000000,141.529007,0.280471,0.265019
468.000000,141.529007,0.275464,0.268290
469.000000,141.529007,0.269910,0.265268
470.000000,141.529007,0.263822,0.255437
471.000000,141.529007,0.257217,0.260278
472.000000,141.529007,0.250097,0.253141
473.000000,141.529007,0.242486,0.246856
474.000000,141.529007,0.234398,0.250547
475.000000,141.529007,0.225841,0.233708
476.000000,141.529007,0.216843,0.232837
477.000000,141.529007,0.207414,0.232807
478.000000,141.529007,0.197574,0.217407
479.000000,141.529007,0.187348,0.211244
480.000000,141.529007,0.176746,0.211642
481.000000,141.529007,0.165797,0.191814
482.000000,141.529007,0.154522,0.184648
483.000000,141.529007,0.142938,0.182617
484.000000,141.529007,0.131075,0.164360
485.000000,141.529007,0.118951,0.161199
486.000000,141.529007,0.106591,0.158602
487.000000,141.529007,0.094023,0.140338
488.000000,141.529007,0.081267,0.135173
489.000000,141.529007,0.068351,0.120727
490.000000,141.529007,0.055301,0.110452
491.000000,141.529007,0.042140,0.104995
492.000000,141.529007,0.028896,0.082285
493.000000,141.529007,0.015596,0.079135
494.000000,141.529007,0.002264,0.074960
495.000000,141.529007,-0.011072,0.049977
496.000000,141.529007,-0.024386,0.037241
497.000000,141.529007,-0.037652,0.041210
498.000000,141.529007,-0.050844,-0.043969
499.000000,141.529007,-0.063934,0.006208
500.000000,141.529007,-0.076900,0.018047
501.000000,141.529007,-0.089712,-0.008361
502.000000,141.529007,-0.102347,-0.018387
503.000000,141.529007,-0.114782,-0.024135
504.000000,141.529007,-0.126986,-0.051544
505.000000,141.529007,-0.138941,-0.051272
506.000000,141.529007,-0.150623,-0.068170
507.000000,141.529007,-0.162004,-0.090151
508.000000,141.529007,-0.173068,-0.096890
509.000000,141.529007,-0.183788,-0.114331
510.000000,141.529007,-0.194144,-0.120322
511.000000,141.529007,-0.204121,-0.124493
512.000000,141.529007,-0.213688,-0.145768
513.000000,141.529007,-0.222836,-0.152070
514.000000,141.529007,-0.231544,-0.148667
515.000000,141.529007,-0.239792,-0.169932
516.000000,141.529007,-0.247571,-0.176095
517.000000,141.529007,-0.254855,-0.177699
518.000000,141.529007,-0.261637,-0.198957
519.000000,141.529007,-0.267906,-0.204692
520.000000,141.529007,-0.273637,-0.205150
521.000000,141.529007,-0.278834,-0.220262
522.000000,141.529007,-0.283478,-0.228857
523.000000,141.529007,-0.287559,-0.229304
524.000000,141.529007,-0.291078,-0.238280
525.000000,141.529007,-0.294015,-0.242448
526.000000,141.529007,-0.296373,-0.249724
527.000000,141.529007,-0.298150,-0.255586
528.000000,141.529007,-0.299329,-0.252467
529.000000,141.529007,-0.299923,-0.269303
530.000000,141.529007,-0.299922,-0.268030
531.000000,141.529007,-0.299326,-0.259624
532.000000,141.529007,-0.298145,-0.273593
533.000000,141.529007,-0.296366,-0.274037
534.000000,141.529007,-0.294006,-0.261486
535.000000,141.529007,-0.291067,-0.279027
536.000000,141.529007,-0.287546,-0.272324
537.000000,141.529007,-0.283463,-0.264631
538.000000,141.529007,-0.278817,-0.272023
539.000000,141.529007,-0.273618,-0.268179
540.000000,141.529007,-0.267885,-0.264621
541.000000,141.529007,-0.261614,-0.268448
542.000000,141.529007,-0.254830,-0.256887
543.000000,141.529007,-0.247544,-0.252302
544.000000,141.529007,-0.239764,-0.252010
545.000000,141.529007,-0.231515,-0.237451
546.000000,141.529007,-0.222806,-0.241421
547.000000,141.529007,-0.213655,-0.231855
548.000000,141.529007,-0.204087,-0.223877
549.000000,141.529007,-0.194109,-0.222121
550.000000,141.529007,-0.183751,-0.215272
551.000000,141.529007,-0.173030,-0.192711
552.000000,141.529007,-0.161965,-0.204534
553.000000,141.529007,-0.150582,-0.185535
554.000000,141.529007,-0.138900,-0.163398
555.000000,141.529007,-0.126943,-0.169074
556.000000,141.529007,-0.114738,-0.157083
557.000000,141.529007,-0.102302,-0.148376
558.000000,141.529007,-0.089667,-0.144913
559.000000,141.529007,-0.076854,-0.126345
560.000000,141.529007,-0.063888,-0.122187
561.000000,141.529007,-0.050797,-0.110315
562.000000,141.529007,-0.037605,-0.091611
563.000000,141.529007,-0.024339,-0.095293
564.000000,141.529007,-0.011025,-0.074575
565.000000,141.529007,0.002312,-0.055012
566.000000,141.529007,0.015643,-0.056262
567.000000,141.529007,0.028944,-0.041835
568.000000,141.529007,0.042187,-0.021992
569.000000,141.529007,0.055348,-0.021945
570.000000,141.529007,0.068398,-0.005090
571.000000,141.529007,0.081313,0.014614
572.000000,141.529007,0.094069,0.010654
573.000000,141.529007,0.106636,0.028653
574.000000,141.529007,0.118994,0.042930
575.000000,141.529007,0.131118,0.050259
576.000000,141.529007,0.142980,0.064543
577.000000,141.529007,0.154563,0.071262
578.000000,141.529007,0.165837,0.088147
579.000000,141.529007,0.176784,0.106566
580.000000,141.529007,0.187385,0.105167
581.000000,141.529007,0.197610,0.122029
582.000000,141.529007,0.207448,0.137870
583.000000,141.529007,0.216876,0.137625
584.000000,141.529007,0.225873,0.151051
585.000000,141.529007,0.234428,0.168893
586.000000,141.529007,0.242514,0.169078
587.000000,141.529007,0.250123,0.182073
588.000000,141.529007,0.257242,0.198915
589.000000,141.529007,0.263845,0.204110
590.000000,141.529007,0.269931,0.206665
591.000000,141.529007,0.275483,0.215220
592.000000,141.529007,0.280488,0.214259
593.000000,141.529007,0.284944,0.228540
594.000000,141.529007,0.288830,0.228397
595.000000,141.529007,0.292149,0.236134
596.000000,141.529007,0.294893,0.253552
597.000000,141.529007,0.297047,0.243857
598.000000,141.529007,0.298620,0.251286
599.000000,141.529007,0.299601,0.264837
600.000000,141.529007,0.299987,0.257014
601.000000,141.529007,0.299787,0.266149
602.000000,141.529007,0.298987,0.277272
603.000000,141.529007,0.297599,0.268452
604.000000,141.529007,0.295626,0.269721
605.000000,141.529007,0.293061,0.281275
606.000000,141.529007,0.289924,0.270881
607.000000,141.529007,0.286210,0.269864
608.000000,141.529007,0.281930,0.272703
609.000000,141.529007,0.277098,0.264874
610.000000,141.529007,0.271711,0.269002
611.000000,141.529007,0.265791,0.259718
612.000000,141.529007,0.259347,0.261010
613.000000,141.529007,0.252386,0.262700
614.000000,141.529007,0.244930,0.246435
615.000000,141.529007,0.236988,0.245848
616.000000,141.529007,0.228577,0.249679
617.000000,141.529007,0.219719,0.232993
618.000000,141.529007,0.210419,0.226830
619.000000,141.529007,0.200708,0.230372
620.000000,141.529007,0.190601,0.210972
621.000000,141.529007,0.180113,0.205237
622.000000,141.529007,0.169273,0.205353
623.000000,141.529007,0.158096,0.186950
624.000000,141.529007,0.146607,0.176497
625.000000,141.529007,0.134831,0.175907
626.000000,141.529007,0.122784,0.166646
627.000000,141.529007,0.110497,0.158333
628.000000,141.529007,0.097992,0.139752
629.000000,141.529007,0.085291,0.134328
630.000000,141.529007,0.072424,0.129726
631.000000,141.529007,0.059412,0.108312
632.000000,141.529007,0.046283,0.102295
633.000000,141.529007,0.033064,0.099551
634.000000,141.529007,0.019778,0.078571
635.000000,141.529007,0.006453,-0.075284
636.000000,141.529007,-0.006885,0.068804
637.000000,141.529007,-0.020208,0.075139
638.000000,141.529007,-0.033492,0.063969
639.000000,141.529007,-0.046710,0.054503
640.000000,141.529007,-0.059835,0.021380
641.000000,141.529007,-0.072843,0.007063
642.000000,141.529007,-0.085705,-0.004689
643.000000,141.529007,-0.098399,-0.022804
644.000000,141.529007,-0.110899,-0.023393
645.000000,141.529007,-0.123178,-0.040851
646.000000,141.529007,-0.135216,-0.056119
647.000000,141.529007,-0.146984,-0.066294
648.000000,141.529007,-0.158463,-0.081006
649.000000,141.529007,-0.169631,-0.090296
650.000000,141.529007,-0.180458,-0.097904
651.000000,141.529007,-0.190933,-0.121458
652.000000,141.529007,-0.201029,-0.121329
653.000000,141.529007,-0.210726,-0.129509
654.000000,141.529007,-0.220011,-0.148485
655.000000,141.529007,-0.228857,-0.156222
656.000000,141.529007,-0.237252,-0.159111
657.000000,141.529007,-0.245181,-0.179939
658.000000,141.529007,-0.252619,-0.180959
659.000000,141.529007,-0.259563,-0.180843
660.000000,141.529007,-0.265992,-0.205823
661.000000,141.529007,-0.271894,-0.206697
662.000000,141.529007,-0.277263,-0.212147
663.000000,141.529007,-0.282078,-0.224984
664.000000,141.529007,-0.286338,-0.229148
665.000000,141.529007,-0.290036,-0.243442
666.000000,141.529007,-0.293153,-0.247289
667.000000,141.529007,-0.295697,-0.243598
668.000000,141.529007,-0.297654,-0.264015
669.000000,141.529007,-0.299021,-0.256016
670.000000,141.529007,-0.299803,-0.259048
671.000000,141.529007,-0.299985,-0.267444
672.000000,141.529007,-0.299577,-0.262881
673.000000,141.529007,-0.298580,-0.260197
674.000000,141.529007,-0.296986,-0.271592
675.000000,141.529007,-0.294812,-0.273037
676.000000,141.529007,-0.292051,-0.260771
677.000000,141.529007,-0.288713,-0.283030
678.000000,141.529007,-0.284809,-0.269465
679.000000,141.529007,-0.280335,-0.254339
680.000000,141.529007,-0.275310,-0.271307
681.000000,141.529007,-0.269744,-0.268892
682.000000,141.529007,-0.263638,-0.257477
683.000000,141.529007,-0.257017,-0.263014
684.000000,141.529007,-0.249885,-0.254740
685.000000,141.529007,-0.242259,-0.250887
686.000000,141.529007,-0.234158,-0.248290
687.000000,141.529007,-0.225588,-0.236017
688.000000,141.529007,-0.216576,-0.241997
689.000000,141.529007,-0.207136,-0.231279
690.000000,141.529007,-0.197284,-0.213005
691.000000,141.529007,-0.187045,-0.219974
692.000000,141.529007,-0.176435,-0.207834
693.000000,141.529007,-0.165475,-0.188848
694.000000,141.529007,-0.154192,-0.191807
695.000000,141.529007,-0.142599,-0.182099
696.000000,141.529007,-0.130727,-0.165257
697.000000,141.529007,-0.118597,-0.162355
698.000000,141.529007,-0.106230,-0.150360
699.000000,141.529007,-0.093656,-0.131229
700.000000,141.529007,-0.080895,-0.134331
701.000000,141.529007,-0.067975,-0.123052
702.000000,141.529007,-0.054921,-0.106346
703.000000,141.529007,-0.041757,-0.104305
704.000000,141.529007,-0.028512,-0.087738
705.000000,141.529007,-0.015210,-0.081158
0.000000,147.809006,0.006248,-0.062713
1.000000,147.809006,0.020164,-0.047726
2.000000,147.809006,0.034036,-0.044108
3.000000,147.809006,0.047835,-0.028108
4.000000,147.809006,0.061531,-0.010256
5.000000,147.809006,0.075093,-0.004789
6.000000,147.809006,0.088494,0.013633
7.000000,147.809006,0.101705,0.016933
8.000000,147.809006,0.114698,0.032953
9.000000,147.809006,0.127440,0.056518
10.000000,147.809006,0.139908,0.056412
11.000000,147.809006,0.152076,0.073412
12.000000,147.809006,0.163917,0.091397
13.000000,147.809006,0.175404,0.093442
14.000000,147.809006,0.186510,0.107010
15.000000,147.809006,0.197216,0.125568
16.000000,147.809006,0.207497,0.126615
17.000000,147.809006,0.217334,0.141038
18.000000,147.809006,0.226696,0.157740
19.000000,147.809006,0.235571,0.155494
20.000000,147.809006,0.243940,0.162342
21.000000,147.809006,0.251784,0.177342
22.000000,147.809006,0.259085,0.190237
23.000000,147.809006,0.265823,0.199223
24.000000,147.809006,0.271990,0.199813
25.000000,147.809006,0.277573,0.212251
26.000000,147.809006,0.282559,0.228666
27.000000,147.809006,0.286932,0.224845
28.000000,147.809006,0.290685,0.234981
29.000000,147.809006,0.293814,0.249248
30.000000,147.809006,0.296311,0.246289
31.000000,147.809006,0.298171,0.246849
32.000000,147.809006,0.299381,0.262687
33.000000,147.809006,0.299948,0.253724
34.000000,147.809006,0.299870,0.266004
35.000000,147.809006,0.299148,0.277846
36.000000,147.809006,0.297779,0.264734
37.000000,147.809006,0.295764,0.272150
38.000000,147.809006,0.293114,0.270705
39.000000,147.809006,0.289834,0.267306
40.000000,147.809006,0.285931,0.273005
41.000000,147.809006,0.281407,0.263005
42.000000,147.809006,0.276276,0.269019
43.000000,147.809006,0.270551,0.273137
44.000000,147.809006,0.264245,0.254582
45.000000,147.809006,0.257370,0.272302
46.000000,147.809006,0.249934,0.265411
47.000000,147.809006,0.241962,0.245862
48.000000,147.809006,0.233469,0.242701
49.000000,147.809006,0.224475,0.248533
50.000000,147.809006,0.214995,0.226416
51.000000,147.809006,0.205049,0.221253
52.000000,147.809006,0.194663,0.224226
53.000000,147.809006,0.183858,0.205111
54.000000,147.809006,0.172658,0.203805
55.000000,147.809006,0.161083,0.201920
56.000000,147.809006,0.149160,0.184376
57.000000,147.809006,0.136918,0.180642
58.000000,147.809006,0.124380,0.169045
59.000000,147.809006,0.111575,0.154635
60.000000,147.809006,0.098527,0.149752
61.000000,147.809006,0.085268,0.132327
62.000000,147.809006,0.071825,0.124603
63.000000,147.809006,0.058228,0.121145
64.000000,147.809006,0.044504,0.099164
65.000000,147.809006,0.030684,0.091142
66.000000,147.809006,0.016799,0.120432
67.000000,147.809006,0.002877,0.068134
68.000000,147.809006,-0.011051,0.049957
69.000000,147.809006,-0.024955,0.050213
70.000000,147.809006,-0.038805,0.025097
71.000000,147.809006,-0.052571,0.020217
72.000000,147.809006,-0.066225,0.010897
73.000000,147.809006,-0.079736,-0.063273
74.000000,147.809006,-0.093074,-0.013099
75.000000,147.809006,-0.106211,-0.013403
76.000000,147.809006,-0.119121,-0.036388
77.000000,147.809006,-0.131774,-0.043413
78.000000,147.809006,-0.144141,-0.061430
79.000000,147.809006,-0.156198,-0.075854
80.000000,147.809006,-0.167918,-0.083027
81.000000,147.809006,-0.179278,-0.102874
82.000000,147.809006,-0.190252,-0.111889
83.000000,147.809006,-0.200811,-0.115779
84.000000,147.809006,-0.210939,-0.137044
85.000000,147.809006,-0.220614,-0.141633
86.000000,147.809006,-0.229815,-0.145954
87.000000,147.809006,-0.238518,-0.165784
88.000000,147.809006,-0.246705,-0.175379
89.000000,147.809006,-0.254361,-0.173265
90.000000,147.809006,-0.261471,-0.193096
91.000000,147.809006,-0.268019,-0.199547
92.000000,147.809006,-0.273984,-0.200146
93.000000,147.809006,-0.279359,-0.222263
94.000000,147.809006,-0.284133,-0.223138
95.000000,147.809006,-0.288297,-0.224592
96.000000,147.809006,-0.291840,-0.243426
97.000000,147.809006,-0.294747,-0.242587
98.000000,147.809006,-0.297022,-0.250887
99.000000,147.809006,-0.298658,-0.256868
100.000000,147.809006,-0.299652,-0.254890
101.000000,147.809006,-0.299997,-0.264591
102.000000,147.809006,-0.299693,-0.266453
103.000000,147.809006,-0.298745,-0.259475
104.000000,147.809006,-0.297156,-0.275737
105.000000,147.809006,-0.294927,-0.272318
106.000000,147.809006,-0.292056,-0.262199
107.000000,147.809006,-0.288557,-0.273309
108.000000,147.809006,-0.284437,-0.271605
109.000000,147.809006,-0.279707,-0.260197
110.000000,147.809006,-0.274372,-0.271165
111.000000,147.809006,-0.268442,-0.261457
112.000000,147.809006,-0.261935,-0.255194
113.000000,147.809006,-0.254865,-0.261728
114.000000,147.809006,-0.247248,-0.256169
115.000000,147.809006,-0.239093,-0.248326
116.000000,147.809006,-0.230423,-0.247716
117.000000,147.809006,-0.221257,-0.236298
118.000000,147.809006,-0.211616,-0.235573
119.000000,147.809006,-0.201520,-0.226272
120.000000,147.809006,-0.190984,-0.209427
121.000000,147.809006,-0.180038,-0.219116
122.000000,147.809006,-0.168706,-0.203255
123.000000,147.809006,-0.157011,-0.185700
124.000000,147.809006,-0.144976,-0.183229
125.000000,147.809006,-0.132626,-0.171377
126.000000,147.809006,-0.119993,-0.153819
127.000000,147.809006,-0.107101,-0.160639
128.000000,147.809006,-0.093979,-0.141640
129.000000,147.809006,-0.080652,-0.122793
130.000000,147.809006,-0.067152,-0.126896
131.000000,147.809006,-0.053508,-0.112900
132.000000,147.809006,-0.039748,-0.097337
133.000000,147.809006,-0.025903,-0.095581
134.000000,147.809006,-0.012001,-0.076586
135.000000,147.809006,0.001926,-0.066294
136.000000,147.809006,0.015849,-0.054406
137.000000,147.809006,0.029738,-0.033983
138.000000,147.809006,0.043563,-0.038105
139.000000,147.809006,0.057293,-0.022383
140.000000,147.809006,0.070901,0.003326
141.000000,147.809006,0.084356,0.002649
142.000000,147.809006,0.097629,0.016648
143.000000,147.809006,0.110690,0.038636
144.000000,147.809006,0.123513,0.031389
145.000000,147.809006,0.136071,0.055679
146.000000,147.809006,0.148336,0.077670
147.000000,147.809006,0.160281,0.078144
148.000000,147.809006,0.171877,0.090138
149.000000,147.809006,0.183105,0.111698
150.000000,147.809006,0.193939,0.113888
151.000000,147.809006,0.204356,0.126167
152.000000,147.809006,0.214330,0.140296
153.000000,147.809006,0.223841,0.145630
154.000000,147.809006,0.232870,0.163628
155.000000,147.809006,0.241400,0.169045
156.000000,147.809006,0.249410,0.171507
157.000000,147.809006,0.256877,0.189363
158.000000,147.809006,0.263791,0.188369
159.000000,147.809006,0.270139,0.197527
160.000000,147.809006,0.275907,0.218089
161.000000,147.809006,0.281077,0.218695
162.000000,147.809006,0.285639,0.226406
163.000000,147.809006,0.289586,0.240816
164.000000,147.809006,0.292912,0.236140
165.000000,147.809006,0.295608,0.246276
166.000000,147.809006,0.297661,0.259258
167.000000,147.809006,0.299072,0.252150
168.000000,147.809006,0.299841,0.264002
169.000000,147.809006,0.299966,0.273124
170.000000,147.809006,0.299444,0.261875
171.000000,147.809006,0.298270,0.270579
172.000000,147.809006,0.296456,0.274270
173.000000,147.809006,0.294005,0.268879
174.000000,147.809006,0.290922,0.274009
175.000000,147.809006,0.287209,0.270994
176.000000,147.809006,0.282874,0.264731
177.000000,147.809006,0.277931,0.271573
178.000000,147.809006,0.272392,0.264582
179.000000,147.809006,0.266267,0.260295
180.000000,147.809006,0.259561,0.268989
181.000000,147.809006,0.252298,0.256729
182.000000,147.809006,0.244492,0.251140
183.000000,147.809006,0.236161,0.250252
184.000000,147.809006,0.227320,0.239712
185.000000,147.809006,0.217985,0.239268
186.000000,147.809006,0.208182,0.234948
187.000000,147.809006,0.197932,0.218122
188.000000,147.809006,0.187256,0.213245
189.000000,147.809006,0.176174,0.212215
190.000000,147.809006,0.164711,0.188097
191.000000,147.809006,0.152895,0.188650
192.000000,147.809006,0.140750,0.192915
193.000000,147.809006,0.128302,0.165931
194.000000,147.809006,0.115575,0.160338
195.000000,147.809006,0.102599,0.149891
196.000000,147.809006,0.089403,0.135332
197.000000,147.809006,0.076015,0.135024
198.000000,147.809006,0.062462,0.113739
199.000000,147.809006,0.048774,0.107874
200.000000,147.809006,0.034981,0.103985
201.000000,147.809006,0.021113,0.080718
202.000000,147.809006,0.007199,0.074983
203.000000,147.809006,-0.006730,0.068519
204.000000,147.809006,-0.020645,0.042827
205.000000,147.809006,-0.034515,0.034805
206.000000,147.809006,-0.048311,0.035631
207.000000,147.809006,-0.062003,0.011228
208.000000,147.809006,-0.075560,0.003203
209.000000,147.809006,-0.088955,-0.003831
210.000000,147.809006,-0.102158,-0.025521
211.000000,147.809006,-0.115142,-0.034261
212.000000,147.809006,-0.127877,-0.047428
213.000000,147.809006,-0.140335,-0.060695
214.000000,147.809006,-0.152491,-0.071582
215.000000,147.809006,-0.164320,-0.089875
216.000000,147.809006,-0.175795,-0.102450
217.000000,147.809006,-0.186888,-0.101333
218.000000,147.809006,-0.197578,-0.120315
219.000000,147.809006,-0.207844,-0.133052
220.000000,147.809006,-0.217664,-0.129937
221.000000,147.809006,-0.227013,-0.153916
222.000000,147.809006,-0.235870,-0.161367
223.000000,147.809006,-0.244219,-0.163256
224.000000,147.809006,-0.252044,-0.186516
225.000000,147.809006,-0.259327,-0.188391
226.000000,147.809006,-0.266048,-0.194713
227.000000,147.809006,-0.272194,-0.182798
228.000000,147.809006,-0.277754,-0.213844
229.000000,147.809006,-0.282719,-0.217303
230.000000,147.809006,-0.287075,-0.236849
231.000000,147.809006,-0.290805,-0.239724
232.000000,147.809006,-0.293911,-0.239890
233.000000,147.809006,-0.296385,-0.252292
234.000000,147.809006,-0.298221,-0.260459
235.000000,147.809006,-0.299414,-0.260466
236.000000,147.809006,-0.299957,-0.263733
237.000000,147.809006,-0.299855,-0.259323
238.000000,147.809006,-0.299110,-0.275167
239.000000,147.809006,-0.297721,-0.270171
240.000000,147.809006,-0.295685,-0.265194
241.000000,147.809006,-0.293012,-0.274737
242.000000,147.809006,-0.289709,-0.272891
243.000000,147.809006,-0.285783,-0.261625
244.000000,147.809006,-0.281242,-0.272593
245.000000,147.809006,-0.276089,-0.267603
246.000000,147.809006,-0.270343,-0.255194
247.000000,147.809006,-0.264016,-0.266732
248.000000,147.809006,-0.257121,-0.260029
249.000000,147.809006,-0.249669,-0.248617
250.000000,147.809006,-0.241677,-0.254863
251.000000,147.809006,-0.233166,-0.249303
252.000000,147.809006,-0.224154,-0.232886
253.000000,147.809006,-0.214660,-0.237992
254.000000,147.809006,-0.204699,-0.224142
255.000000,147.809006,-0.194297,-0.214003
256.000000,147.809006,-0.183477,-0.214974
257.000000,147.809006,-0.172264,-0.200269
258.000000,147.809006,-0.160678,-0.199822
259.000000,147.809006,-0.148743,-0.190386
260.000000,147.809006,-0.136489,-0.172255
261.000000,147.809006,-0.123942,-0.173504
262.000000,147.809006,-0.111128,-0.160075
263.000000,147.809006,-0.098073,-0.140520
264.000000,147.809006,-0.084806,-0.147339
265.000000,147.809006,-0.071358,-0.127909
266.000000,147.809006,-0.057755,-0.101631
267.000000,147.809006,-0.044029,-0.104590
268.000000,147.809006,-0.030206,-0.093311
269.000000,147.809006,-0.016319,-0.072606
270.000000,147.809006,-0.002397,-0.071417
271.000000,147.809006,0.011531,-0.059853
272.000000,147.809006,0.025434,-0.038144
273.000000,147.809006,0.039282,-0.038817
274.000000,147.809006,0.053045,-0.022108
275.000000,147.809006,0.066694,-0.007821
276.000000,147.809006,0.080200,0.000072
277.000000,147.809006,0.093531,0.020784
278.000000,147.809006,0.106661,0.020227
279.000000,147.809006,0.119561,0.038672
280.000000,147.809006,0.132205,0.059520
281.000000,147.809006,0.144564,0.057555
282.000000,147.809006,0.156609,0.073986
283.000000,147.809006,0.168316,0.097832
284.000000,147.809006,0.179662,0.092729
285.000000,147.809006,0.190622,0.110300
286.000000,147.809006,0.201170,0.127857
287.000000,147.809006,0.211282,0.128901
288.000000,147.809006,0.220939,0.137893
289.000000,147.809006,0.230122,0.163313
290.000000,147.809006,0.238811,0.157783
291.000000,147.809006,0.246979,0.178356
292.000000,147.809006,0.254616,0.189482
293.000000,147.809006,0.261706,0.188094
294.000000,147.809006,0.268233,0.199800
295.000000,147.809006,0.274182,0.205376
296.000000,147.809006,0.279535,0.215972
297.000000,147.809006,0.284287,0.226101
298.000000,147.809006,0.288428,0.227271
299.000000,147.809006,0.291950,0.238417
300.000000,147.809006,0.294838,0.248681
301.000000,147.809006,0.297090,0.246004
302.000000,147.809006,0.298702,0.253853
303.000000,147.809006,0.299673,0.265262
304.000000,147.809006,0.300000,0.256584
305.000000,147.809006,0.299673,0.267862
306.000000,147.809006,0.298701,0.278415
307.000000,147.809006,0.297088,0.267163
308.000000,147.809006,0.294836,0.272869
309.000000,147.809006,0.291947,0.272991
310.000000,147.809006,0.288425,0.267306
311.000000,147.809006,0.284283,0.274290
312.000000,147.809006,0.279531,0.264148
313.000000,147.809006,0.274177,0.263585
314.000000,147.809006,0.268228,0.267561
315.000000,147.809006,0.261700,0.257157
316.000000,147.809006,0.254610,0.260003
317.000000,147.809006,0.246973,0.263263
318.000000,147.809006,0.238804,0.244145
319.000000,147.809006,0.230115,0.238125
320.000000,147.809006,0.220931,0.245815
321.000000,147.809006,0.211273,0.221840
322.000000,147.809006,0.201161,0.225826
323.000000,147.809006,0.190613,0.213501
324.000000,147.809006,0.179653,0.202964
325.000000,147.809006,0.168307,0.200804
326.000000,147.809006,0.156599,0.198073
327.000000,147.809006,0.144554,0.182660
328.000000,147.809006,0.132195,0.175632
329.000000,147.809006,0.119551,0.154771
330.000000,147.809006,0.106650,0.152916
331.000000,147.809006,0.093520,0.150600
332.000000,147.809006,0.080188,0.129332
333.000000,147.809006,0.066682,0.114306
334.000000,147.809006,0.053033,0.120565
335.000000,147.809006,0.039270,0.096728
336.000000,147.809006,0.025422,0.094999
337.000000,147.809006,0.011520,0.089535
338.000000,147.809006,-0.002408,0.064559
339.000000,147.809006,-0.016330,0.054533
340.000000,147.809006,-0.030217,0.046071
341.000000,147.809006,-0.044040,0.022092
342.000000,147.809006,-0.057767,0.016496
343.000000,147.809006,-0.071369,0.004482
344.000000,147.809006,-0.084818,-0.012655
345.000000,147.809006,-0.098084,-0.019112
346.000000,147.809006,-0.111139,-0.037820
347.000000,147.809006,-0.123953,-0.049403
348.000000,147.809006,-0.136500,-0.048435
349.000000,147.809006,-0.148753,-0.074704
350.000000,147.809006,-0.160688,-0.081297
351.000000,147.809006,-0.172273,-0.081184
352.000000,147.809006,-0.183486,-0.106734
353.000000,147.809006,-0.194305,-0.114043
354.000000,147.809006,-0.204707,-0.116501
355.000000,147.809006,-0.214668,-0.139049
356.000000,147.809006,-0.224162,-0.151792
357.000000,147.809006,-0.233174,-0.155387
358.000000,147.809006,-0.241684,-0.173938
359.000000,147.809006,-0.249676,-0.176675
360.000000,147.809006,-0.257127,-0.188388
361.000000,147.809006,-0.264021,-0.196389
362.000000,147.809006,-0.270348,-0.201850
363.000000,147.809006,-0.276094,-0.216972
364.000000,147.809006,-0.281246,-0.220703
365.000000,147.809006,-0.285787,-0.217157
366.000000,147.809006,-0.289712,-0.237992
367.000000,147.809006,-0.293014,-0.241437
368.000000,147.809006,-0.295687,-0.234748
369.000000,147.809006,-0.297722,-0.261868
370.000000,147.809006,-0.299110,-0.256453
371.000000,147.809006,-0.299856,-0.248187
372.000000,147.809006,-0.299957,-0.265446
373.000000,147.809006,-0.299413,-0.264177
374.000000,147.809006,-0.298220,-0.270336
375.000000,147.809006,-0.296383,-0.276887
376.000000,147.809006,-0.293908,-0.271903
377.000000,147.809006,-0.290802,-0.277463
378.000000,147.809006,-0.287071,-0.275031
379.000000,147.809006,-0.282715,-0.263335
380.000000,147.809006,-0.277750,-0.271304
381.000000,147.809006,-0.272189,-0.267172
382.000000,147.809006,-0.266043,-0.261910
383.000000,147.809006,-0.259322,-0.265873
384.000000,147.809006,-0.252038,-0.255022
385.000000,147.809006,-0.244213,-0.240897
386.000000,147.809006,-0.235863,-0.250145
387.000000,147.809006,-0.227006,-0.243299
388.000000,147.809006,-0.217656,-0.228313
389.000000,147.809006,-0.207836,-0.236706
390.000000,147.809006,-0.197570,-0.218423
391.000000,147.809006,-0.186879,-0.211425
392.000000,147.809006,-0.175786,-0.211256
393.000000,147.809006,-0.164310,-0.199839
394.000000,147.809006,-0.152481,-0.194103
395.000000,147.809006,-0.140325,-0.190816
396.000000,147.809006,-0.127866,-0.163677
397.000000,147.809006,-0.115131,-0.163352
398.000000,147.809006,-0.102147,-0.147210
399.000000,147.809006,-0.088944,-0.133227
400.000000,147.809006,-0.075549,-0.136617
401.000000,147.809006,-0.061992,-0.118761
402.000000,147.809006,-0.048299,-0.099487
403.000000,147.809006,-0.034503,-0.102301
404.000000,147.809006,-0.020633,-0.087874
405.000000,147.809006,-0.006718,-0.064313
406.000000,147.809006,0.007211,-0.068554
407.000000,147.809006,0.021124,-0.049128
408.000000,147.809006,0.034992,-0.026133
409.000000,147.809006,0.048785,-0.031813
410.000000,147.809006,0.062473,-0.009670
411.000000,147.809006,0.076026,-0.004093
412.000000,147.809006,0.089414,0.004644
413.000000,147.809006,0.102610,0.026353
414.000000,147.809006,0.115585,0.028530
415.000000,147.809006,0.128313,0.045392
416.000000,147.809006,0.140760,0.068380
417.000000,147.809006,0.152905,0.066849
418.000000,147.809006,0.164721,0.081132
419.000000,147.809006,0.176183,0.099691
420.000000,147.809006,0.187265,0.102020
421.000000,147.809006,0.197941,0.119020
422.000000,147.809006,0.208191,0.137148
423.000000,147.809006,0.217993,0.137622
424.000000,147.809006,0.227327,0.154334
425.000000,147.809006,0.236168,0.164748
426.000000,147.809006,0.244499,0.164930
427.000000,147.809006,0.252304,0.181639
428.000000,147.809006,0.259567,0.184363
429.000000,147.809006,0.266272,0.197527
430.000000,147.809006,0.272397,0.208226
431.000000,147.809006,0.277936,0.196536
432.000000,147.809006,0.282878,0.211105
433.000000,147.809006,0.287212,0.237241
434.000000,147.809006,0.290925,0.236710
435.000000,147.809006,0.294007,0.247419
436.000000,147.809006,0.296458,0.259543
437.000000,147.809006,0.298272,0.249006
438.000000,147.809006,0.299444,0.263429
439.000000,147.809006,0.299966,0.270122
440.000000,147.809006,0.299841,0.260586
441.000000,147.809006,0.299071,0.264287
442.000000,147.809006,0.297659,0.268558
443.000000,147.809006,0.295606,0.263018
444.000000,147.809006,0.292909,0.274005
445.000000,147.809006,0.289583,0.271586
446.000000,147.809006,0.285635,0.272448
447.000000,147.809006,0.281073,0.274853
448.000000,147.809006,0.275902,0.259446
449.000000,147.809006,0.270134,0.268727
450.000000,147.809006,0.263786,0.267409
451.000000,147.809006,0.256871,0.255010
452.000000,147.809006,0.249403,0.253565
453.000000,147.809006,0.241393,0.258111
454.000000,147.809006,0.232863,0.243572
455.000000,147.809006,0.223833,0.236836
456.000000,147.809006,0.214321,0.233951
457.000000,147.809006,0.204347,0.222267
458.000000,147.809006,0.193930,0.217675
459.000000,147.809006,0.183095,0.211509
460.000000,147.809006,0.171868,0.201247
461.000000,147.809006,0.160271,0.195794
462.000000,147.809006,0.148325,0.180788
463.000000,147.809006,0.136060,0.175937
464.000000,147.809006,0.123503,0.173336
465.000000,147.809006,0.110680,0.150063
466.000000,147.809006,0.097618,0.146047
467.000000,147.809006,0.084344,0.142446
468.000000,147.809006,0.070889,0.118464
469.000000,147.809006,0.057282,0.111728
470.000000,147.809006,0.043552,0.166875
471.000000,147.809006,0.029727,0.087007
472.000000,147.809006,0.015838,0.068837
473.000000,147.809006,0.001914,0.069235
474.000000,147.809006,-0.012013,0.045975
475.000000,147.809006,-0.025914,0.036233
476.000000,147.809006,-0.039760,0.035919
477.000000,147.809006,-0.053519,0.013514
478.000000,147.809006,-0.067163,0.003060
479.000000,147.809006,-0.080663,-0.004106
480.000000,147.809006,-0.093990,-0.023662
481.000000,147.809006,-0.107112,-0.028403
482.000000,147.809006,-0.120003,-0.038400
483.000000,147.809006,-0.132637,-0.054410
484.000000,147.809006,-0.144986,-0.061013
485.000000,147.809006,-0.157020,-0.083140
486.000000,147.809006,-0.168715,-0.093162
487.000000,147.809006,-0.180048,-0.093049
488.000000,147.809006,-0.190993,-0.117171
489.000000,147.809006,-0.201528,-0.122048
490.000000,147.809006,-0.211624,-0.123794
491.000000,147.809006,-0.221265,-0.151772
492.000000,147.809006,-0.230430,-0.156937
493.000000,147.809006,-0.239100,-0.155963
494.000000,147.809006,-0.247254,-0.177368
495.000000,147.809006,-0.254871,-0.180243
496.000000,147.809006,-0.261941,-0.190127
497.000000,147.809006,-0.268447,-0.203964
498.000000,147.809006,-0.274377,-0.208417
499.000000,147.809006,-0.279711,-0.225567
500.000000,147.809006,-0.284441,-0.229990
501.000000,147.809006,-0.288560,-0.226729
502.000000,147.809006,-0.292058,-0.242852
503.000000,147.809006,-0.294929,-0.245152
504.000000,147.809006,-0.297157,-0.249757
505.000000,147.809006,-0.298746,-0.261440
506.000000,147.809006,-0.299694,-0.256593
507.000000,147.809006,-0.299997,-0.252762
508.000000,147.809006,-0.299652,-0.269160
509.000000,147.809006,-0.298657,-0.265744
510.000000,147.809006,-0.297020,-0.262629
511.000000,147.809006,-0.294745,-0.276738
512.000000,147.809006,-0.291837,-0.271178
513.000000,147.809006,-0.288294,-0.265631
514.000000,147.809006,-0.284130,-0.276025
515.000000,147.809006,-0.279355,-0.271039
516.000000,147.809006,-0.273980,-0.260191
517.000000,147.809006,-0.268014,-0.263441
518.000000,147.809006,-0.261466,-0.261606
519.000000,147.809006,-0.254355,-0.258316
520.000000,147.809006,-0.246698,-0.258442
521.000000,147.809006,-0.238511,-0.245456
522.000000,147.809006,-0.229807,-0.254151
523.000000,147.809006,-0.220606,-0.242004
524.000000,147.809006,-0.210931,-0.221730
525.000000,147.809006,-0.200803,-0.229698
526.000000,147.809006,-0.190243,-0.220703
527.000000,147.809006,-0.179269,-0.201574
528.000000,147.809006,-0.167909,-0.209394
529.000000,147.809006,-0.156188,-0.189822
530.000000,147.809006,-0.144131,-0.169117
531.000000,147.809006,-0.131764,-0.178365
532.000000,147.809006,-0.119110,-0.165227
533.000000,147.809006,-0.106200,-0.149244
534.000000,147.809006,-0.093063,-0.146911
535.000000,147.809006,-0.079725,-0.134917
536.000000,147.809006,-0.066214,-0.118645
537.000000,147.809006,-0.052560,-0.116028
538.000000,147.809006,-0.038793,-0.098603
539.000000,147.809006,-0.024943,-0.084753
540.000000,147.809006,-0.011039,-0.079283
541.000000,147.809006,0.002889,-0.069578
542.000000,147.809006,0.016810,-0.055993
543.000000,147.809006,0.030696,-0.047829
544.000000,147.809006,0.044515,-0.022976
545.000000,147.809006,0.058239,-0.019083
546.000000,147.809006,0.071836,-0.007370
547.000000,147.809006,0.085279,0.013617
548.000000,147.809006,0.098538,0.014087
549.000000,147.809006,0.111586,0.033947
550.000000,147.809006,0.124391,0.051647
551.000000,147.809006,0.136928,0.054265
552.000000,147.809006,0.149170,0.039958
553.000000,147.809006,0.161093,0.090251
554.000000,147.809006,0.172668,0.093442
555.000000,147.809006,0.183868,0.105005
556.000000,147.809006,0.194672,0.122135
557.000000,147.809006,0.205057,0.129901
558.000000,147.809006,0.215003,0.140464
559.000000,147.809006,0.224483,0.151882
560.000000,147.809006,0.233477,0.154350
561.000000,147.809006,0.241969,0.172776
562.000000,147.809006,0.249941,0.172776
563.000000,147.809006,0.257376,0.182517
564.000000,147.809006,0.264251,0.200363
565.000000,147.809006,0.270556,0.191384
566.000000,147.809006,0.276281,0.209534
567.000000,147.809006,0.281411,0.228235
568.000000,147.809006,0.285935,0.223129
569.000000,147.809006,0.289837,0.236982
570.000000,147.809006,0.293117,0.248248
571.000000,147.809006,0.295766,0.243430
572.000000,147.809006,0.297781,0.253280
573.000000,147.809006,0.299149,0.263688
574.000000,147.809006,0.299871,0.256156
575.000000,147.809006,0.299948,0.263432
576.000000,147.809006,0.299381,0.273840
577.000000,147.809006,0.298170,0.262160
578.000000,147.809006,0.296309,0.269579
579.000000,147.809006,0.293811,0.273846
580.000000,147.809006,0.290682,0.264589
581.000000,147.809006,0.286929,0.274436
582.000000,147.809006,0.282555,0.272435
583.000000,147.809006,0.277568,0.265016
584.000000,147.809006,0.271985,0.270139
585.000000,147.809006,0.265818,0.255725
586.000000,147.809006,0.259079,0.263439
587.000000,147.809006,0.251777,0.264698
588.000000,147.809006,0.243933,0.249294
589.000000,147.809006,0.235564,0.248135
590.000000,147.809006,0.226689,0.247247
591.000000,147.809006,0.217325,0.229703
592.000000,147.809006,0.207489,0.226972
593.000000,147.809006,0.197207,0.227513
594.000000,147.809006,0.186501,0.209829
595.000000,147.809006,0.175394,0.206380
596.000000,147.809006,0.163908,0.201924
597.000000,147.809006,0.152066,0.182805
598.000000,147.809006,0.139898,0.177498
599.000000,147.809006,0.127429,0.176043
600.000000,147.809006,0.114687,0.159642
601.000000,147.809006,0.101694,0.151329
602.000000,147.809006,0.088483,0.140451
603.000000,147.809006,0.075082,0.125180
604.000000,147.809006,0.061519,0.118295
605.000000,147.809006,0.047824,0.102586
606.000000,147.809006,0.034024,0.093862
607.000000,147.809006,0.020152,0.094121
608.000000,147.809006,0.006237,0.065706
609.000000,147.809006,-0.007693,0.053254
610.000000,147.809006,-0.021605,0.056939
611.000000,147.809006,-0.035471,0.031963
612.000000,147.809006,-0.049260,0.024796
613.000000,147.809006,-0.062944,0.026483
614.000000,147.809006,-0.076492,-0.003073
615.000000,147.809006,-0.089874,-0.011240
616.000000,147.809006,-0.103063,-0.017558
617.000000,147.809006,-0.116029,-0.044682
618.000000,147.809006,-0.128747,-0.053134
619.000000,147.809006,-0.141187,-0.058587
620.000000,147.809006,-0.153320,-0.077997
621.000000,147.809006,-0.165123,-0.085737
622.000000,147.809006,-0.176572,-0.109606
623.000000,147.809006,-0.187642,-0.111459
624.000000,147.809006,-0.198304,-0.115630
625.000000,147.809006,-0.208537,-0.134185
626.000000,147.809006,-0.218323,-0.140775
627.000000,147.809006,-0.227640,-0.144522
628.000000,147.809006,-0.236467,-0.165214
629.000000,147.809006,-0.244779,-0.170376
630.000000,147.809006,-0.252564,-0.172122
631.000000,147.809006,-0.259807,-0.192523
632.000000,147.809006,-0.266492,-0.202976
633.000000,147.809006,-0.272600,-0.205580
634.000000,147.809006,-0.278118,-0.219546
635.000000,147.809006,-0.283037,-0.219278
636.000000,147.809006,-0.287349,-0.222442
637.000000,147.809006,-0.291043,-0.235563
638.000000,147.809006,-0.294104,-0.239015
639.000000,147.809006,-0.296532,-0.254306
640.000000,147.809006,-0.298322,-0.257729
641.000000,147.809006,-0.299471,-0.249177
642.000000,147.809006,-0.299975,-0.264300
643.000000,147.809006,-0.299826,-0.263740
644.000000,147.809006,-0.299033,-0.257192
645.000000,147.809006,-0.297597,-0.271592
646.000000,147.809006,-0.295522,-0.269892
647.000000,147.809006,-0.292807,-0.261771
648.000000,147.809006,-0.289458,-0.277738
649.000000,147.809006,-0.285487,-0.271466
650.000000,147.809006,-0.280903,-0.261340
651.000000,147.809006,-0.275715,-0.271881
652.000000,147.809006,-0.269926,-0.264034
653.000000,147.809006,-0.263556,-0.263617
654.000000,147.809006,-0.256621,-0.263160
655.000000,147.809006,-0.249134,-0.253886
656.000000,147.809006,-0.241109,-0.256159
657.000000,147.809006,-0.232560,-0.248150
658.000000,147.809006,-0.223512,-0.234880
659.000000,147.809006,-0.213983,-0.236703
660.000000,147.809006,-0.203995,-0.227137
661.000000,147.809006,-0.193564,-0.211153
662.000000,147.809006,-0.182715,-0.214686
663.000000,147.809006,-0.171473,-0.211270
664.000000,147.809006,-0.159863,-0.182132
665.000000,147.809006,-0.147909,-0.189236
666.000000,147.809006,-0.135632,-0.176383
667.000000,147.809006,-0.123064,-0.159966
668.000000,147.809006,-0.110232,-0.159638
669.000000,147.809006,-0.097163,-0.145930
670.000000,147.809006,-0.083883,-0.137359
671.000000,147.809006,-0.070422,-0.131186
672.000000,147.809006,-0.056810,-0.109046
673.000000,147.809006,-0.043075,-0.108172
674.000000,147.809006,-0.029248,-0.093013
675.000000,147.809006,-0.015357,-0.072739
0.000000,154.367004,0.002821,-0.058879
1.000000,154.367004,0.017360,-0.060264
2.000000,154.367004,0.031858,-0.046554
3.000000,154.367004,0.046281,-0.028138
4.000000,154.367004,0.060596,-0.022661
5.000000,154.367004,0.074767,-0.002662
6.000000,154.367004,0.088763,0.011761
7.000000,154.367004,0.102551,0.015658
8.000000,154.367004,0.116097,0.030939
9.000000,154.367004,0.129370,0.045670
10.000000,154.367004,0.142339,0.056547
11.000000,154.367004,0.154974,0.082259
12.000000,154.367004,0.167244,0.072707
13.000000,154.367004,0.179121,0.094147
14.000000,154.367004,0.190577,0.118282
15.000000,154.367004,0.201585,0.115177
16.000000,154.367004,0.212119,0.131177
17.000000,154.367004,0.222153,0.149162
18.000000,154.367004,0.231665,0.150633
19.000000,154.367004,0.240632,0.164632
20.000000,154.367004,0.249033,0.178757
21.000000,154.367004,0.256849,0.182663
22.000000,154.367004,0.264060,0.193653
23.000000,154.367004,0.270651,0.200635
24.000000,154.367004,0.276606,0.204823
25.000000,154.367004,0.281910,0.220389
26.000000,154.367004,0.286551,0.226963
27.000000,154.367004,0.290519,0.230700
28.000000,154.367004,0.293804,0.243688
29.000000,154.367004,0.296398,0.240139
30.000000,154.367004,0.298295,0.245567
31.000000,154.367004,0.299491,0.259977
32.000000,154.367004,0.299982,0.257872
33.000000,154.367004,0.299769,0.265579
34.000000,154.367004,0.298851,0.274698
35.000000,154.367004,0.297230,0.262302
36.000000,154.367004,0.294910,0.269151
37.000000,154.367004,0.291896,0.278415
38.000000,154.367004,0.288195,0.264592
39.000000,154.367004,0.283816,0.269864
40.000000,154.367004,0.278769,0.276272
41.000000,154.367004,0.273068,0.263303
42.000000,154.367004,0.266724,0.265000
43.000000,154.367004,0.259753,0.258704
44.000000,154.367004,0.252172,0.253863
45.000000,154.367004,0.243998,0.257273
46.000000,154.367004,0.235250,0.242426
47.000000,154.367004,0.225949,0.241564
48.000000,154.367004,0.216117,0.242963
49.000000,154.367004,0.205777,0.223271
50.000000,154.367004,0.194953,0.218537
51.000000,154.367004,0.183670,0.223798
52.000000,154.367004,0.171956,0.199819
53.000000,154.367004,0.159838,0.198945
54.000000,154.367004,0.147343,0.195628
55.000000,154.367004,0.134502,0.174797
56.000000,154.367004,0.121345,0.165487
57.000000,154.367004,0.107902,0.161889
58.000000,154.367004,0.094206,0.139480
59.000000,154.367004,0.080287,0.134457
60.000000,154.367004,0.066180,0.119441
61.000000,154.367004,0.051917,0.109452
62.000000,154.367004,0.037533,0.105569
63.000000,154.367004,0.023060,0.083001
64.000000,154.367004,0.008533,0.076560
65.000000,154.367004,-0.006014,0.057227
66.000000,154.367004,-0.020547,0.046829
67.000000,154.367004,-0.035031,0.043526
68.000000,154.367004,-0.049433,0.036777
69.000000,154.367004,-0.063719,0.011943
70.000000,154.367004,-0.077856,0.001775
71.000000,154.367004,-0.091809,-0.003831
72.000000,154.367004,-0.105546,-0.022943
73.000000,154.367004,-0.119035,-0.037117
74.000000,154.367004,-0.132244,-0.044867
75.000000,154.367004,-0.145143,-0.066414
76.000000,154.367004,-0.157700,-0.073438
77.000000,154.367004,-0.169887,-0.084465
78.000000,154.367004,-0.181674,-0.105879
79.000000,154.367004,-0.193033,-0.111190
80.000000,154.367004,-0.203938,-0.129904
81.000000,154.367004,-0.214364,-0.137624
82.000000,154.367004,-0.224285,-0.143512
83.000000,154.367004,-0.233679,-0.160778
84.000000,154.367004,-0.242524,-0.161076
85.000000,154.367004,-0.250798,-0.163826
86.000000,154.367004,-0.258483,-0.185946
87.000000,154.367004,-0.265560,-0.196542
88.000000,154.367004,-0.272013,-0.196571
89.000000,154.367004,-0.277826,-0.218403
90.000000,154.367004,-0.282986,-0.219993
91.000000,154.367004,-0.287481,-0.218734
92.000000,154.367004,-0.291299,-0.240424
93.000000,154.367004,-0.294433,-0.241441
94.000000,154.367004,-0.296875,-0.237889
95.000000,154.367004,-0.298619,-0.253004
96.000000,154.367004,-0.299661,-0.259747
97.000000,154.367004,-0.299998,-0.265754
98.000000,154.367004,-0.299630,-0.268879
99.000000,154.367004,-0.298557,-0.264757
100.000000,154.367004,-0.296781,-0.275171
101.000000,154.367004,-0.294306,-0.269028
102.000000,154.367004,-0.291140,-0.262908
103.000000,154.367004,-0.287289,-0.277881
104.000000,154.367004,-0.282763,-0.268173
105.000000,154.367004,-0.277572,-0.257481
106.000000,154.367004,-0.271729,-0.272020
107.000000,154.367004,-0.265247,-0.262600
108.000000,154.367004,-0.258141,-0.249903
109.000000,154.367004,-0.250428,-0.259151
110.000000,154.367004,-0.242127,-0.254876
111.000000,154.367004,-0.233256,-0.236606
112.000000,154.367004,-0.223837,-0.243426
113.000000,154.367004,-0.213891,-0.235006
114.000000,154.367004,-0.203443,-0.223022
115.000000,154.367004,-0.192517,-0.222694
116.000000,154.367004,-0.181137,-0.211846
117.000000,154.367004,-0.169332,-0.202274
118.000000,154.367004,-0.157129,-0.194242
119.000000,154.367004,-0.144556,-0.178537
120.000000,154.367004,-0.131643,-0.180376
121.000000,154.367004,-0.118419,-0.164505
122.000000,154.367004,-0.104918,-0.148806
123.000000,154.367004,-0.091170,-0.148913
124.000000,154.367004,-0.077207,-0.135914
125.000000,154.367004,-0.063064,-0.116213
126.000000,154.367004,-0.048771,-0.113168
127.000000,154.367004,-0.034365,-0.099173
128.000000,154.367004,-0.019877,-0.082185
129.000000,154.367004,-0.005343,-0.079853
130.000000,154.367004,0.009204,-0.061855
131.000000,154.367004,0.023729,-0.042292
132.000000,154.367004,0.038198,-0.040530
133.000000,154.367004,0.052578,-0.026110
134.000000,154.367004,0.066834,-0.007542
135.000000,154.367004,0.080933,-0.000498
136.000000,154.367004,0.094841,0.020071
137.000000,154.367004,0.108527,0.021078
138.000000,154.367004,0.121958,0.038387
139.000000,154.367004,0.135102,0.057664
140.000000,154.367004,0.147928,0.057412
141.000000,154.367004,0.160406,0.076275
142.000000,154.367004,0.172507,0.099121
143.000000,154.367004,0.184201,0.099591
144.000000,154.367004,0.195463,0.113017
145.000000,154.367004,0.206265,0.135147
146.000000,154.367004,0.216582,0.133761
147.000000,154.367004,0.226390,0.143612
148.000000,154.367004,0.235666,0.163887
149.000000,154.367004,0.244387,0.165503
150.000000,154.367004,0.252534,0.179499
151.000000,154.367004,0.260087,0.191914
152.000000,154.367004,0.267029,0.192812
153.000000,154.367004,0.273343,0.209379
154.000000,154.367004,0.279014,0.211529
155.000000,154.367004,0.284030,0.222692
156.000000,154.367004,0.288377,0.232247
157.000000,154.367004,0.292047,0.228563
158.000000,154.367004,0.295030,0.238132
159.000000,154.367004,0.297319,0.254685
160.000000,154.367004,0.298910,0.250437
161.000000,154.367004,0.299797,0.259572
162.000000,154.367004,0.299978,0.268837
163.000000,154.367004,0.299454,0.261302
164.000000,154.367004,0.298225,0.271437
165.000000,154.367004,0.296295,0.275699
166.000000,154.367004,0.293669,0.267879
167.000000,154.367004,0.290352,0.271722
168.000000,154.367004,0.286353,0.272700
169.000000,154.367004,0.281680,0.269307
170.000000,154.367004,0.276345,0.272577
171.000000,154.367004,0.270361,0.265288
172.000000,154.367004,0.263741,0.258724
173.000000,154.367004,0.256501,0.265278
174.000000,154.367004,0.248657,0.250580
175.000000,154.367004,0.240229,0.251998
176.000000,154.367004,0.231237,0.251253
177.000000,154.367004,0.221700,0.232134
178.000000,154.367004,0.211643,0.231548
179.000000,154.367004,0.201087,0.233947
180.000000,154.367004,0.190059,0.211973
181.000000,154.367004,0.178584,0.210098
182.000000,154.367004,0.166689,0.207639
183.000000,154.367004,0.154401,0.189667
184.000000,154.367004,0.141750,0.185791
185.000000,154.367004,0.128766,0.173903
186.000000,154.367004,0.115479,0.160500
187.000000,154.367004,0.101921,0.154473
188.000000,154.367004,0.088123,0.141465
189.000000,154.367004,0.074118,0.126323
190.000000,154.367004,0.059939,0.124584
191.000000,154.367004,0.045618,0.104591
192.000000,154.367004,0.031191,0.094290
193.000000,154.367004,0.016690,0.092401
194.000000,154.367004,0.002151,0.068562
195.000000,154.367004,-0.012395,0.059828
196.000000,154.367004,-0.026910,0.053791
197.000000,154.367004,-0.041363,0.030959
198.000000,154.367004,-0.055718,0.023792
199.000000,154.367004,-0.069943,0.006175
200.000000,154.367004,-0.084003,-0.010362
201.000000,154.367004,-0.097866,-0.016671
202.000000,154.367004,-0.111499,-0.018698
203.000000,154.367004,-0.124869,-0.044393
204.000000,154.367004,-0.137945,-0.054993
205.000000,154.367004,-0.150697,-0.064588
206.000000,154.367004,-0.163094,-0.082715
207.000000,154.367004,-0.175108,-0.089458
208.000000,154.367004,-0.186710,-0.116604
209.000000,154.367004,-0.197873,-0.120468
210.000000,154.367004,-0.208571,-0.119208
211.000000,154.367004,-0.218779,-0.144764
212.000000,154.367004,-0.228472,-0.157358
213.000000,154.367004,-0.237628,-0.150814
214.000000,154.367004,-0.246225,-0.168070
215.000000,154.367004,-0.254244,-0.178096
216.000000,154.367004,-0.261664,-0.181270
217.000000,154.367004,-0.268470,-0.200389
218.000000,154.367004,-0.274644,-0.207125
219.000000,154.367004,-0.280173,-0.209583
220.000000,154.367004,-0.285043,-0.229271
221.000000,154.367004,-0.289243,-0.229145
222.000000,154.367004,-0.292763,-0.232027
223.000000,154.367004,-0.295594,-0.247574
224.000000,154.367004,-0.297730,-0.243734
225.000000,154.367004,-0.299164,-0.259740
226.000000,154.367004,-0.299895,-0.264591
227.000000,154.367004,-0.299921,-0.258325
228.000000,154.367004,-0.299242,-0.272735
229.000000,154.367004,-0.297860,-0.266741
230.000000,154.367004,-0.295777,-0.261052
231.000000,154.367004,-0.292999,-0.273451
232.000000,154.367004,-0.289532,-0.266171
233.000000,154.367004,-0.285384,-0.263630
234.000000,154.367004,-0.280566,-0.275167
235.000000,154.367004,-0.275087,-0.266463
236.000000,154.367004,-0.268962,-0.256195
237.000000,154.367004,-0.262205,-0.268733
238.000000,154.367004,-0.254831,-0.264174
239.000000,154.367004,-0.246858,-0.251755
240.000000,154.367004,-0.238305,-0.248144
241.000000,154.367004,-0.229191,-0.237156
242.000000,154.367004,-0.219539,-0.240298
243.000000,154.367004,-0.209370,-0.234708
244.000000,154.367004,-0.198709,-0.219291
245.000000,154.367004,-0.187579,-0.220262
246.000000,154.367004,-0.176009,-0.206833
247.000000,154.367004,-0.164024,-0.191277
248.000000,154.367004,-0.151655,-0.194239
249.000000,154.367004,-0.138928,-0.180671
250.000000,154.367004,-0.125875,-0.161970
251.000000,154.367004,-0.112526,-0.167643
252.000000,154.367004,-0.098913,-0.147643
253.000000,154.367004,-0.085067,-0.130656
254.000000,154.367004,-0.071021,-0.133900
255.000000,154.367004,-0.056808,-0.115902
256.000000,154.367004,-0.042462,-0.099053
257.000000,154.367004,-0.028016,-0.096439
258.000000,154.367004,-0.013504,-0.082732
259.000000,154.367004,0.001040,-0.070443
260.000000,154.367004,0.015582,-0.058266
261.000000,154.367004,0.030087,-0.040417
262.000000,154.367004,0.044521,-0.033244
263.000000,154.367004,0.058851,-0.020666
264.000000,154.367004,0.073042,0.001755
265.000000,154.367004,0.087062,0.003365
266.000000,154.367004,0.100877,0.021082
267.000000,154.367004,0.114454,0.038493
268.000000,154.367004,0.127762,0.039109
269.000000,154.367004,0.140770,0.054394
270.000000,154.367004,0.153446,0.077525
271.000000,154.367004,0.165762,0.076855
272.000000,154.367004,0.177688,0.096284
273.000000,154.367004,0.189196,0.110698
274.000000,154.367004,0.200260,0.113172
275.000000,154.367004,0.210852,0.133460
276.000000,154.367004,0.220949,0.145733
277.000000,154.367004,0.230527,0.143771
278.000000,154.367004,0.239562,0.162624
279.000000,154.367004,0.248034,0.172485
280.000000,154.367004,0.255924,0.179943
281.000000,154.367004,0.263211,0.195217
282.000000,154.367004,0.269880,0.195529
283.000000,154.367004,0.275914,0.206817
284.000000,154.367004,0.281300,0.225806
285.000000,154.367004,0.286024,0.220412
286.000000,154.367004,0.290075,0.232552
287.000000,154.367004,0.293443,0.247247
288.000000,154.367004,0.296120,0.228417
289.000000,154.367004,0.298102,0.250994
290.000000,154.367004,0.299383,0.265835
291.000000,154.367004,0.299960,0.256299
292.000000,154.367004,0.299832,0.266149
293.000000,154.367004,0.298998,0.274555
294.000000,154.367004,0.297462,0.264446
295.000000,154.367004,0.295227,0.272580
296.000000,154.367004,0.292297,0.278419
297.000000,154.367004,0.288680,0.267163
298.000000,154.367004,0.284385,0.271577
299.000000,154.367004,0.279421,0.266998
300.000000,154.367004,0.273799,0.263873
301.000000,154.367004,0.267535,0.270284
302.000000,154.367004,0.260641,0.254148
303.000000,154.367004,0.253134,0.258863
304.000000,154.367004,0.245032,0.260692
305.000000,154.367004,0.236354,0.245292
306.000000,154.367004,0.227121,0.242701
307.000000,154.367004,0.217352,0.253396
308.000000,154.367004,0.207072,0.223841
309.000000,154.367004,0.196305,0.220250
310.000000,154.367004,0.185076,0.219935
311.000000,154.367004,0.173413,0.200678
312.000000,154.367004,0.161342,0.192510
313.000000,154.367004,0.148891,0.191056
314.000000,154.367004,0.136091,0.169506
315.000000,154.367004,0.122970,0.170059
316.000000,154.367004,0.109561,0.152903
317.000000,154.367004,0.095893,0.144195
318.000000,154.367004,0.082001,0.144457
319.000000,154.367004,0.067916,0.117606
320.000000,154.367004,0.053671,0.109018
321.000000,154.367004,0.039299,0.106698
322.000000,154.367004,0.024836,0.090012
323.000000,154.367004,0.010313,0.081418
324.000000,154.367004,-0.004233,0.077813
325.000000,154.367004,-0.018770,0.049546
326.000000,154.367004,-0.033262,0.042095
327.000000,154.367004,-0.047677,0.036346
328.000000,154.367004,-0.061979,0.011940
329.000000,154.367004,-0.076135,0.003488
330.000000,154.367004,-0.090112,-0.004686
331.000000,154.367004,-0.103877,-0.026952
332.000000,154.367004,-0.117398,-0.032690
333.000000,154.367004,-0.130643,-0.055135
334.000000,154.367004,-0.143581,-0.064273
335.000000,154.367004,-0.156181,-0.075307
336.000000,154.367004,-0.168414,-0.092006
337.000000,154.367004,-0.180250,-0.098593
338.000000,154.367004,-0.191664,-0.099053
339.000000,154.367004,-0.202626,-0.125749
340.000000,154.367004,-0.213112,-0.139347
341.000000,154.367004,-0.223097,-0.136805
342.000000,154.367004,-0.232558,-0.161924
343.000000,154.367004,-0.241472,-0.161513
344.000000,154.367004,-0.249818,-0.165688
345.000000,154.367004,-0.257577,-0.186519
346.000000,154.367004,-0.264730,-0.191969
347.000000,154.367004,-0.271261,-0.197138
348.000000,154.367004,-0.277154,-0.213970
349.000000,154.367004,-0.282394,-0.223714
350.000000,154.367004,-0.286970,-0.227866
351.000000,154.367004,-0.290871,-0.237137
352.000000,154.367004,-0.294088,-0.235159
353.000000,154.367004,-0.296614,-0.253008
354.000000,154.367004,-0.298442,-0.253299
355.000000,154.367004,-0.299569,-0.249038
356.000000,154.367004,-0.299991,-0.262583
357.000000,154.367004,-0.299708,-0.261596
358.000000,154.367004,-0.298721,-0.260340
359.000000,154.367004,-0.297031,-0.290747
360.000000,154.367004,-0.294643,-0.270177
361.000000,154.367004,-0.291562,-0.256765
362.000000,154.367004,-0.287796,-0.273593
363.000000,154.367004,-0.283353,-0.271894
364.000000,154.367004,-0.278244,-0.261486
365.000000,154.367004,-0.272481,-0.268448
366.000000,154.367004,-0.266077,-0.264889
367.000000,154.367004,-0.259047,-0.256337
368.000000,154.367004,-0.251409,-0.262872
369.000000,154.367004,-0.243178,-0.251023
370.000000,154.367004,-0.234375,-0.250602
371.000000,154.367004,-0.225021,-0.243856
372.000000,154.367004,-0.215138,-0.234012
373.000000,154.367004,-0.204749,-0.234711
374.000000,154.367004,-0.193879,-0.223555
375.000000,154.367004,-0.182553,-0.204712
376.000000,154.367004,-0.170798,-0.206392
377.000000,154.367004,-0.158641,-0.195392
378.000000,154.367004,-0.146112,-0.176121
379.000000,154.367004,-0.133238,-0.178080
380.000000,154.367004,-0.120052,-0.165085
381.000000,154.367004,-0.106584,-0.150387
382.000000,154.367004,-0.092864,-0.150629
383.000000,154.367004,-0.078927,-0.134059
384.000000,154.367004,-0.064804,-0.115358
385.000000,154.367004,-0.050528,-0.122605
386.000000,154.367004,-0.036134,-0.103748
387.000000,154.367004,-0.021654,-0.084044
388.000000,154.367004,-0.007124,-0.077709
389.000000,154.367004,0.007423,-0.063428
390.000000,154.367004,0.021953,-0.049860
391.000000,154.367004,0.036431,-0.044539
392.000000,154.367004,0.050824,-0.020825
393.000000,154.367004,0.065097,-0.017380
394.000000,154.367004,0.079216,-0.002649
395.000000,154.367004,0.093150,0.019200
396.000000,154.367004,0.106864,0.019521
397.000000,154.367004,0.120327,0.035664
398.000000,154.367004,0.133507,0.058797
399.000000,154.367004,0.146374,0.060557
400.000000,154.367004,0.158896,0.073124
401.000000,154.367004,0.171044,0.095970
402.000000,154.367004,0.182791,0.092013
403.000000,154.367004,0.194107,0.112440
404.000000,154.367004,0.204968,0.130001
405.000000,154.367004,0.215346,0.130902
406.000000,154.367004,0.225219,0.149758
407.000000,154.367004,0.234561,0.155898
408.000000,154.367004,0.243353,0.160924
409.000000,154.367004,0.251572,0.179204
410.000000,154.367004,0.259200,0.181086
411.000000,154.367004,0.266217,0.194379
412.000000,154.367004,0.272607,0.207788
413.000000,154.367004,0.278357,0.205399
414.000000,154.367004,0.283453,0.217251
415.000000,154.367004,0.287881,0.234951
416.000000,154.367004,0.291633,0.228417
417.000000,154.367004,0.294700,0.243559
418.000000,154.367004,0.297073,0.255394
419.000000,154.367004,0.298749,0.259585
420.000000,154.367004,0.299721,0.256994
421.000000,154.367004,0.299989,0.268694
422.000000,154.367004,0.299552,0.259443
423.000000,154.367004,0.298411,0.269433
424.000000,154.367004,0.296568,0.269996
425.000000,154.367004,0.294027,0.265732
426.000000,154.367004,0.290796,0.276149
427.000000,154.367004,0.286880,0.262296
428.000000,154.367004,0.282291,0.265871
429.000000,154.367004,0.277037,0.271991
430.000000,154.367004,0.271132,0.260016
431.000000,154.367004,0.264590,0.263863
432.000000,154.367004,0.257423,0.269983
433.000000,154.367004,0.249652,0.251007
434.000000,154.367004,0.241294,0.250848
435.000000,154.367004,0.232368,0.251534
436.000000,154.367004,0.222896,0.238854
437.000000,154.367004,0.212900,0.233404
438.000000,154.367004,0.202404,0.229232
439.000000,154.367004,0.191432,0.212258
440.000000,154.367004,0.180009,0.206665
441.000000,154.367004,0.168164,0.196364
442.000000,154.367004,0.155923,0.187378
443.000000,154.367004,0.143316,0.190930
444.000000,154.367004,0.130371,0.169787
445.000000,154.367004,0.117120,0.162780
446.000000,154.367004,0.103594,0.158605
447.000000,154.367004,0.089824,0.137052
448.000000,154.367004,0.075843,0.131035
449.000000,154.367004,0.061683,0.127715
450.000000,154.367004,0.047379,0.106310
451.000000,154.367004,0.032963,0.099290
452.000000,154.367004,0.018469,0.091109
453.000000,154.367004,0.003932,0.066849
454.000000,154.367004,-0.010615,0.059970
455.000000,154.367004,-0.025136,0.059510
456.000000,154.367004,-0.039598,0.026956
457.000000,154.367004,-0.053967,0.021933
458.000000,154.367004,-0.068209,-0.047733
459.000000,154.367004,-0.082291,-0.007218
460.000000,154.367004,-0.096179,-0.006946
461.000000,154.367004,-0.109841,-0.010117
462.000000,154.367004,-0.123245,-0.035384
463.000000,154.367004,-0.136359,-0.046129
464.000000,154.367004,-0.149153,-0.061868
465.000000,154.367004,-0.161595,-0.081430
466.000000,154.367004,-0.173658,-0.090174
467.000000,154.367004,-0.185313,-0.107168
468.000000,154.367004,-0.196532,-0.114891
469.000000,154.367004,-0.207289,-0.129075
470.000000,154.367004,-0.217559,-0.143906
471.000000,154.367004,-0.227317,-0.145636
472.000000,154.367004,-0.236541,-0.156964
473.000000,154.367004,-0.245208,-0.171218
474.000000,154.367004,-0.253297,-0.176238
475.000000,154.367004,-0.260791,-0.176410
476.000000,154.367004,-0.267672,-0.198815
477.000000,154.367004,-0.273923,-0.206124
478.000000,154.367004,-0.279531,-0.206581
479.000000,154.367004,-0.284481,-0.226412
480.000000,154.367004,-0.288762,-0.233290
481.000000,154.367004,-0.292365,-0.233452
482.000000,154.367004,-0.295280,-0.249575
483.000000,154.367004,-0.297501,-0.246593
484.000000,154.367004,-0.299022,-0.259737
485.000000,154.367004,-0.299841,-0.258587
486.000000,154.367004,-0.299954,-0.253750
487.000000,154.367004,-0.299363,-0.270018
488.000000,154.367004,-0.298067,-0.271463
489.000000,154.367004,-0.296071,-0.268199
490.000000,154.367004,-0.293379,-0.271735
491.000000,154.367004,-0.289997,-0.269892
492.000000,154.367004,-0.285933,-0.261344
493.000000,154.367004,-0.281196,-0.272308
494.000000,154.367004,-0.275797,-0.265605
495.000000,154.367004,-0.269750,-0.256195
496.000000,154.367004,-0.263068,-0.269306
497.000000,154.367004,-0.255768,-0.260887
498.000000,154.367004,-0.247866,-0.251749
499.000000,154.367004,-0.239382,-0.257726
500.000000,154.367004,-0.230335,-0.251742
501.000000,154.367004,-0.220746,-0.242289
502.000000,154.367004,-0.210639,-0.230994
503.000000,154.367004,-0.200036,-0.216723
504.000000,154.367004,-0.188963,-0.223403
505.000000,154.367004,-0.177446,-0.209407
506.000000,154.367004,-0.165511,-0.190564
507.000000,154.367004,-0.153188,-0.194382
508.000000,154.367004,-0.140504,-0.182530
509.000000,154.367004,-0.127490,-0.161970
510.000000,154.367004,-0.114176,-0.170502
511.000000,154.367004,-0.100594,-0.156507
512.000000,154.367004,-0.086775,-0.127081
513.000000,154.367004,-0.072752,-0.132329
514.000000,154.367004,-0.058557,-0.115617
515.000000,154.367004,-0.044225,-0.103052
516.000000,154.367004,-0.029789,-0.099444
517.000000,154.367004,-0.015283,-0.083020
518.000000,154.367004,-0.000741,-0.078726
519.000000,154.367004,0.013803,-0.063700
520.000000,154.367004,0.028314,-0.040420
521.000000,154.367004,0.042759,-0.041819
522.000000,154.367004,0.057103,-0.021525
523.000000,154.367004,0.071312,-0.000107
524.000000,154.367004,0.085355,-0.001068
525.000000,154.367004,0.099196,0.016648
526.000000,154.367004,0.112804,0.039494
527.000000,154.367004,0.126147,0.040395
528.000000,154.367004,0.139194,0.052820
529.000000,154.367004,0.151913,0.077240
530.000000,154.367004,0.164275,0.077286
531.000000,154.367004,0.176251,0.092424
532.000000,154.367004,0.187813,0.112557
533.000000,154.367004,0.198933,0.113172
534.000000,154.367004,0.209585,0.123308
535.000000,154.367004,0.219744,0.139583
536.000000,154.367004,0.229386,0.152780
537.000000,154.367004,0.238488,0.162339
538.000000,154.367004,0.247030,0.171766
539.000000,154.367004,0.254990,0.178800
540.000000,154.367004,0.262351,0.191788
541.000000,154.367004,0.269096,0.192948
542.000000,154.367004,0.275207,0.208106
543.000000,154.367004,0.280672,0.221234
544.000000,154.367004,0.285477,0.218695
545.000000,154.367004,0.289610,0.232410
546.000000,154.367004,0.293063,0.243960
547.000000,154.367004,0.295827,0.237856
548.000000,154.367004,0.297895,0.246418
549.000000,154.367004,0.299263,0.265550
550.000000,154.367004,0.299927,0.256868
551.000000,154.367004,0.299886,0.262428
552.000000,154.367004,0.299140,0.271981
553.000000,154.367004,0.297691,0.265019
554.000000,154.367004,0.295542,0.271580
555.000000,154.367004,0.292698,0.272700
556.000000,154.367004,0.289164,0.268737
557.000000,154.367004,0.284950,0.267859
558.000000,154.367004,0.280066,0.266855
559.000000,154.367004,0.274524,0.264015
560.000000,154.367004,0.268336,0.263277
561.000000,154.367004,0.261517,0.261298
562.000000,154.367004,0.254084,0.262153
563.000000,154.367004,0.246053,0.261266
564.000000,154.367004,0.237444,0.244715
565.000000,154.367004,0.228277,0.242558
566.000000,154.367004,0.218572,0.245531
567.000000,154.367004,0.208354,0.225558
568.000000,154.367004,0.197646,0.220107
569.000000,154.367004,0.186474,0.222795
570.000000,154.367004,0.174863,0.202679
571.000000,154.367004,0.162841,0.198518
572.000000,154.367004,0.150435,0.195201
573.000000,154.367004,0.137677,0.178084
574.000000,154.367004,0.124594,0.171206
575.000000,154.367004,0.111218,0.159467
576.000000,154.367004,0.097581,0.142055
577.000000,154.367004,0.083714,0.146037
578.000000,154.367004,0.069650,0.122168
579.000000,154.367004,0.055422,0.112881
580.000000,154.367004,0.041064,0.107421
581.000000,154.367004,0.026610,0.087153
582.000000,154.367004,0.012093,0.077418
583.000000,154.367004,-0.002452,0.077243
584.000000,154.367004,-0.016992,0.052121
585.000000,154.367004,-0.031491,0.042383
586.000000,154.367004,-0.045916,0.035492
587.000000,154.367004,-0.060234,0.011513
588.000000,154.367004,-0.074410,0.004492
589.000000,154.367004,-0.088411,0.001172
590.000000,154.367004,-0.102204,-0.026094
591.000000,154.367004,-0.115757,-0.039122
592.000000,154.367004,-0.129037,-0.044009
593.000000,154.367004,-0.142015,-0.064413
594.000000,154.367004,-0.154659,-0.071294
595.000000,154.367004,-0.166939,-0.085737
596.000000,154.367004,-0.178826,-0.101591
597.000000,154.367004,-0.190293,-0.107618
598.000000,154.367004,-0.201312,-0.125895
599.000000,154.367004,-0.211857,-0.133337
600.000000,154.367004,-0.221904,-0.133797
601.000000,154.367004,-0.231429,-0.153346
602.000000,154.367004,-0.240410,-0.163226
603.000000,154.367004,-0.248826,-0.165973
604.000000,154.367004,-0.256657,-0.185946
605.000000,154.367004,-0.263884,-0.174376
606.000000,154.367004,-0.270491,-0.193854
607.000000,154.367004,-0.276462,-0.218549
608.000000,154.367004,-0.281783,-0.220424
609.000000,154.367004,-0.286442,-0.223303
610.000000,154.367004,-0.290427,-0.243999
611.000000,154.367004,-0.293730,-0.239158
612.000000,154.367004,-0.296341,-0.250728
613.000000,154.367004,-0.298256,-0.255728
614.000000,154.367004,-0.299470,-0.250463
615.000000,154.367004,-0.299980,-0.266301
616.000000,154.367004,-0.299785,-0.267315
617.000000,154.367004,-0.298885,-0.260767
618.000000,154.367004,-0.297281,-0.271450
619.000000,154.367004,-0.294977,-0.266602
620.000000,154.367004,-0.291979,-0.261486
621.000000,154.367004,-0.288295,-0.274167
622.000000,154.367004,-0.283934,-0.277470
623.000000,154.367004,-0.278904,-0.267632
624.000000,154.367004,-0.273220,-0.270734
625.000000,154.367004,-0.266892,-0.261314
626.000000,154.367004,-0.259938,-0.253044
627.000000,154.367004,-0.252372,-0.254005
628.000000,154.367004,-0.244213,-0.250738
629.000000,154.367004,-0.235480,-0.250887
630.000000,154.367004,-0.226193,-0.247431
631.000000,154.367004,-0.216374,-0.231156
632.000000,154.367004,-0.206047,-0.232992
633.000000,154.367004,-0.195235,-0.222843
634.000000,154.367004,-0.183964,-0.208430
635.000000,154.367004,-0.172260,-0.212681
636.000000,154.367004,-0.160152,-0.195965
637.000000,154.367004,-0.147667,-0.184130
638.000000,154.367004,-0.134834,-0.180224
639.000000,154.367004,-0.121684,-0.166944
640.000000,154.367004,-0.108248,-0.155963
641.000000,154.367004,-0.094557,-0.150344
642.000000,154.367004,-0.080644,-0.133774
643.000000,154.367004,-0.066542,-0.113214
644.000000,154.367004,-0.052283,-0.118460
645.000000,154.367004,-0.037901,-0.103748
646.000000,154.367004,-0.023430,-0.085614
0.000000,161.216995,0.010895,-0.057302
1.000000,161.216995,0.026058,-0.054546
2.000000,161.216995,0.041155,-0.040119
3.000000,161.216995,0.056146,-0.015842
4.000000,161.216995,0.070993,-0.017370
5.000000,161.216995,0.085658,0.001201
6.000000,161.216995,0.100104,0.023050
7.000000,161.216995,0.114293,0.022234
8.000000,161.216995,0.128190,0.037519
9.000000,161.216995,0.141757,0.056233
10.000000,161.216995,0.154959,0.066130
11.000000,161.216995,0.167764,0.087126
12.000000,161.216995,0.180140,0.089714
13.000000,161.216995,0.192053,0.104157
14.000000,161.216995,0.203475,0.127437
15.000000,161.216995,0.214376,0.126045
16.000000,161.216995,0.224727,0.141614
17.000000,161.216995,0.234499,0.158314
18.000000,161.216995,0.243669,0.159499
19.000000,161.216995,0.252215,0.176643
20.000000,161.216995,0.260114,0.190340
21.000000,161.216995,0.267348,0.190956
22.000000,161.216995,0.273896,0.203521
23.000000,161.216995,0.279742,0.215505
24.000000,161.216995,0.284872,0.219693
25.000000,161.216995,0.289266,0.230113
26.000000,161.216995,0.292919,0.235677
27.000000,161.216995,0.295822,0.233278
28.000000,161.216995,0.297967,0.250842
29.000000,161.216995,0.299348,0.246849
30.000000,161.216995,0.299962,0.256150
31.000000,161.216995,0.299808,0.266988
32.000000,161.216995,0.298884,0.259731
33.000000,161.216995,0.297190,0.264436
34.000000,161.216995,0.294735,0.275559
35.000000,161.216995,0.291524,0.269595
36.000000,161.216995,0.287567,0.270294
37.000000,161.216995,0.282872,0.277700
38.000000,161.216995,0.277453,0.263591
39.000000,161.216995,0.271323,0.266434
40.000000,161.216995,0.264496,0.269980
41.000000,161.216995,0.256988,0.258015
42.000000,161.216995,0.248821,0.254708
43.000000,161.216995,0.240017,0.248251
44.000000,161.216995,0.230598,0.241856
45.000000,161.216995,0.220589,0.241266
46.000000,161.216995,0.210014,0.229540
47.000000,161.216995,0.198900,0.222549
48.000000,161.216995,0.187275,0.221810
49.000000,161.216995,0.175169,0.205396
50.000000,161.216995,0.162614,0.198381
51.000000,161.216995,0.149642,0.196636
52.000000,161.216995,0.136287,0.171798
53.000000,161.216995,0.122583,0.168065
54.000000,161.216995,0.108565,0.165460
55.000000,161.216995,0.094268,0.142055
56.000000,161.216995,0.079728,0.137608
57.000000,161.216995,0.064984,0.137148
58.000000,161.216995,0.050074,0.104594
59.000000,161.216995,0.035035,0.100718
60.000000,161.216995,0.019906,0.099260
61.000000,161.216995,0.004727,0.075566
62.000000,161.216995,-0.010465,0.066113
63.000000,161.216995,-0.025630,0.050948
64.000000,161.216995,-0.040730,0.034100
65.000000,161.216995,-0.055724,0.027215
66.000000,161.216995,-0.070576,0.070543
67.000000,161.216995,-0.085246,-0.007370
68.000000,161.216995,-0.099699,-0.022552
69.000000,161.216995,-0.113895,-0.045961
70.000000,161.216995,-0.127801,-0.052697
71.000000,161.216995,-0.141378,-0.060307
72.000000,161.216995,-0.154592,-0.076135
73.000000,161.216995,-0.167408,-0.084442
74.000000,161.216995,-0.179796,-0.088619
75.000000,161.216995,-0.191723,-0.111883
76.000000,161.216995,-0.203158,-0.121336
77.000000,161.216995,-0.214074,-0.124791
78.000000,161.216995,-0.224440,-0.149201
79.000000,161.216995,-0.234232,-0.152080
80.000000,161.216995,-0.243419,-0.170810
81.000000,161.216995,-0.251983,-0.178229
82.000000,161.216995,-0.259900,-0.189835
83.000000,161.216995,-0.267152,-0.200246
84.000000,161.216995,-0.273719,-0.204828
85.000000,161.216995,-0.279585,-0.205000
86.000000,161.216995,-0.284735,-0.222548
87.000000,161.216995,-0.289154,-0.229569
88.000000,161.216995,-0.292828,-0.226454
89.000000,161.216995,-0.295751,-0.244284
90.000000,161.216995,-0.297917,-0.246444
91.000000,161.216995,-0.299319,-0.244900
92.000000,161.216995,-0.299954,-0.260012
93.000000,161.216995,-0.299821,-0.263030
94.000000,161.216995,-0.298920,-0.261907
95.000000,161.216995,-0.297251,-0.275598
96.000000,161.216995,-0.294816,-0.269756
97.000000,161.216995,-0.291626,-0.276327
98.000000,161.216995,-0.287689,-0.272026
99.000000,161.216995,-0.283015,-0.261185
100.000000,161.216995,-0.277615,-0.269876
101.000000,161.216995,-0.271504,-0.271317
102.000000,161.216995,-0.264698,-0.252759
103.000000,161.216995,-0.257211,-0.263157
104.000000,161.216995,-0.249062,-0.256308
105.000000,161.216995,-0.240275,-0.244900
106.000000,161.216995,-0.230873,-0.245284
107.000000,161.216995,-0.220879,-0.236865
108.000000,161.216995,-0.210319,-0.232173
109.000000,161.216995,-0.199221,-0.229556
110.000000,161.216995,-0.187611,-0.213417
111.000000,161.216995,-0.175519,-0.204570
112.000000,161.216995,-0.162976,-0.202247
113.000000,161.216995,-0.150015,-0.188971
114.000000,161.216995,-0.136670,-0.183103
115.000000,161.216995,-0.122975,-0.173368
116.000000,161.216995,-0.108965,-0.153806
117.000000,161.216995,-0.094675,-0.152488
118.000000,161.216995,-0.080143,-0.139201
119.000000,161.216995,-0.065404,-0.115067
120.000000,161.216995,-0.050497,-0.119888
121.000000,161.216995,-0.035462,-0.101028
122.000000,161.216995,-0.020335,-0.080326
123.000000,161.216995,-0.005156,-0.082566
124.000000,161.216995,0.010036,-0.065426
125.000000,161.216995,0.025202,-0.042866
126.000000,161.216995,0.040304,-0.045248
127.000000,161.216995,0.055302,-0.025822
128.000000,161.216995,0.070158,-0.000972
129.000000,161.216995,0.084834,-0.000929
130.000000,161.216995,0.099293,0.016642
131.000000,161.216995,0.113497,0.029349
132.000000,161.216995,0.127411,0.034815
133.000000,161.216995,0.140998,0.055958
134.000000,161.216995,0.154224,0.058260
135.000000,161.216995,0.167053,0.080281
136.000000,161.216995,0.179452,0.099843
137.000000,161.216995,0.191392,0.101596
138.000000,161.216995,0.202842,0.117881
139.000000,161.216995,0.213772,0.138010
140.000000,161.216995,0.224154,0.137767
141.000000,161.216995,0.233962,0.152336
142.000000,161.216995,0.243170,0.172322
143.000000,161.216995,0.251751,0.164791
144.000000,161.216995,0.259686,0.185933
145.000000,161.216995,0.266956,0.201347
146.000000,161.216995,0.273543,0.201247
147.000000,161.216995,0.279428,0.216101
148.000000,161.216995,0.284597,0.222662
149.000000,161.216995,0.289038,0.220124
150.000000,161.216995,0.292736,0.242121
151.000000,161.216995,0.295680,0.235126
152.000000,161.216995,0.297867,0.247568
153.000000,161.216995,0.299290,0.260553
154.000000,161.216995,0.299946,0.250726
155.000000,161.216995,0.299834,0.262435
156.000000,161.216995,0.298954,0.272842
157.000000,161.216995,0.297307,0.269453
158.000000,161.216995,0.294897,0.270152
159.000000,161.216995,0.291728,0.278415
160.000000,161.216995,0.287811,0.266736
161.000000,161.216995,0.283157,0.272438
162.000000,161.216995,0.277777,0.271839
163.000000,161.216995,0.271686,0.261017
164.000000,161.216995,0.264898,0.265003
165.000000,161.216995,0.257432,0.261981
166.000000,161.216995,0.249303,0.252435
167.000000,161.216995,0.240533,0.255275
168.000000,161.216995,0.231148,0.244129
169.000000,161.216995,0.221170,0.237419
170.000000,161.216995,0.210625,0.242111
171.000000,161.216995,0.199541,0.224699
172.000000,161.216995,0.187945,0.218540
173.000000,161.216995,0.175868,0.215793
174.000000,161.216995,0.163337,0.192384
175.000000,161.216995,0.150388,0.190655
176.000000,161.216995,0.137053,0.190910
177.000000,161.216995,0.123367,0.156209
178.000000,161.216995,0.109365,0.157767
179.000000,161.216995,0.095082,0.156882
180.000000,161.216995,0.080556,0.137194
181.000000,161.216995,0.065824,0.128454
182.000000,161.216995,0.050921,0.115280
183.000000,161.216995,0.035888,0.096586
184.000000,161.216995,0.020764,0.091848
185.000000,161.216995,0.005586,0.072259
186.000000,161.216995,-0.009606,0.062124
187.000000,161.216995,-0.024774,0.060812
188.000000,161.216995,-0.039878,0.029958
189.000000,161.216995,-0.054880,0.022370
190.000000,161.216995,-0.069741,0.023772
191.000000,161.216995,-0.084422,-0.005071
192.000000,161.216995,-0.098888,-0.027389
193.000000,161.216995,-0.113099,-0.020845
194.000000,161.216995,-0.127021,-0.044536
195.000000,161.216995,-0.140618,-0.053273
196.000000,161.216995,-0.153855,-0.057593
197.000000,161.216995,-0.166697,-0.083285
198.000000,161.216995,-0.179109,-0.093596
199.000000,161.216995,-0.191062,-0.097913
200.000000,161.216995,-0.202525,-0.124179
201.000000,161.216995,-0.213470,-0.127770
202.000000,161.216995,-0.223867,-0.137799
203.000000,161.216995,-0.233691,-0.163640
204.000000,161.216995,-0.242916,-0.161947
205.000000,161.216995,-0.251518,-0.175810
206.000000,161.216995,-0.259472,-0.185237
207.000000,161.216995,-0.266761,-0.183689
208.000000,161.216995,-0.273366,-0.210110
209.000000,161.216995,-0.279271,-0.210266
210.000000,161.216995,-0.284460,-0.203576
211.000000,161.216995,-0.288921,-0.229698
212.000000,161.216995,-0.292641,-0.235861
213.000000,161.216995,-0.295609,-0.233890
214.000000,161.216995,-0.297817,-0.252146
215.000000,161.216995,-0.299261,-0.255453
216.000000,161.216995,-0.299938,-0.253620
217.000000,161.216995,-0.299847,-0.266589
218.000000,161.216995,-0.298988,-0.270323
219.000000,161.216995,-0.297363,-0.265757
220.000000,161.216995,-0.294975,-0.267735
221.000000,161.216995,-0.291830,-0.264184
222.000000,161.216995,-0.287933,-0.274601
223.000000,161.216995,-0.283299,-0.271887
224.000000,161.216995,-0.277939,-0.261191
225.000000,161.216995,-0.271867,-0.270588
226.000000,161.216995,-0.265098,-0.263312
227.000000,161.216995,-0.257650,-0.253190
228.000000,161.216995,-0.249542,-0.261155
229.000000,161.216995,-0.240792,-0.252733
230.000000,161.216995,-0.231422,-0.235606
231.000000,161.216995,-0.221460,-0.248001
232.000000,161.216995,-0.210931,-0.231719
233.000000,161.216995,-0.199861,-0.219447
234.000000,161.216995,-0.188279,-0.216117
235.000000,161.216995,-0.176214,-0.206127
236.000000,161.216995,-0.163698,-0.203980
237.000000,161.216995,-0.150760,-0.195531
238.000000,161.216995,-0.137435,-0.176539
239.000000,161.216995,-0.123759,-0.177652
240.000000,161.216995,-0.109765,-0.160075
241.000000,161.216995,-0.095490,-0.141232
242.000000,161.216995,-0.080970,-0.142906
243.000000,161.216995,-0.066242,-0.126193
244.000000,161.216995,-0.051345,-0.101916
245.000000,161.216995,-0.036315,-0.105591
246.000000,161.216995,-0.021193,-0.090879
247.000000,161.216995,-0.006016,-0.071463
248.000000,161.216995,0.009177,-0.070989
249.000000,161.216995,0.024345,-0.060708
250.000000,161.216995,0.039452,-0.033426
251.000000,161.216995,0.054457,-0.030239
252.000000,161.216995,0.069323,-0.011243
253.000000,161.216995,0.084010,-0.002238
254.000000,161.216995,0.098482,0.012510
255.000000,161.216995,0.112701,0.033076
256.000000,161.216995,0.126632,0.036532
257.000000,161.216995,0.140238,0.056687
258.000000,161.216995,0.153485,0.077246
259.000000,161.216995,0.166338,0.077286
260.000000,161.216995,0.178765,0.092713
261.000000,161.216995,0.190731,0.112557
262.000000,161.216995,0.202209,0.110313
263.000000,161.216995,0.213168,0.129885
264.000000,161.216995,0.223581,0.149875
265.000000,161.216995,0.233421,0.150348
266.000000,161.216995,0.242663,0.164201
267.000000,161.216995,0.251283,0.179333
268.000000,161.216995,0.259258,0.177514
269.000000,161.216995,0.266565,0.194366
270.000000,161.216995,0.273190,0.198514
271.000000,161.216995,0.279114,0.210969
272.000000,161.216995,0.284323,0.225243
273.000000,161.216995,0.288803,0.223410
274.000000,161.216995,0.292544,0.231124
275.000000,161.216995,0.295535,0.247966
276.000000,161.216995,0.297767,0.242429
277.000000,161.216995,0.299232,0.256855
278.000000,161.216995,0.299930,0.266262
279.000000,161.216995,0.299861,0.259301
280.000000,161.216995,0.299022,0.269579
281.000000,161.216995,0.297418,0.273697
282.000000,161.216995,0.295051,0.265877
283.000000,161.216995,0.291929,0.272011
284.000000,161.216995,0.288055,0.273561
285.000000,161.216995,0.283441,0.269738
286.000000,161.216995,0.278101,0.273005
287.000000,161.216995,0.272048,0.264145
288.000000,161.216995,0.265299,0.259867
289.000000,161.216995,0.257869,0.267707
290.000000,161.216995,0.249779,0.248148
291.000000,161.216995,0.241048,0.250139
292.000000,161.216995,0.231697,0.251826
293.000000,161.216995,0.221751,0.234278
294.000000,161.216995,0.211236,0.234550
295.000000,161.216995,0.200181,0.233520
296.000000,161.216995,0.188613,0.211688
297.000000,161.216995,0.176561,0.208096
298.000000,161.216995,0.164057,0.204352
299.000000,161.216995,0.151132,0.188094
300.000000,161.216995,0.137818,0.183359
301.000000,161.216995,0.124150,0.171477
302.000000,161.216995,0.110165,0.155063
303.000000,161.216995,0.095897,0.149752
304.000000,161.216995,0.081383,0.134325
305.000000,161.216995,0.066661,0.109170
306.000000,161.216995,0.051768,0.122003
307.000000,161.216995,0.036742,0.102308
308.000000,161.216995,0.021621,0.093571
309.000000,161.216995,0.006445,0.093399
310.000000,161.216995,-0.008747,0.062985
311.000000,161.216995,-0.023917,0.052963
312.000000,161.216995,-0.039026,0.047641
313.000000,161.216995,-0.054034,0.022950
314.000000,161.216995,-0.068905,0.014498
315.000000,161.216995,-0.083598,0.000317
316.000000,161.216995,-0.098077,-0.016512
317.000000,161.216995,-0.112303,-0.025110
318.000000,161.216995,-0.126242,-0.036136
319.000000,161.216995,-0.139858,-0.056977
320.000000,161.216995,-0.153115,-0.064863
321.000000,161.216995,-0.165979,-0.085588
322.000000,161.216995,-0.178419,-0.095300
323.000000,161.216995,-0.190401,-0.102476
324.000000,161.216995,-0.201892,-0.124463
325.000000,161.216995,-0.212866,-0.131339
326.000000,161.216995,-0.223294,-0.132654
327.000000,161.216995,-0.233150,-0.156063
328.000000,161.216995,-0.242409,-0.165512
329.000000,161.216995,-0.251046,-0.163971
330.000000,161.216995,-0.259041,-0.187231
331.000000,161.216995,-0.266370,-0.197115
332.000000,161.216995,-0.273013,-0.193712
333.000000,161.216995,-0.278957,-0.216399
334.000000,161.216995,-0.284186,-0.220706
335.000000,161.216995,-0.288686,-0.220878
336.000000,161.216995,-0.292447,-0.239281
337.000000,161.216995,-0.295459,-0.241298
338.000000,161.216995,-0.297714,-0.245463
339.000000,161.216995,-0.299203,-0.256152
340.000000,161.216995,-0.299923,-0.256745
341.000000,161.216995,-0.299874,-0.267311
342.000000,161.216995,-0.299057,-0.263305
343.000000,161.216995,-0.297473,-0.258471
344.000000,161.216995,-0.295128,-0.276022
345.000000,161.216995,-0.292026,-0.276320
346.000000,161.216995,-0.288176,-0.259051
347.000000,161.216995,-0.283584,-0.272590
348.000000,161.216995,-0.278263,-0.268461
349.000000,161.216995,-0.272230,-0.255910
350.000000,161.216995,-0.265499,-0.265873
351.000000,161.216995,-0.258088,-0.261314
352.000000,161.216995,-0.250015,-0.250049
353.000000,161.216995,-0.241302,-0.258296
354.000000,161.216995,-0.231971,-0.250161
355.000000,161.216995,-0.222041,-0.238462
356.000000,161.216995,-0.211542,-0.237564
357.000000,161.216995,-0.200501,-0.223572
358.000000,161.216995,-0.188947,-0.221279
359.000000,161.216995,-0.176908,-0.212545
360.000000,161.216995,-0.164416,-0.198129
361.000000,161.216995,-0.151502,-0.194812
362.000000,161.216995,-0.138200,-0.175804
363.000000,161.216995,-0.124542,-0.167540
364.000000,161.216995,-0.110565,-0.164214
365.000000,161.216995,-0.096304,-0.156364
366.000000,161.216995,-0.081797,-0.131945
367.000000,161.216995,-0.067080,-0.129324
368.000000,161.216995,-0.052191,-0.114759
369.000000,161.216995,-0.037168,-0.097913
370.000000,161.216995,-0.022050,-0.096439
371.000000,161.216995,-0.006875,-0.079442
372.000000,161.216995,0.008318,-0.073315
373.000000,161.216995,0.023489,-0.051686
374.000000,161.216995,0.038599,-0.037124
375.000000,161.216995,0.053611,-0.028108
376.000000,161.216995,0.068486,-0.013228
377.000000,161.216995,0.083185,0.009051
378.000000,161.216995,0.097671,0.006224
379.000000,161.216995,0.111905,0.035097
380.000000,161.216995,0.125853,0.046644
381.000000,161.216995,0.139477,0.047114
382.000000,161.216995,0.152745,0.063257
383.000000,161.216995,0.165621,0.086676
384.000000,161.216995,0.178072,0.088723
385.000000,161.216995,0.190068,0.103720
386.000000,161.216995,0.201575,0.118991
387.000000,161.216995,0.212564,0.126184
388.000000,161.216995,0.223007,0.142897
389.000000,161.216995,0.232879,0.153887
390.000000,161.216995,0.242155,0.154350
391.000000,161.216995,0.250810,0.177348
392.000000,161.216995,0.258822,0.176785
393.000000,161.216995,0.266171,0.192809
394.000000,161.216995,0.272837,0.206794
395.000000,161.216995,0.278800,0.206542
396.000000,161.216995,0.284048,0.219826
397.000000,161.216995,0.288569,0.235524
398.000000,161.216995,0.292351,0.233278
399.000000,161.216995,0.295383,0.240126
400.000000,161.216995,0.297659,0.253108
401.000000,161.216995,0.299172,0.252008
402.000000,161.216995,0.299915,0.259569
403.000000,161.216995,0.299887,0.234099
404.000000,161.216995,0.299091,0.258585
405.000000,161.216995,0.297528,0.278869
406.000000,161.216995,0.295204,0.271139
407.000000,161.216995,0.292122,0.271451
408.000000,161.216995,0.288293,0.278720
409.000000,161.216995,0.283724,0.268449
410.000000,161.216995,0.278425,0.268585
411.000000,161.216995,0.272411,0.271129
412.000000,161.216995,0.265699,0.259446
413.000000,161.216995,0.258306,0.257714
414.000000,161.216995,0.250252,0.261401
415.000000,161.216995,0.241556,0.245577
416.000000,161.216995,0.232241,0.249135
417.000000,161.216995,0.222331,0.249533
418.000000,161.216995,0.211848,0.227989
419.000000,161.216995,0.200821,0.226684
420.000000,161.216995,0.189280,0.225369
421.000000,161.216995,0.177254,0.208113
422.000000,161.216995,0.164774,0.201519
423.000000,161.216995,0.151872,0.192206
424.000000,161.216995,0.138581,0.175794
425.000000,161.216995,0.124934,0.172630
426.000000,161.216995,0.110964,0.153767
427.000000,161.216995,0.096711,0.150341
428.000000,161.216995,0.082210,0.144023
429.000000,161.216995,0.067498,0.122185
430.000000,161.216995,0.052614,0.114448
431.000000,161.216995,0.037594,0.112560
432.000000,161.216995,0.022478,0.086864
433.000000,161.216995,0.007304,0.074410
434.000000,161.216995,-0.007888,0.073091
435.000000,161.216995,-0.023060,0.047114
436.000000,161.216995,-0.038173,0.040093
437.000000,161.216995,-0.053188,0.037062
438.000000,161.216995,-0.068067,0.009511
439.000000,161.216995,-0.082772,0.001487
440.000000,161.216995,-0.097264,-0.009832
441.000000,161.216995,-0.111507,-0.031813
442.000000,161.216995,-0.125463,-0.039695
443.000000,161.216995,-0.139097,-0.058140
444.000000,161.216995,-0.152375,-0.062984
445.000000,161.216995,-0.165262,-0.077165
446.000000,161.216995,-0.177726,-0.102301
447.000000,161.216995,-0.189734,-0.111604
448.000000,161.216995,-0.201256,-0.111634
449.000000,161.216995,-0.212262,-0.173368
450.000000,161.216995,-0.222721,-0.141063
451.000000,161.216995,-0.232609,-0.134801
452.000000,161.216995,-0.241901,-0.158492
453.000000,161.216995,-0.250573,-0.161364
454.000000,161.216995,-0.258603,-0.171549
455.000000,161.216995,-0.265971,-0.199242
456.000000,161.216995,-0.272657,-0.204692
457.000000,161.216995,-0.278642,-0.201863
458.000000,161.216995,-0.283911,-0.222979
459.000000,161.216995,-0.288452,-0.225427
460.000000,161.216995,-0.292254,-0.227737
461.000000,161.216995,-0.295307,-0.243999
462.000000,161.216995,-0.297603,-0.246305
463.000000,161.216995,-0.299137,-0.260602
464.000000,161.216995,-0.299905,-0.266019
465.000000,161.216995,-0.299900,-0.257037
466.000000,161.216995,-0.299125,-0.266586
467.000000,161.216995,-0.297584,-0.267169
468.000000,161.216995,-0.295280,-0.260048
469.000000,161.216995,-0.292219,-0.274737
470.000000,161.216995,-0.288410,-0.274607
471.000000,161.216995,-0.283862,-0.263915
472.000000,161.216995,-0.278586,-0.273024
473.000000,161.216995,-0.272592,-0.268176
474.000000,161.216995,-0.265899,-0.256625
475.000000,161.216995,-0.258525,-0.266158
476.000000,161.216995,-0.250488,-0.258170
477.000000,161.216995,-0.241810,-0.244042
478.000000,161.216995,-0.232512,-0.249860
479.000000,161.216995,-0.222618,-0.240152
480.000000,161.216995,-0.212153,-0.231736
481.000000,161.216995,-0.201142,-0.228843
482.000000,161.216995,-0.189614,-0.213566
483.000000,161.216995,-0.177601,-0.214841
484.000000,161.216995,-0.165133,-0.204255
485.000000,161.216995,-0.152242,-0.187268
486.000000,161.216995,-0.138961,-0.189375
487.000000,161.216995,-0.125323,-0.173090
488.000000,161.216995,-0.111365,-0.152815
489.000000,161.216995,-0.097118,-0.156348
490.000000,161.216995,-0.082624,-0.142349
491.000000,161.216995,-0.067917,-0.120934
492.000000,161.216995,-0.053037,-0.121319
493.000000,161.216995,-0.038021,-0.103463
494.000000,161.216995,-0.022907,-0.084186
495.000000,161.216995,-0.007734,-0.081284
496.000000,161.216995,0.007458,-0.067862
497.000000,161.216995,0.022632,-0.053290
498.000000,161.216995,0.037747,-0.044682
499.000000,161.216995,0.052765,-0.021538
500.000000,161.216995,0.067648,-0.020955
501.000000,161.216995,0.082358,-0.003222
502.000000,161.216995,0.096857,0.017483
503.000000,161.216995,0.111108,0.018235
504.000000,161.216995,0.125074,0.037095
505.000000,161.216995,0.138717,0.064662
506.000000,161.216995,0.152005,0.060414
507.000000,161.216995,0.164903,0.075553
508.000000,161.216995,0.177379,0.097113
509.000000,161.216995,0.189400,0.102450
510.000000,161.216995,0.200936,0.117304
511.000000,161.216995,0.211958,0.135289
512.000000,161.216995,0.222434,0.135193
513.000000,161.216995,0.232338,0.149331
514.000000,161.216995,0.241647,0.166322
515.000000,161.216995,0.250337,0.169221
516.000000,161.216995,0.258385,0.184360
517.000000,161.216995,0.265771,0.189933
518.000000,161.216995,0.272476,0.198819
519.000000,161.216995,0.278483,0.213378
520.000000,161.216995,0.283774,0.216105
521.000000,161.216995,0.288335,0.223977
522.000000,161.216995,0.292157,0.238964
523.000000,161.216995,0.295231,0.235567
524.000000,161.216995,0.297548,0.246707
525.000000,161.216995,0.299103,0.258830
526.000000,161.216995,0.299892,0.252008
527.000000,161.216995,0.299912,0.257856
528.000000,161.216995,0.299159,0.275841
529.000000,161.216995,0.297639,0.269168
530.000000,161.216995,0.295356,0.265576
531.000000,161.216995,0.292316,0.270410
532.000000,161.216995,0.288527,0.266017
533.000000,161.216995,0.283999,0.268144
534.000000,161.216995,0.278743,0.266434
535.000000,161.216995,0.272773,0.264585
536.000000,161.216995,0.266100,0.268992
537.000000,161.216995,0.258744,0.253012
538.000000,161.216995,0.250725,0.255146
539.000000,161.216995,0.242064,0.260689
540.000000,161.216995,0.232782,0.242144
541.000000,161.216995,0.222904,0.245706
542.000000,161.216995,0.212455,0.242959
543.000000,161.216995,0.201462,0.218553
544.000000,161.216995,0.189948,0.209388
545.000000,161.216995,0.177948,0.217076
546.000000,161.216995,0.165492,0.197391
547.000000,161.216995,0.152612,0.191513
548.000000,161.216995,0.139341,0.189194
549.000000,161.216995,0.125713,0.167077
550.000000,161.216995,0.111763,0.160626
551.000000,161.216995,0.097525,0.155593
552.000000,161.216995,0.083037,0.132903
553.000000,161.216995,0.068336,0.127453
554.000000,161.216995,0.053460,0.120856
555.000000,161.216995,0.038447,0.106595
556.000000,161.216995,0.023335,0.093276
557.000000,161.216995,0.008164,0.075987
558.000000,161.216995,-0.007029,0.063409
559.000000,161.216995,-0.022204,0.061524
560.000000,161.216995,-0.037321,0.035819
561.000000,161.216995,-0.052342,0.025369
562.000000,161.216995,-0.067230,0.018762
563.000000,161.216995,-0.081945,-0.006075
564.000000,161.216995,-0.096450,-0.013954
565.000000,161.216995,-0.110708,-0.017558
566.000000,161.216995,-0.124683,-0.045821
567.000000,161.216995,-0.138337,-0.054562
568.000000,161.216995,-0.151635,-0.053588
569.000000,161.216995,-0.164544,-0.084571
570.000000,161.216995,-0.177032,-0.089594
571.000000,161.216995,-0.189066,-0.103198
572.000000,161.216995,-0.200616,-0.122751
573.000000,161.216995,-0.211652,-0.128774
574.000000,161.216995,-0.222145,-0.142786
575.000000,161.216995,-0.232068,-0.153922
576.000000,161.216995,-0.241393,-0.160095
577.000000,161.216995,-0.250100,-0.184087
578.000000,161.216995,-0.258166,-0.185382
579.000000,161.216995,-0.265571,-0.181264
580.000000,161.216995,-0.272295,-0.203530
581.000000,161.216995,-0.278321,-0.209835
582.000000,161.216995,-0.283635,-0.210153
583.000000,161.216995,-0.288218,-0.233273
584.000000,161.216995,-0.292060,-0.238151
585.000000,161.216995,-0.295155,-0.230888
586.000000,161.216995,-0.297493,-0.251861
587.000000,161.216995,-0.299069,-0.252736
588.000000,161.216995,-0.299878,-0.249333
589.000000,161.216995,-0.299920,-0.263872
590.000000,161.216995,-0.299193,-0.261742
591.000000,161.216995,-0.297694,-0.263338
592.000000,161.216995,-0.295432,-0.276741
593.000000,161.216995,-0.292413,-0.272043
594.000000,161.216995,-0.288644,-0.275190
595.000000,161.216995,-0.284136,-0.275744
596.000000,161.216995,-0.278900,-0.266046
597.000000,161.216995,-0.272950,-0.278454
598.000000,161.216995,-0.266300,-0.263451
599.000000,161.216995,-0.258962,-0.252471
600.000000,161.216995,-0.250961,-0.258581
601.000000,161.216995,-0.242318,-0.254449
602.000000,161.216995,-0.233053,-0.238034
603.000000,161.216995,-0.223191,-0.243995
604.000000,161.216995,-0.212757,-0.242726
605.000000,161.216995,-0.201778,-0.217160
606.000000,161.216995,-0.190282,-0.218546
607.000000,161.216995,-0.178295,-0.208268
608.000000,161.216995,-0.165851,-0.195998
609.000000,161.216995,-0.152982,-0.194527
610.000000,161.216995,-0.139721,-0.182105
611.000000,161.216995,-0.126103,-0.174253
612.000000,161.216995,-0.112161,-0.166218
613.000000,161.216995,-0.097931,-0.147796
614.000000,161.216995,-0.083450,-0.150344
615.000000,161.216995,-0.068755,-0.134765
616.000000,161.216995,-0.053883,-0.110345
617.000000,161.216995,-0.038873,-0.107446
618.000000,161.216995,-0.023764,-0.088872
619.000000,161.216995,-0.008593,-0.069743
0.000000,168.371002,0.001130,-0.080426
1.000000,168.371002,0.016989,-0.092314
2.000000,168.371002,0.032801,-0.041007
3.000000,168.371002,0.048520,-0.033383
4.000000,168.371002,0.064104,-0.014384
5.000000,168.371002,0.079510,0.004038
6.000000,168.371002,0.094692,0.005506
7.000000,168.371002,0.109609,0.024074
8.000000,168.371002,0.124221,-0.067862
9.000000,168.371002,0.138485,0.044821
10.000000,168.371002,0.152360,0.089267
11.000000,168.371002,0.165810,0.092013
12.000000,168.371002,0.178799,0.101440
13.000000,168.371002,0.191282,0.118994
14.000000,168.371002,0.203233,0.114034
15.000000,168.371002,0.214619,0.129888
16.000000,168.371002,0.225398,0.151448
17.000000,168.371002,0.235549,0.150348
18.000000,168.371002,0.245044,0.166060
19.000000,168.371002,0.253851,0.184476
20.000000,168.371002,0.261946,0.186808
21.000000,168.371002,0.269313,0.196085
22.000000,168.371002,0.275925,0.208789
23.000000,168.371002,0.281761,0.209683
24.000000,168.371002,0.286814,0.223676
25.000000,168.371002,0.291065,0.221250
26.000000,168.371002,0.294496,0.231415
27.000000,168.371002,0.297107,0.248549
28.000000,168.371002,0.298892,0.243430
29.000000,168.371002,0.299831,0.253857
30.000000,168.371002,0.299936,0.266839
31.000000,168.371002,0.299206,0.259158
32.000000,168.371002,0.297632,0.266007
33.000000,168.371002,0.295227,0.276414
34.000000,168.371002,0.292001,0.263734
35.000000,168.371002,0.287954,0.271437
36.000000,168.371002,0.283101,0.279416
37.000000,168.371002,0.277459,0.265019
38.000000,168.371002,0.271041,0.268432
39.000000,168.371002,0.263860,0.265411
40.000000,168.371002,0.255945,0.249722
41.000000,168.371002,0.247317,0.254990
42.000000,168.371002,0.237990,0.247412
43.000000,168.371002,0.228000,0.238420
44.000000,168.371002,0.217377,0.240541
45.000000,168.371002,0.206139,0.228559
46.000000,168.371002,0.194327,0.225690
47.000000,168.371002,0.181973,0.218514
48.000000,168.371002,0.169108,0.201251
49.000000,168.371002,0.155770,0.197089
50.000000,168.371002,0.141998,0.194628
51.000000,168.371002,0.127828,0.174658
52.000000,168.371002,0.113299,0.167776
53.000000,168.371002,0.098455,0.156309
54.000000,168.371002,0.083336,0.133907
55.000000,168.371002,0.067981,0.128457
56.000000,168.371002,0.052438,0.123136
57.000000,168.371002,0.036749,0.100303
58.000000,168.371002,0.020955,0.091136
59.000000,168.371002,0.005104,0.081106
60.000000,168.371002,-0.010762,0.061554
61.000000,168.371002,-0.026597,0.053957
62.000000,168.371002,-0.042358,0.033950
63.000000,168.371002,-0.058002,0.021658
64.000000,168.371002,-0.073482,0.015628
65.000000,168.371002,-0.088756,-0.005356
66.000000,168.371002,-0.103784,-0.017665
67.000000,168.371002,-0.118521,-0.023131
68.000000,168.371002,-0.132924,-0.046822
69.000000,168.371002,-0.146958,-0.057991
70.000000,168.371002,-0.160582,-0.069174
71.000000,168.371002,-0.173752,-0.098583
72.000000,168.371002,-0.186439,-0.097314
73.000000,168.371002,-0.198607,-0.104205
74.000000,168.371002,-0.210214,-0.125752
75.000000,168.371002,-0.221235,-0.131488
76.000000,168.371002,-0.231640,-0.143806
77.000000,168.371002,-0.241394,-0.160069
78.000000,168.371002,-0.250472,-0.167239
79.000000,168.371002,-0.258853,-0.180671
80.000000,168.371002,-0.266509,-0.193672
81.000000,168.371002,-0.273415,-0.199845
82.000000,168.371002,-0.279561,-0.217114
83.000000,168.371002,-0.284927,-0.219556
84.000000,168.371002,-0.289489,-0.219016
85.000000,168.371002,-0.293245,-0.224977
86.000000,168.371002,-0.296185,-0.241722
87.000000,168.371002,-0.298288,-0.242898
88.000000,168.371002,-0.299560,-0.259154
89.000000,168.371002,-0.299998,-0.261172
90.000000,168.371002,-0.299591,-0.255052
91.000000,168.371002,-0.298348,-0.271307
92.000000,168.371002,-0.296273,-0.270181
93.000000,168.371002,-0.293367,-0.264912
94.000000,168.371002,-0.289639,-0.272165
95.000000,168.371002,-0.285104,-0.269611
96.000000,168.371002,-0.279772,-0.270615
97.000000,168.371002,-0.273652,-0.268594
98.000000,168.371002,-0.266770,-0.259180
99.000000,168.371002,-0.259146,-0.268020
100.000000,168.371002,-0.250789,-0.262593
101.000000,168.371002,-0.241734,-0.247179
102.000000,168.371002,-0.232006,-0.252431
103.000000,168.371002,-0.221624,-0.238290
104.000000,168.371002,-0.210623,-0.224881
105.000000,168.371002,-0.199037,-0.236272
106.000000,168.371002,-0.186890,-0.214841
107.000000,168.371002,-0.174220,-0.203148
108.000000,168.371002,-0.161066,-0.202390
109.000000,168.371002,-0.147460,-0.187394
110.000000,168.371002,-0.133440,-0.174266
111.000000,168.371002,-0.119048,-0.175224
112.000000,168.371002,-0.104324,-0.158369
113.000000,168.371002,-0.089306,-0.142375
114.000000,168.371002,-0.074039,-0.137621
115.000000,168.371002,-0.058566,-0.122628
116.000000,168.371002,-0.042928,-0.114755
117.000000,168.371002,-0.027170,-0.249999
118.000000,168.371002,-0.011337,-0.082599
119.000000,168.371002,0.004529,-0.044967
120.000000,168.371002,0.020382,-0.032111
121.000000,168.371002,0.036178,-0.015696
122.000000,168.371002,0.051872,-0.018944
123.000000,168.371002,0.067421,-0.005803
124.000000,168.371002,0.082783,0.042218
125.000000,168.371002,0.097912,0.010654
126.000000,168.371002,0.112767,0.022646
127.000000,168.371002,0.127307,0.043351
128.000000,168.371002,0.141493,0.048542
129.000000,168.371002,0.155279,0.065971
130.000000,168.371002,0.168632,0.081825
131.000000,168.371002,0.181517,0.094300
132.000000,168.371002,0.193889,0.109717
133.000000,168.371002,0.205720,0.113023
134.000000,168.371002,0.216979,0.128321
135.000000,168.371002,0.227628,0.148453
136.000000,168.371002,0.237639,0.150209
137.000000,168.371002,0.246989,0.164920
138.000000,168.371002,0.255647,0.189770
139.000000,168.371002,0.263586,0.181089
140.000000,168.371002,0.270792,0.193657
141.000000,168.371002,0.277242,0.213358
142.000000,168.371002,0.282910,0.206112
143.000000,168.371002,0.287791,0.222251
144.000000,168.371002,0.291871,0.237380
145.000000,168.371002,0.295126,0.235852
146.000000,168.371002,0.297558,0.247131
147.000000,168.371002,0.299163,0.258691
148.000000,168.371002,0.299925,0.254009
149.000000,168.371002,0.299849,0.259566
150.000000,168.371002,0.298938,0.263138
151.000000,168.371002,0.297188,0.264589
152.000000,168.371002,0.294605,0.273714
153.000000,168.371002,0.291201,0.263446
154.000000,168.371002,0.286984,0.269158
155.000000,168.371002,0.281958,0.276563
156.000000,168.371002,0.276148,0.261733
157.000000,168.371002,0.269568,0.270440
158.000000,168.371002,0.262226,0.269410
159.000000,168.371002,0.254155,0.256444
160.000000,168.371002,0.245376,0.252710
161.000000,168.371002,0.235905,0.255825
162.000000,168.371002,0.225776,0.237853
163.000000,168.371002,0.215019,0.235836
164.000000,168.371002,0.203657,0.237522
165.000000,168.371002,0.191724,0.220551
166.000000,168.371002,0.179258,0.230110
167.000000,168.371002,0.166290,0.210360
168.000000,168.371002,0.152855,0.185950
169.000000,168.371002,0.138994,0.181354
170.000000,168.371002,0.124745,0.172780
171.000000,168.371002,0.110144,0.157207
172.000000,168.371002,0.095237,0.150607
173.000000,168.371002,0.080065,0.131194
174.000000,168.371002,0.064666,0.126608
175.000000,168.371002,0.049088,0.123716
176.000000,168.371002,0.033372,0.097871
177.000000,168.371002,0.017563,0.091142
178.000000,168.371002,0.001705,0.083104
179.000000,168.371002,-0.014159,0.059841
180.000000,168.371002,-0.029982,0.053390
181.000000,168.371002,-0.045721,0.047214
182.000000,168.371002,-0.061333,0.017520
183.000000,168.371002,-0.076774,0.002921
184.000000,168.371002,-0.091998,0.003604
185.000000,168.371002,-0.106966,-0.022373
186.000000,168.371002,-0.121637,-0.033830
187.000000,168.371002,-0.135963,-0.039864
188.000000,168.371002,-0.149912,-0.066556
189.000000,168.371002,-0.163443,-0.076440
190.000000,168.371002,-0.176513,-0.085469
191.000000,168.371002,-0.189090,-0.104590
192.000000,168.371002,-0.201141,-0.111472
193.000000,168.371002,-0.212627,-0.130490
194.000000,168.371002,-0.223517,-0.139910
195.000000,168.371002,-0.233785,-0.144940
196.000000,168.371002,-0.243398,-0.174362
197.000000,168.371002,-0.252327,-0.172086
198.000000,168.371002,-0.260554,-0.173544
199.000000,168.371002,-0.268054,-0.198384
200.000000,168.371002,-0.274797,-0.207834
201.000000,168.371002,-0.280776,-0.203718
202.000000,168.371002,-0.285973,-0.221263
203.000000,168.371002,-0.290362,-0.227283
204.000000,168.371002,-0.293943,-0.224311
205.000000,168.371002,-0.296705,-0.243426
206.000000,168.371002,-0.298631,-0.247160
207.000000,168.371002,-0.299723,-0.241755
208.000000,168.371002,-0.299981,-0.266158
209.000000,168.371002,-0.299397,-0.263600
210.000000,168.371002,-0.297973,-0.260479
211.000000,168.371002,-0.295719,-0.271165
212.000000,168.371002,-0.292639,-0.269468
213.000000,168.371002,-0.288735,-0.272189
214.000000,168.371002,-0.284027,-0.271453
215.000000,168.371002,-0.278528,-0.264614
216.000000,168.371002,-0.272242,-0.270737
217.000000,168.371002,-0.265198,-0.262593
218.000000,168.371002,-0.257416,-0.255473
219.000000,168.371002,-0.248908,-0.262010
220.000000,168.371002,-0.239705,-0.255161
221.000000,168.371002,-0.229835,-0.238893
222.000000,168.371002,-0.219319,-0.240420
223.000000,168.371002,-0.208189,-0.232001
224.000000,168.371002,-0.196479,-0.217734
225.000000,168.371002,-0.184219,-0.220835
226.000000,168.371002,-0.171442,-0.212273
227.000000,168.371002,-0.158187,-0.187993
228.000000,168.371002,-0.144491,-0.190522
229.000000,168.371002,-0.130386,-0.174667
230.000000,168.371002,-0.115920,-0.160678
231.000000,168.371002,-0.101130,-0.151921
232.000000,168.371002,-0.086055,-0.146361
233.000000,168.371002,-0.070740,-0.134062
234.000000,168.371002,-0.055228,-0.123324
235.000000,168.371002,-0.039561,-0.105475
236.000000,168.371002,-0.023783,-0.098871
237.000000,168.371002,-0.007939,-0.072997
238.000000,168.371002,0.007928,-0.060446
239.000000,168.371002,0.023772,-0.062411
240.000000,168.371002,0.039550,-0.045553
241.000000,168.371002,0.055217,-0.019702
242.000000,168.371002,0.070729,-0.020372
243.000000,168.371002,0.086044,-0.009093
244.000000,168.371002,0.101120,0.022049
245.000000,168.371002,0.115910,0.028527
246.000000,168.371002,0.130377,0.040806
247.000000,168.371002,0.144481,0.002020
248.000000,168.371002,0.158178,0.068847
249.000000,168.371002,0.171433,0.098571
250.000000,168.371002,0.184211,0.103726
251.000000,168.371002,0.196471,0.112884
252.000000,168.371002,0.208181,0.134448
253.000000,168.371002,0.219312,0.131763
254.000000,168.371002,0.229828,0.139759
255.000000,168.371002,0.239699,0.165749
256.000000,168.371002,0.248902,0.166076
257.000000,168.371002,0.257411,0.180645
258.000000,168.371002,0.265193,0.200204
259.000000,168.371002,0.272237,0.193388
260.000000,168.371002,0.278524,0.211814
261.000000,168.371002,0.284024,0.222940
262.000000,168.371002,0.288732,0.223268
263.000000,168.371002,0.292637,0.235832
264.000000,168.371002,0.295718,0.240683
265.000000,168.371002,0.297971,0.244284
266.000000,168.371002,0.299396,0.257846
267.000000,168.371002,0.299981,0.257289
268.000000,168.371002,0.299724,0.262153
269.000000,168.371002,0.298632,0.270132
270.000000,168.371002,0.296706,0.262163
271.000000,168.371002,0.293945,0.267296
272.000000,168.371002,0.290365,0.276702
273.000000,168.371002,0.285976,0.263591
274.000000,168.371002,0.280779,0.265864
275.000000,168.371002,0.274801,0.272697
276.000000,168.371002,0.268058,0.263591
277.000000,168.371002,0.260559,0.264145
278.000000,168.371002,0.252332,0.267120
279.000000,168.371002,0.243404,0.248575
280.000000,168.371002,0.233791,0.247127
281.000000,168.371002,0.223523,0.241256
282.000000,168.371002,0.212633,0.236707
283.000000,168.371002,0.201148,0.229964
284.000000,168.371002,0.189097,0.216400
285.000000,168.371002,0.176520,0.210250
286.000000,168.371002,0.163451,0.208935
287.000000,168.371002,0.149920,0.186954
288.000000,168.371002,0.135972,0.178932
289.000000,168.371002,0.121646,0.179188
290.000000,168.371002,0.106975,0.154924
291.000000,168.371002,0.092007,0.148615
292.000000,168.371002,0.076783,0.146300
293.000000,168.371002,0.061343,0.122609
294.000000,168.371002,0.045731,0.114441
295.000000,168.371002,0.029992,0.104840
296.000000,168.371002,0.014168,0.084860
297.000000,168.371002,-0.001695,0.076119
298.000000,168.371002,-0.017553,0.054533
299.000000,168.371002,-0.033363,0.043394
300.000000,168.371002,-0.049078,0.036505
301.000000,168.371002,-0.064657,0.015230
302.000000,168.371002,-0.080056,0.006211
303.000000,168.371002,-0.095228,0.000463
304.000000,168.371002,-0.110135,-0.029666
305.000000,168.371002,-0.124736,-0.039546
306.000000,168.371002,-0.138985,-0.042007
307.000000,168.371002,-0.152846,-0.067269
308.000000,168.371002,-0.166282,-0.079011
309.000000,168.371002,-0.179251,-0.081615
310.000000,168.371002,-0.191717,-0.107304
311.000000,168.371002,-0.203649,-0.116329
312.000000,168.371002,-0.215012,-0.121647
313.000000,168.371002,-0.225770,-0.144768
314.000000,168.371002,-0.235899,-0.153077
315.000000,168.371002,-0.245371,-0.160244
316.000000,168.371002,-0.254150,-0.172795
317.000000,168.371002,-0.262221,-0.180966
318.000000,168.371002,-0.269563,-0.200392
319.000000,168.371002,-0.276144,-0.207973
320.000000,168.371002,-0.281955,-0.205282
321.000000,168.371002,-0.286981,-0.228121
322.000000,168.371002,-0.291199,-0.232856
323.000000,168.371002,-0.294603,-0.220875
324.000000,168.371002,-0.297187,-0.245139
325.000000,168.371002,-0.298937,-0.252020
326.000000,168.371002,-0.299848,-0.249333
327.000000,168.371002,-0.299925,-0.264015
328.000000,168.371002,-0.299164,-0.265032
329.000000,168.371002,-0.297560,-0.261201
330.000000,168.371002,-0.295127,-0.274740
331.000000,168.371002,-0.291873,-0.284617
332.000000,168.371002,-0.287794,-0.269200
333.000000,168.371002,-0.282914,-0.268163
334.000000,168.371002,-0.277246,-0.265466
335.000000,168.371002,-0.270797,-0.262891
336.000000,168.371002,-0.263591,-0.264876
337.000000,168.371002,-0.255652,-0.255035
338.000000,168.371002,-0.246995,-0.260012
339.000000,168.371002,-0.237645,-0.251583
340.000000,168.371002,-0.227635,-0.233740
341.000000,168.371002,-0.216986,-0.243137
342.000000,168.371002,-0.205728,-0.231425
343.000000,168.371002,-0.193897,-0.217730
344.000000,168.371002,-0.181525,-0.214255
345.000000,168.371002,-0.168641,-0.207837
346.000000,168.371002,-0.155288,-0.186993
347.000000,168.371002,-0.141502,-0.192380
348.000000,168.371002,-0.127317,-0.177242
349.000000,168.371002,-0.112777,-0.156394
350.000000,168.371002,-0.097923,-0.154777
351.000000,168.371002,-0.082793,-0.144642
352.000000,168.371002,-0.067432,-0.125076
353.000000,168.371002,-0.051883,-0.124463
354.000000,168.371002,-0.036189,-0.104610
355.000000,168.371002,-0.020393,-0.099322
356.000000,168.371002,-0.004540,-0.082430
357.000000,168.371002,0.011326,-0.057004
358.000000,168.371002,0.027159,-0.054834
359.000000,168.371002,0.042917,-0.038684
360.000000,168.371002,0.058556,-0.015978
361.000000,168.371002,0.074029,-0.014653
362.000000,168.371002,0.089295,0.001205
363.000000,168.371002,0.104314,-0.099484
364.000000,168.371002,0.119038,0.020094
365.000000,168.371002,0.133430,0.070261
366.000000,168.371002,0.147450,0.084244
367.000000,168.371002,0.161057,0.083435
368.000000,168.371002,0.174212,0.098147
369.000000,168.371002,0.186882,0.116990
370.000000,168.371002,0.199029,0.116747
371.000000,168.371002,0.210616,0.126452
372.000000,168.371002,0.221617,0.143874
373.000000,168.371002,0.232000,0.148343
374.000000,168.371002,0.241728,0.165626
375.000000,168.371002,0.250783,0.166063
376.000000,168.371002,0.259140,0.179797
377.000000,168.371002,0.266766,0.195502
378.000000,168.371002,0.273647,0.194389
379.000000,168.371002,0.279768,0.211247
380.000000,168.371002,0.285101,0.225230
381.000000,168.371002,0.289636,0.225558
382.000000,168.371002,0.293365,0.233834
383.000000,168.371002,0.296272,0.248960
384.000000,168.371002,0.298346,0.245288
385.000000,168.371002,0.299591,0.257425
386.000000,168.371002,0.299998,0.267263
387.000000,168.371002,0.299560,0.257727
388.000000,168.371002,0.298289,0.269294
389.000000,168.371002,0.296187,0.267415
390.000000,168.371002,0.293247,0.265162
391.000000,168.371002,0.289491,0.271861
392.000000,168.371002,0.284930,0.264430
393.000000,168.371002,0.279565,0.263442
394.000000,168.371002,0.273419,0.272710
395.000000,168.371002,0.266513,0.259016
396.000000,168.371002,0.258858,0.260149
397.000000,168.371002,0.250477,0.263694
398.000000,168.371002,0.241400,0.245862
399.000000,168.371002,0.231646,0.233692
400.000000,168.371002,0.221242,0.247817
401.000000,168.371002,0.210221,0.232423
402.000000,168.371002,0.198614,0.227831
403.000000,168.371002,0.186446,0.225369
404.000000,168.371002,0.173760,0.205684
405.000000,168.371002,0.160590,0.206383
406.000000,168.371002,0.146966,0.194628
407.000000,168.371002,0.132933,0.171795
408.000000,168.371002,0.118530,0.170921
409.000000,168.371002,0.103793,0.161173
410.000000,168.371002,0.088766,0.142340
411.000000,168.371002,0.073492,0.135458
412.000000,168.371002,0.058011,0.109286
413.000000,168.371002,0.042368,0.106307
414.000000,168.371002,0.026607,0.103425
415.000000,168.371002,0.010772,0.080569
416.000000,168.371002,-0.005094,0.070414
417.000000,168.371002,-0.020946,0.064808
418.000000,168.371002,-0.036739,0.041396
419.000000,168.371002,-0.052429,0.028659
420.000000,168.371002,-0.067972,0.027056
421.000000,168.371002,-0.083326,-0.001784
422.000000,168.371002,-0.098446,-0.012811
423.000000,168.371002,-0.113290,-0.018701
424.000000,168.371002,-0.127819,-0.046249
425.000000,168.371002,-0.141990,-0.054559
426.000000,168.371002,-0.155762,-0.058736
427.000000,168.371002,-0.169100,-0.081281
428.000000,168.371002,-0.181966,-0.094597
429.000000,168.371002,-0.194319,-0.103632
430.000000,168.371002,-0.206132,-0.118745
431.000000,168.371002,-0.217370,-0.130345
432.000000,168.371002,-0.227994,-0.140659
433.000000,168.371002,-0.237984,-0.162497
434.000000,168.371002,-0.247311,-0.167951
435.000000,168.371002,-0.255940,-0.178534
436.000000,168.371002,-0.263856,-0.187523
437.000000,168.371002,-0.271037,-0.189547
438.000000,168.371002,-0.277455,-0.212542
439.000000,168.371002,-0.283097,-0.221700
440.000000,168.371002,-0.287952,-0.241311
441.000000,168.371002,-0.291999,-0.237846
442.000000,168.371002,-0.295226,-0.233714
443.000000,168.371002,-0.297631,-0.233890
444.000000,168.371002,-0.299205,-0.252862
445.000000,168.371002,-0.299936,-0.252305
446.000000,168.371002,-0.299832,-0.251192
447.000000,168.371002,-0.298893,-0.267159
448.000000,168.371002,-0.297109,-0.268607
449.000000,168.371002,-0.294498,-0.259628
450.000000,168.371002,-0.291068,-0.272450
451.000000,168.371002,-0.286817,-0.269607
452.000000,168.371002,-0.281765,-0.262769
453.000000,168.371002,-0.275928,-0.273024
454.000000,168.371002,-0.269317,-0.247312
455.000000,168.371002,-0.261951,-0.261606
456.000000,168.371002,-0.253856,-0.269594
457.000000,168.371002,-0.245051,-0.254747
458.000000,168.371002,-0.235556,-0.260582
459.000000,168.371002,-0.225405,-0.247295
460.000000,168.371002,-0.214626,-0.230596
461.000000,168.371002,-0.203241,-0.233416
462.000000,168.371002,-0.191290,-0.221991
463.000000,168.371002,-0.178807,-0.206008
464.000000,168.371002,-0.165819,-0.214540
465.000000,168.371002,-0.152369,-0.189534
466.000000,168.371002,-0.138495,-0.177125
467.000000,168.371002,-0.124231,-0.175936
468.000000,168.371002,-0.109619,-0.161798
469.000000,168.371002,-0.094703,-0.145669
470.000000,168.371002,-0.079521,-0.142909
471.000000,168.371002,-0.064115,-0.123625
472.000000,168.371002,-0.048531,-0.115206
473.000000,168.371002,-0.032812,-0.106021
474.000000,168.371002,-0.017000,-0.084882
475.000000,168.371002,-0.001141,-0.084150
476.000000,168.371002,0.014722,-0.067564
477.000000,168.371002,0.030543,-0.045858
478.000000,168.371002,0.046279,-0.038386
479.000000,168.371002,0.061886,-0.092738
480.000000,168.371002,0.077318,-0.000253
481.000000,168.371002,0.092535,0.013948
482.000000,168.371002,0.107494,0.029945
483.000000,168.371002,0.122151,0.050077
484.000000,168.371002,0.136466,0.047830
485.000000,168.371002,0.150401,0.064115
486.000000,168.371002,0.163915,0.086391
487.000000,168.371002,0.176968,0.089151
488.000000,168.371002,0.189528,0.101430
489.000000,168.371002,0.201560,0.118563
490.000000,168.371002,0.213023,0.124037
491.000000,168.371002,0.223893,0.141319
492.000000,168.371002,0.234140,0.146472
493.000000,168.371002,0.243726,0.158923
494.000000,168.371002,0.252632,0.178058
495.000000,168.371002,0.260835,0.177372
496.000000,168.371002,0.268304,0.191947
497.000000,168.371002,0.275023,0.209932
498.000000,168.371002,0.280976,0.211834
499.000000,168.371002,0.286141,0.223828
500.000000,168.371002,0.290503,0.232662
501.000000,168.371002,0.294056,0.232277
502.000000,168.371002,0.296788,0.242413
503.000000,168.371002,0.298683,0.185612
504.000000,168.371002,0.299747,0.248433
505.000000,168.371002,0.299977,0.273154
506.000000,168.371002,0.299359,0.280708
507.000000,168.371002,0.297907,0.273313
508.000000,168.371002,0.295626,0.274294
509.000000,168.371002,0.292512,0.265861
510.000000,168.371002,0.288581,0.269734
511.000000,168.371002,0.283846,0.272998
512.000000,168.371002,0.278315,0.263303
513.000000,168.371002,0.272003,0.265298
514.000000,168.371002,0.264934,0.275274
515.000000,168.371002,0.257124,0.258157
516.000000,168.371002,0.248591,0.255712
517.000000,168.371002,0.239365,0.259828
518.000000,168.371002,0.229473,0.243572
519.000000,168.371002,0.218932,0.240839
520.000000,168.371002,0.207782,0.240239
521.000000,168.371002,0.196054,0.221267
522.000000,168.371002,0.183772,0.219676
523.000000,168.371002,0.170977,0.208792
524.000000,168.371002,0.157707,0.184807
525.000000,168.371002,0.143994,0.191218
526.000000,168.371002,0.129877,0.173929
527.000000,168.371002,0.115399,0.167213
528.000000,168.371002,0.100597,0.160325
529.000000,168.371002,0.085513,0.140342
530.000000,168.371002,0.070191,0.129461
531.000000,168.371002,0.054673,0.126999
532.000000,168.371002,0.039000,0.102593
533.000000,168.371002,0.023219,0.093998
534.000000,168.371002,0.007374,0.087677
535.000000,168.371002,-0.008493,0.064702
536.000000,168.371002,-0.024335,0.054533
537.000000,168.371002,-0.040110,0.049792
538.000000,168.371002,-0.055773,0.022665
539.000000,168.371002,-0.071279,0.011208
540.000000,168.371002,-0.086586,0.002613
541.000000,168.371002,-0.101651,-0.019232
542.000000,168.371002,-0.116431,-0.026402
543.000000,168.371002,-0.130886,-0.049410
544.000000,168.371002,-0.144976,-0.060271
545.000000,168.371002,-0.158657,-0.062729
546.000000,168.371002,-0.171897,-0.093292
547.000000,168.371002,-0.184658,-0.100312
548.000000,168.371002,-0.196897,-0.100627
549.000000,168.371002,-0.208588,-0.121173
550.000000,168.371002,-0.219699,-0.127051
551.000000,168.371002,-0.230189,-0.138522
552.000000,168.371002,-0.240038,-0.161639
553.000000,168.371002,-0.249218,-0.171665
554.000000,168.371002,-0.257698,-0.174408
555.000000,168.371002,-0.265456,-0.195097
556.000000,168.371002,-0.272476,-0.200405
557.000000,168.371002,-0.278731,-0.209285
558.000000,168.371002,-0.284204,-0.219550
559.000000,168.371002,-0.288886,-0.224003
560.000000,168.371002,-0.292761,-0.239005
561.000000,168.371002,-0.295811,-0.244002
562.000000,168.371002,-0.298037,-0.241169
563.000000,168.371002,-0.299434,-0.255576
564.000000,168.371002,-0.299984,-0.253872
565.000000,168.371002,-0.299699,-0.248468
566.000000,168.371002,-0.298581,-0.269160
567.000000,168.371002,-0.296620,-0.271320
568.000000,168.371002,-0.293831,-0.262772
569.000000,168.371002,-0.290224,-0.273878
570.000000,168.371002,-0.285803,-0.274180
571.000000,168.371002,-0.280579,-0.263345
572.000000,168.371002,-0.274576,-0.272308
573.000000,168.371002,-0.267803,-0.264031
574.000000,168.371002,-0.260278,-0.254194
575.000000,168.371002,-0.252028,-0.264015
576.000000,168.371002,-0.243075,-0.255595
577.000000,168.371002,-0.233436,-0.247325
578.000000,168.371002,-0.223147,-0.247001
579.000000,168.371002,-0.212237,-0.235868
580.000000,168.371002,-0.200728,-0.231295
581.000000,168.371002,-0.188659,-0.216117
582.000000,168.371002,-0.176065,-0.204560
583.000000,168.371002,-0.162976,-0.207254
584.000000,168.371002,-0.149431,-0.195392
585.000000,168.371002,-0.135470,-0.177977
586.000000,168.371002,-0.121129,-0.176652
587.000000,168.371002,-0.106448,-0.158935
588.000000,168.371002,-0.091471,-0.140235
589.000000,168.371002,-0.076238,-0.140477
590.000000,168.371002,-0.060790,-0.127339
591.000000,168.371002,-0.045173,-0.104205
592.000000,168.371002,-0.029431,-0.103729
0.000000,175.841995,0.005066,-0.078720
1.000000,175.841995,0.021620,-0.051583
2.000000,175.841995,0.038107,-0.046968
3.000000,175.841995,0.054480,-0.030968
4.000000,175.841995,0.070685,-0.011124
5.000000,175.841995,0.086675,-0.006360
6.000000,175.841995,0.102400,0.010495
7.000000,175.841995,0.117814,0.034060
8.000000,175.841995,0.132866,0.033248
9.000000,175.841995,0.147516,0.051677
10.000000,175.841995,0.161712,0.076670
11.000000,175.841995,0.175419,0.080572
12.000000,175.841995,0.188586,0.093710
13.000000,175.841995,0.201183,0.115283
14.000000,175.841995,0.213161,0.121459
15.000000,175.841995,0.224493,0.138453
16.000000,175.841995,0.235136,0.139629
17.000000,175.841995,0.245067,0.156773
18.000000,175.841995,0.254244,0.176189
19.000000,175.841995,0.262651,0.173942
20.000000,175.841995,0.270251,0.189797
21.000000,175.841995,0.277033,0.214359
22.000000,175.841995,0.282963,0.195105
23.000000,175.841995,0.288037,0.221250
24.000000,175.841995,0.292224,0.239239
25.000000,175.841995,0.295528,0.237280
26.000000,175.841995,0.297922,0.246558
27.000000,175.841995,0.299415,0.250832
28.000000,175.841995,0.299987,0.250719
29.000000,175.841995,0.299651,0.260994
30.000000,175.841995,0.298394,0.259718
31.000000,175.841995,0.296233,0.266587
32.000000,175.841995,0.293161,0.272422
33.000000,175.841995,0.289203,0.261590
34.000000,175.841995,0.284354,0.265437
35.000000,175.841995,0.278646,0.268982
36.000000,175.841995,0.272080,0.235285
37.000000,175.841995,0.264691,0.262717
38.000000,175.841995,0.256487,0.273267
39.000000,175.841995,0.247508,0.256153
40.000000,175.841995,0.237767,0.259854
41.000000,175.841995,0.227307,0.255398
42.000000,175.841995,0.216148,0.236707
43.000000,175.841995,0.204334,0.233828
44.000000,175.841995,0.191892,0.216678
45.000000,175.841995,0.178870,0.213398
46.000000,175.841995,0.165297,0.206509
47.000000,175.841995,0.151224,0.188812
48.000000,175.841995,0.136686,0.183654
49.000000,175.841995,0.121734,0.180192
50.000000,175.841995,0.106408,0.158930
51.000000,175.841995,0.090760,0.149762
52.000000,175.841995,0.074832,0.145156
53.000000,175.841995,0.058679,0.119749
54.000000,175.841995,0.042344,0.119590
55.000000,175.841995,0.025882,0.104263
56.000000,175.841995,0.009340,0.081716
57.000000,175.841995,-0.007230,0.069261
58.000000,175.841995,-0.023779,0.059656
59.000000,175.841995,-0.040255,0.037963
60.000000,175.841995,-0.056607,0.028507
61.000000,175.841995,-0.072788,0.008484
62.000000,175.841995,-0.088745,-0.006363
63.000000,175.841995,-0.104434,-0.010388
64.000000,175.841995,-0.119801,-0.035106
65.000000,175.841995,-0.134806,-0.046974
66.000000,175.841995,-0.149396,-0.052580
67.000000,175.841995,-0.163534,-0.079710
68.000000,175.841995,-0.177169,-0.020786
69.000000,175.841995,-0.190269,-0.090047
70.000000,175.841995,-0.202781,-0.127614
71.000000,175.841995,-0.214683,-0.136352
72.000000,175.841995,-0.225921,-0.139811
73.000000,175.841995,-0.236479,-0.165499
74.000000,175.841995,-0.246306,-0.171662
75.000000,175.841995,-0.255391,-0.168690
76.000000,175.841995,-0.263687,-0.189521
77.000000,175.841995,-0.271189,-0.195687
78.000000,175.841995,-0.277853,-0.197287
79.000000,175.841995,-0.283680,-0.219119
80.000000,175.841995,-0.288631,-0.221710
81.000000,175.841995,-0.292712,-0.228591
82.000000,175.841995,-0.295888,-0.243283
83.000000,175.841995,-0.298174,-0.244019
84.000000,175.841995,-0.299538,-0.256596
85.000000,175.841995,-0.300000,-0.264591
86.000000,175.841995,-0.299535,-0.255466
87.000000,175.841995,-0.298168,-0.274737
88.000000,175.841995,-0.295880,-0.266884
89.000000,175.841995,-0.292700,-0.252047
90.000000,175.841995,-0.288616,-0.270449
91.000000,175.841995,-0.283662,-0.270747
92.000000,175.841995,-0.277833,-0.262914
93.000000,175.841995,-0.271166,-0.273020
94.000000,175.841995,-0.263662,-0.263458
95.000000,175.841995,-0.255363,-0.248760
96.000000,175.841995,-0.246276,-0.264869
97.000000,175.841995,-0.236446,-0.253021
98.000000,175.841995,-0.225886,-0.235748
99.000000,175.841995,-0.214645,-0.240424
100.000000,175.841995,-0.202742,-0.234436
101.000000,175.841995,-0.190227,-0.217300
102.000000,175.841995,-0.177126,-0.221263
103.000000,175.841995,-0.163490,-0.201551
104.000000,175.841995,-0.149350,-0.192973
105.000000,175.841995,-0.134759,-0.182662
106.000000,175.841995,-0.119752,-0.164098
107.000000,175.841995,-0.104384,-0.169505
108.000000,175.841995,-0.088695,-0.150496
109.000000,175.841995,-0.072737,-0.125504
110.000000,175.841995,-0.056555,-0.125895
111.000000,175.841995,-0.040203,-0.113039
112.000000,175.841995,-0.023726,-0.088905
113.000000,175.841995,-0.007178,-0.089432
114.000000,175.841995,0.009392,-0.075293
115.000000,175.841995,0.025934,-0.048442
116.000000,175.841995,0.042396,-0.044108
117.000000,175.841995,0.058730,-0.024536
118.000000,175.841995,0.074883,-0.005541
119.000000,175.841995,0.090809,0.000217
120.000000,175.841995,0.106457,0.015638
121.000000,175.841995,0.121782,0.026645
122.000000,175.841995,0.136732,0.040249
123.000000,175.841995,0.151269,0.063675
124.000000,175.841995,0.165340,0.063555
125.000000,175.841995,0.178912,0.085569
126.000000,175.841995,0.191932,0.106559
127.000000,175.841995,0.204372,0.106168
128.000000,175.841995,0.216184,0.127887
129.000000,175.841995,0.227341,0.151879
130.000000,175.841995,0.237799,0.148204
131.000000,175.841995,0.247537,0.165059
132.000000,175.841995,0.256514,0.180473
133.000000,175.841995,0.264715,0.181092
134.000000,175.841995,0.272102,0.194946
135.000000,175.841995,0.278665,0.212931
136.000000,175.841995,0.284371,0.205542
137.000000,175.841995,0.289216,0.223252
138.000000,175.841995,0.293172,0.237953
139.000000,175.841995,0.296241,0.234563
140.000000,175.841995,0.298399,0.246127
141.000000,175.841995,0.299653,0.250269
142.000000,175.841995,0.299987,0.256292
143.000000,175.841995,0.299412,0.265278
144.000000,175.841995,0.297916,0.261302
145.000000,175.841995,0.295518,0.267730
146.000000,175.841995,0.292213,0.275705
147.000000,175.841995,0.288022,0.261305
148.000000,175.841995,0.282946,0.268581
149.000000,175.841995,0.277013,0.275987
150.000000,175.841995,0.270229,0.260159
151.000000,175.841995,0.262626,0.267008
152.000000,175.841995,0.254216,0.267548
153.000000,175.841995,0.245036,0.248863
154.000000,175.841995,0.235104,0.247558
155.000000,175.841995,0.224459,0.251965
156.000000,175.841995,0.213124,0.231561
157.000000,175.841995,0.201144,0.226681
158.000000,175.841995,0.188546,0.219378
159.000000,175.841995,0.175376,0.206966
160.000000,175.841995,0.161668,0.207374
161.000000,175.841995,0.147470,0.187802
162.000000,175.841995,0.132819,0.180367
163.000000,175.841995,0.117766,0.199939
164.000000,175.841995,0.102351,0.159503
165.000000,175.841995,0.086625,0.142469
166.000000,175.841995,0.070634,0.136005
167.000000,175.841995,0.054428,0.114743
168.000000,175.841995,0.038056,0.106436
169.000000,175.841995,0.021568,0.104833
170.000000,175.841995,0.005013,0.078856
171.000000,175.841995,-0.011556,0.067402
172.000000,175.841995,-0.028090,0.059083
173.000000,175.841995,-0.044539,0.035389
174.000000,175.841995,-0.060851,0.026363
175.000000,175.841995,-0.076978,0.008484
176.000000,175.841995,-0.092870,-0.009080
177.000000,175.841995,-0.108479,-0.018539
178.000000,175.841995,-0.123756,-0.036392
179.000000,175.841995,-0.138657,-0.048548
180.000000,175.841995,-0.153133,-0.055155
181.000000,175.841995,-0.167144,-0.077421
182.000000,175.841995,-0.180643,-0.092592
183.000000,175.841995,-0.193593,-0.093623
184.000000,175.841995,-0.205950,-0.121462
185.000000,175.841995,-0.217681,-0.130487
186.000000,175.841995,-0.228745,-0.133088
187.000000,175.841995,-0.239115,-0.156636
188.000000,175.841995,-0.248751,-0.164088
189.000000,175.841995,-0.257632,-0.173401
190.000000,175.841995,-0.265724,-0.194812
191.000000,175.841995,-0.273008,-0.193261
192.000000,175.841995,-0.279456,-0.221703
193.000000,175.841995,-0.285055,-0.215408
194.000000,175.841995,-0.289781,-0.216004
195.000000,175.841995,-0.293626,-0.236272
196.000000,175.841995,-0.296572,-0.234857
197.000000,175.841995,-0.298616,-0.235460
198.000000,175.841995,-0.299746,-0.255006
199.000000,175.841995,-0.299965,-0.257881
200.000000,175.841995,-0.299266,-0.253193
201.000000,175.841995,-0.297656,-0.268733
202.000000,175.841995,-0.295135,-0.265174
203.000000,175.841995,-0.291717,-0.260913
204.000000,175.841995,-0.287406,-0.273166
205.000000,175.841995,-0.282221,-0.282480
206.000000,175.841995,-0.276172,-0.260761
207.000000,175.841995,-0.269284,-0.270164
208.000000,175.841995,-0.261571,-0.259604
209.000000,175.841995,-0.253062,-0.265313
210.000000,175.841995,-0.243780,-0.252010
211.000000,175.841995,-0.233755,-0.237024
212.000000,175.841995,-0.223016,-0.246424
213.000000,175.841995,-0.211597,-0.233999
214.000000,175.841995,-0.199532,-0.216587
215.000000,175.841995,-0.186859,-0.221120
216.000000,175.841995,-0.173615,-0.213698
217.000000,175.841995,-0.159843,-0.194570
218.000000,175.841995,-0.145582,-0.191953
219.000000,175.841995,-0.130877,-0.182245
220.000000,175.841995,-0.115772,-0.159823
221.000000,175.841995,-0.100315,-0.161639
222.000000,175.841995,-0.084551,-0.144499
223.000000,175.841995,-0.068530,-0.129075
224.000000,175.841995,-0.052300,-0.124894
225.000000,175.841995,-0.035910,-0.105325
226.000000,175.841995,-0.019410,-0.097602
227.000000,175.841995,-0.002851,-0.083146
228.000000,175.841995,0.013716,-0.061009
229.000000,175.841995,0.030242,-0.058406
230.000000,175.841995,0.046676,-0.041829
231.000000,175.841995,0.062967,-0.017552
232.000000,175.841995,0.079066,-0.012078
233.000000,175.841995,0.094924,0.002494
234.000000,175.841995,0.110492,0.024051
235.000000,175.841995,0.125723,0.026814
236.000000,175.841995,0.140570,0.049103
237.000000,175.841995,0.154989,0.067376
238.000000,175.841995,0.168935,0.072425
239.000000,175.841995,0.182365,0.093425
240.000000,175.841995,0.195239,0.113699
241.000000,175.841995,0.207517,0.115889
242.000000,175.841995,0.219162,0.131028
243.000000,175.841995,0.230139,0.149162
244.000000,175.841995,0.240413,0.149775
245.000000,175.841995,0.249954,0.168343
246.000000,175.841995,0.258733,0.173634
247.000000,175.841995,0.266722,0.180370
248.000000,175.841995,0.273897,0.201937
249.000000,175.841995,0.280236,0.202536
250.000000,175.841995,0.285721,0.218543
251.000000,175.841995,0.290334,0.234954
252.000000,175.841995,0.294061,0.234139
253.000000,175.841995,0.296891,0.241843
254.000000,175.841995,0.298815,0.254967
255.000000,175.841995,0.299827,0.249149
256.000000,175.841995,0.299925,0.258711
257.000000,175.841995,0.299107,0.270122
258.000000,175.841995,0.297378,0.260301
259.000000,175.841995,0.294740,0.269864
260.000000,175.841995,0.291204,0.272703
261.000000,175.841995,0.286779,0.270307
262.000000,175.841995,0.281480,0.269287
263.000000,175.841995,0.275321,0.262435
264.000000,175.841995,0.268323,0.264585
265.000000,175.841995,0.260505,0.272567
266.000000,175.841995,0.251893,0.251295
267.000000,175.841995,0.242512,0.254857
268.000000,175.841995,0.232392,0.255398
269.000000,175.841995,0.221562,0.235425
270.000000,175.841995,0.210058,0.229689
271.000000,175.841995,0.197911,0.237380
272.000000,175.841995,0.185161,0.211545
273.000000,175.841995,0.171846,0.208954
274.000000,175.841995,0.158007,0.205780
275.000000,175.841995,0.143685,0.182805
276.000000,175.841995,0.128926,0.177355
277.000000,175.841995,0.113772,0.171325
278.000000,175.841995,0.098273,0.154635
279.000000,175.841995,0.082472,0.185062
280.000000,175.841995,0.066421,0.127731
281.000000,175.841995,0.050166,0.109312
282.000000,175.841995,0.033759,0.102139
283.000000,175.841995,0.017249,0.081716
284.000000,175.841995,0.000686,0.073131
285.000000,175.841995,-0.015879,0.068525
286.000000,175.841995,-0.032396,0.046687
287.000000,175.841995,-0.048813,0.035094
288.000000,175.841995,-0.065082,0.029200
289.000000,175.841995,-0.081152,-0.001638
290.000000,175.841995,-0.096975,-0.008805
291.000000,175.841995,-0.112502,-0.012121
292.000000,175.841995,-0.127686,-0.040818
293.000000,175.841995,-0.142479,-0.057849
294.000000,175.841995,-0.156839,-0.056593
295.000000,175.841995,-0.170719,-0.083285
296.000000,175.841995,-0.184080,-0.093596
297.000000,175.841995,-0.196877,-0.098914
298.000000,175.841995,-0.209076,-0.121604
299.000000,175.841995,-0.220635,-0.129486
300.000000,175.841995,-0.231523,-0.149661
301.000000,175.841995,-0.241702,-0.161927
302.000000,175.841995,-0.251146,-0.168236
303.000000,175.841995,-0.259821,-0.182672
304.000000,175.841995,-0.267707,-0.195959
305.000000,175.841995,-0.274772,-0.191555
306.000000,175.841995,-0.281003,-0.209967
307.000000,175.841995,-0.286372,-0.218698
308.000000,175.841995,-0.290873,-0.220301
309.000000,175.841995,-0.294481,-0.237704
310.000000,175.841995,-0.297195,-0.238863
311.000000,175.841995,-0.298998,-0.239608
312.000000,175.841995,-0.299893,-0.257723
313.000000,175.841995,-0.299869,-0.257881
314.000000,175.841995,-0.298935,-0.254051
315.000000,175.841995,-0.297084,-0.266301
316.000000,175.841995,-0.294331,-0.267606
317.000000,175.841995,-0.290675,-0.262199
318.000000,175.841995,-0.286138,-0.274740
319.000000,175.841995,-0.280723,-0.266751
320.000000,175.841995,-0.274456,-0.267762
321.000000,175.841995,-0.267347,-0.267451
322.000000,175.841995,-0.259427,-0.257176
323.000000,175.841995,-0.250710,-0.264737
324.000000,175.841995,-0.241234,-0.254442
325.000000,175.841995,-0.231017,-0.242888
326.000000,175.841995,-0.220100,-0.243280
327.000000,175.841995,-0.208506,-0.233572
328.000000,175.841995,-0.196281,-0.219589
329.000000,175.841995,-0.183453,-0.219119
330.000000,175.841995,-0.170069,-0.206124
331.000000,175.841995,-0.156163,-0.191568
332.000000,175.841995,-0.141784,-0.192095
333.000000,175.841995,-0.126969,-0.176098
334.000000,175.841995,-0.111769,-0.164823
335.000000,175.841995,-0.096226,-0.157925
336.000000,175.841995,-0.080391,-0.139357
337.000000,175.841995,-0.064310,-0.137200
338.000000,175.841995,-0.048033,-0.117177
339.000000,175.841995,-0.031609,-0.098185
340.000000,175.841995,-0.015090,-0.095578
341.000000,175.841995,0.001477,-0.073286
342.000000,175.841995,0.018038,-0.053873
343.000000,175.841995,0.034545,-0.053545
344.000000,175.841995,0.050946,-0.036544
345.000000,175.841995,0.067191,-0.011982
346.000000,175.841995,0.083233,-0.011505
347.000000,175.841995,0.099019,0.008922
348.000000,175.841995,0.114505,0.029912
349.000000,175.841995,0.129638,0.035246
350.000000,175.841995,0.144380,0.053817
351.000000,175.841995,0.158677,0.068810
352.000000,175.841995,0.172495,0.084287
353.000000,175.841995,0.185781,0.093564
354.000000,175.841995,0.198506,0.101718
355.000000,175.841995,0.210620,0.117172
356.000000,175.841995,0.222097,0.138738
357.000000,175.841995,0.232890,0.141912
358.000000,175.841995,0.242979,0.158058
359.000000,175.841995,0.252320,0.173757
360.000000,175.841995,0.260898,0.176229
361.000000,175.841995,0.268674,0.191513
362.000000,175.841995,0.275636,0.210784
363.000000,175.841995,0.281751,0.207828
364.000000,175.841995,0.287013,0.219249
365.000000,175.841995,0.291392,0.235806
366.000000,175.841995,0.294890,0.231561
367.000000,175.841995,0.297480,0.244271
368.000000,175.841995,0.299170,0.249974
369.000000,175.841995,0.299940,0.251435
370.000000,175.841995,0.299803,0.257419
371.000000,175.841995,0.298742,0.255858
372.000000,175.841995,0.296779,0.261868
373.000000,175.841995,0.293902,0.272564
374.000000,175.841995,0.290137,0.265308
375.000000,175.841995,0.285478,0.270155
376.000000,175.841995,0.279956,0.276702
377.000000,175.841995,0.273572,0.262017
378.000000,175.841995,0.266362,0.267581
379.000000,175.841995,0.258331,0.266262
380.000000,175.841995,0.249519,0.253724
381.000000,175.841995,0.239939,0.251564
382.000000,175.841995,0.229634,0.253251
383.000000,175.841995,0.218621,0.234278
384.000000,175.841995,0.206948,0.233831
385.000000,175.841995,0.194637,0.224666
386.000000,175.841995,0.181739,0.210684
387.000000,175.841995,0.168280,0.207232
388.000000,175.841995,0.154314,0.188369
389.000000,175.841995,0.139871,0.183372
390.000000,175.841995,0.125006,0.179197
391.000000,175.841995,0.109756,0.157787
392.000000,175.841995,0.094175,0.151196
393.000000,175.841995,0.078303,0.146733
394.000000,175.841995,0.062195,0.125041
395.000000,175.841995,0.045894,0.116304
396.000000,175.841995,0.029456,0.110840
397.000000,175.841995,0.012927,0.085294
398.000000,175.841995,-0.003642,0.073124
399.000000,175.841995,-0.020199,0.063658
400.000000,175.841995,-0.036695,0.041969
401.000000,175.841995,-0.053078,0.037519
402.000000,175.841995,-0.069301,0.025336
403.000000,175.841995,-0.085310,-0.004073
404.000000,175.841995,-0.101062,-0.014384
405.000000,175.841995,-0.116501,-0.023128
406.000000,175.841995,-0.131590,-0.043966
407.000000,175.841995,-0.146272,-0.051136
408.000000,175.841995,-0.160514,-0.068862
409.000000,175.841995,-0.174260,-0.085147
410.000000,175.841995,-0.187480,-0.090892
411.000000,175.841995,-0.200122,-0.115743
412.000000,175.841995,-0.212160,-0.124473
413.000000,175.841995,-0.223544,-0.130938
414.000000,175.841995,-0.234253,-0.152203
415.000000,175.841995,-0.244239,-0.159224
416.000000,175.841995,-0.253489,-0.161397
417.000000,175.841995,-0.261957,-0.190806
418.000000,175.841995,-0.269634,-0.193971
419.000000,175.841995,-0.276480,-0.193569
420.000000,175.841995,-0.282491,-0.216687
421.000000,175.841995,-0.287631,-0.217992
422.000000,175.841995,-0.291904,-0.223588
423.000000,175.841995,-0.295276,-0.238565
424.000000,175.841995,-0.297756,-0.242445
425.000000,175.841995,-0.299319,-0.252454
426.000000,175.841995,-0.299978,-0.257583
427.000000,175.841995,-0.299712,-0.255893
428.000000,175.841995,-0.298542,-0.271307
429.000000,175.841995,-0.296451,-0.268312
430.000000,175.841995,-0.293465,-0.261191
431.000000,175.841995,-0.289575,-0.272162
432.000000,175.841995,-0.284810,-0.265883
433.000000,175.841995,-0.279167,-0.255479
434.000000,175.841995,-0.272681,-0.274591
435.000000,175.841995,-0.265355,-0.265744
436.000000,175.841995,-0.257228,-0.250476
437.000000,175.841995,-0.248308,-0.261155
438.000000,175.841995,-0.238637,-0.255738
439.000000,175.841995,-0.228232,-0.241040
440.000000,175.841995,-0.217137,-0.243856
441.000000,175.841995,-0.205373,-0.230861
442.000000,175.841995,-0.192989,-0.221730
443.000000,175.841995,-0.180010,-0.216833
444.000000,175.841995,-0.166487,-0.202698
445.000000,175.841995,-0.152452,-0.195823
446.000000,175.841995,-0.137956,-0.186953
447.000000,175.841995,-0.123035,-0.170250
448.000000,175.841995,-0.107742,-0.172646
449.000000,175.841995,-0.092117,-0.152643
450.000000,175.841995,-0.076214,-0.129367
451.000000,175.841995,-0.060076,-0.128897
452.000000,175.841995,-0.043757,-0.112897
453.000000,175.841995,-0.027303,-0.093911
454.000000,175.841995,-0.010766,-0.094580
455.000000,175.841995,0.005804,-0.078584
456.000000,175.841995,0.022356,-0.050443
457.000000,175.841995,0.038840,-0.047968
458.000000,175.841995,0.055206,-0.024679
459.000000,175.841995,0.071402,-0.012260
460.000000,175.841995,0.087382,-0.007075
461.000000,175.841995,0.103093,0.013921
462.000000,175.841995,0.118493,0.020502
463.000000,175.841995,0.133528,0.038960
464.000000,175.841995,0.148158,0.057237
465.000000,175.841995,0.162334,0.065417
466.000000,175.841995,0.176017,0.081278
467.000000,175.841995,0.189160,0.104555
468.000000,175.841995,0.201730,0.103594
469.000000,175.841995,0.213680,0.117165
470.000000,175.841995,0.224982,0.144729
471.000000,175.841995,0.235594,0.143059
472.000000,175.841995,0.245492,0.166063
473.000000,175.841995,0.254635,0.182617
474.000000,175.841995,0.263007,0.184094
475.000000,175.841995,0.270571,0.194515
476.000000,175.841995,0.277315,0.208355
477.000000,175.841995,0.283207,0.204680
478.000000,175.841995,0.288242,0.221393
479.000000,175.841995,0.292391,0.229521
480.000000,175.841995,0.295653,0.232562
481.000000,175.841995,0.298008,0.247555
482.000000,175.841995,0.299459,0.247412
483.000000,175.841995,0.299991,0.253005
484.000000,175.841995,0.299614,0.265281
485.000000,175.841995,0.298317,0.254152
486.000000,175.841995,0.296115,0.222539
487.000000,175.841995,0.293004,0.271414
488.000000,175.841995,0.289005,0.277603
489.000000,175.841995,0.284118,0.277875
490.000000,175.841995,0.278370,0.280990
491.000000,175.841995,0.271768,0.265877
492.000000,175.841995,0.264342,0.267004
493.000000,175.841995,0.256104,0.270980
494.000000,175.841995,0.247089,0.252008
495.000000,175.841995,0.237316,0.256706
496.000000,175.841995,0.226824,0.247684
497.000000,175.841995,0.215635,0.236710
498.000000,175.841995,0.203792,0.228967
499.000000,175.841995,0.191324,0.218967
500.000000,175.841995,0.178276,0.208679
501.000000,175.841995,0.164680,0.210081
502.000000,175.841995,0.150585,0.184664
503.000000,175.841995,0.136028,0.180075
504.000000,175.841995,0.121058,0.182620
505.000000,175.841995,0.105717,0.156355
506.000000,175.841995,0.090055,0.146902
507.000000,175.841995,0.074117,0.145156
508.000000,175.841995,0.057954,0.115031
509.000000,175.841995,0.041613,0.111297
510.000000,175.841995,0.025146,0.112845
511.000000,175.841995,0.008602,0.080430
512.000000,175.841995,-0.007968,0.071978
513.000000,175.841995,-0.024514,0.056518
514.000000,175.841995,-0.040986,0.037960
515.000000,175.841995,-0.057332,0.029362
516.000000,175.841995,-0.073503,0.002921
517.000000,175.841995,-0.089450,-0.004365
518.000000,175.841995,-0.105125,-0.007966
519.000000,175.841995,-0.120477,-0.035527
520.000000,175.841995,-0.135464,-0.046408
521.000000,175.841995,-0.150036,-0.050297
522.000000,175.841995,-0.164151,-0.075993
523.000000,175.841995,-0.177764,-0.088305
524.000000,175.841995,-0.190837,-0.091051
525.000000,175.841995,-0.203325,-0.119172
526.000000,175.841995,-0.215195,-0.126054
527.000000,175.841995,-0.226407,-0.131083
528.000000,175.841995,-0.236930,-0.155778
529.000000,175.841995,-0.246727,-0.160516
530.000000,175.841995,-0.255775,-0.172672
531.000000,175.841995,-0.264039,-0.186380
532.000000,175.841995,-0.271501,-0.194123
533.000000,175.841995,-0.278131,-0.214401
534.000000,175.841995,-0.283916,-0.213122
535.000000,175.841995,-0.288832,-0.216869
536.000000,175.841995,-0.292869,-0.235845
537.000000,175.841995,-0.296010,-0.240864
538.000000,175.841995,-0.298251,-0.237176
539.000000,175.841995,-0.299579,-0.257723
540.000000,175.841995,-0.299995,-0.253591
541.000000,175.841995,-0.299495,-0.251334
542.000000,175.841995,-0.298082,-0.270592
543.000000,175.841995,-0.295758,-0.267606
544.000000,175.841995,-0.292533,-0.261914
545.000000,175.841995,-0.288415,-0.273024
546.000000,175.841995,-0.283418,-0.270469
547.000000,175.841995,-0.277555,-0.270330
548.000000,175.841995,-0.270846,-0.267451
549.000000,175.841995,-0.263310,-0.260323
550.000000,175.841995,-0.254972,-0.264303
551.000000,175.841995,-0.245854,-0.256874
552.000000,175.841995,-0.235988,-0.244893
553.000000,175.841995,-0.225400,-0.256719
554.000000,175.841995,-0.214126,-0.237147
555.000000,175.841995,-0.202198,-0.217730
556.000000,175.841995,-0.189654,-0.224980
557.000000,175.841995,-0.176530,-0.208553
558.000000,175.841995,-0.162869,-0.193712
559.000000,175.841995,-0.148710,-0.192808
560.000000,175.841995,-0.134097,-0.181817
561.000000,175.841995,-0.119076,-0.164687
562.000000,175.841995,-0.103691,-0.166788
563.000000,175.841995,-0.087989,-0.144787
564.000000,175.841995,-0.072020,-0.137074
565.000000,175.841995,-0.055830,-0.127041
566.000000,175.841995,-0.039470,-0.107903
567.000000,175.841995,-0.022990,-0.100448
0.000000,183.643997,0.008106,-0.077709
1.000000,183.643997,0.025384,-0.060996
2.000000,183.643997,0.042578,-0.035288
3.000000,183.643997,0.059630,-0.032097
4.000000,183.643997,0.076485,-0.014958
5.000000,183.643997,0.093083,0.003034
6.000000,183.643997,0.109372,0.010081
7.000000,183.643997,0.125299,0.032509
8.000000,183.643997,0.140808,0.039520
9.000000,183.643997,0.155847,0.073986
10.000000,183.643997,0.170369,0.079685
11.000000,183.643997,0.184325,0.080003
12.000000,183.643997,0.197664,0.098011
13.000000,183.643997,0.210348,0.123142
14.000000,183.643997,0.222335,0.127330
15.000000,183.643997,0.233575,0.141041
16.000000,183.643997,0.244041,0.161601
17.000000,183.643997,0.253698,0.161501
18.000000,183.643997,0.262507,0.179499
19.000000,183.643997,0.270442,0.196487
20.000000,183.643997,0.277480,0.196387
21.000000,183.643997,0.283596,0.208381
22.000000,183.643997,0.288762,0.221516
23.000000,183.643997,0.292971,0.225412
24.000000,183.643997,0.296209,0.235971
25.000000,183.643997,0.298454,0.244848
26.000000,183.643997,0.299708,0.246567
27.000000,183.643997,0.299968,0.247399
28.000000,183.643997,0.299227,0.250726
29.000000,183.643997,0.297489,0.259721
30.000000,183.643997,0.294764,0.275274
31.000000,183.643997,0.291060,0.262733
32.000000,183.643997,0.286381,0.265006
33.000000,183.643997,0.280753,0.272982
34.000000,183.643997,0.274194,0.261875
35.000000,183.643997,0.266716,0.263002
36.000000,183.643997,0.258352,0.267263
37.000000,183.643997,0.249132,0.253867
38.000000,183.643997,0.239081,0.254278
39.000000,183.643997,0.228232,0.246680
40.000000,183.643997,0.216626,0.230703
41.000000,183.643997,0.204302,0.234971
42.000000,183.643997,0.191292,0.225687
43.000000,183.643997,0.177648,0.210681
44.000000,183.643997,0.163416,0.213802
45.000000,183.643997,0.148636,0.188382
46.000000,183.643997,0.133362,0.182365
47.000000,183.643997,0.117646,0.177617
48.000000,183.643997,0.101538,0.154924
49.000000,183.643997,0.085091,0.143185
50.000000,183.643997,0.068362,0.144583
51.000000,183.643997,0.051406,0.115747
52.000000,183.643997,0.034277,0.105436
53.000000,183.643997,0.017035,0.101404
54.000000,183.643997,-0.000263,0.074138
55.000000,183.643997,-0.017561,0.057681
56.000000,183.643997,-0.034800,0.053655
57.000000,183.643997,-0.051924,0.030670
58.000000,183.643997,-0.068875,0.024501
59.000000,183.643997,-0.085596,0.003203
60.000000,183.643997,-0.102033,-0.010369
61.000000,183.643997,-0.118132,-0.017545
62.000000,183.643997,-0.133834,-0.045821
63.000000,183.643997,-0.149092,-0.057988
64.000000,183.643997,-0.163857,-0.063594
65.000000,183.643997,-0.178073,-0.090005
66.000000,183.643997,-0.191697,-0.094024
67.000000,183.643997,-0.204685,-0.105922
68.000000,183.643997,-0.216992,-0.125749
69.000000,183.643997,-0.228573,-0.139493
70.000000,183.643997,-0.239397,-0.142809
71.000000,183.643997,-0.249427,-0.165930
72.000000,183.643997,-0.258620,-0.171238
73.000000,183.643997,-0.266955,-0.183835
74.000000,183.643997,-0.274406,-0.198245
75.000000,183.643997,-0.280939,-0.204557
76.000000,183.643997,-0.286537,-0.225421
77.000000,183.643997,-0.291185,-0.229705
78.000000,183.643997,-0.294864,-0.227730
79.000000,183.643997,-0.297556,-0.253147
80.000000,183.643997,-0.299263,-0.250301
81.000000,183.643997,-0.299978,-0.241895
82.000000,183.643997,-0.299685,-0.259439
83.000000,183.643997,-0.298399,-0.261168
84.000000,183.643997,-0.296124,-0.256625
85.000000,183.643997,-0.292859,-0.272308
86.000000,183.643997,-0.288618,-0.269465
87.000000,183.643997,-0.283421,-0.260055
88.000000,183.643997,-0.277281,-0.272023
89.000000,183.643997,-0.270214,-0.267894
90.000000,183.643997,-0.262250,-0.270330
91.000000,183.643997,-0.253418,-0.261158
92.000000,183.643997,-0.243735,-0.246454
93.000000,183.643997,-0.233244,-0.253581
94.000000,183.643997,-0.221979,-0.245148
95.000000,183.643997,-0.209973,-0.229165
96.000000,183.643997,-0.197267,-0.235129
97.000000,183.643997,-0.183908,-0.222419
98.000000,183.643997,-0.169937,-0.201859
99.000000,183.643997,-0.155397,-0.201817
100.000000,183.643997,-0.140342,-0.190107
101.000000,183.643997,-0.124821,-0.168690
102.000000,183.643997,-0.108882,-0.164641
103.000000,183.643997,-0.092582,-0.154794
104.000000,183.643997,-0.075975,-0.136232
105.000000,183.643997,-0.059114,-0.133188
106.000000,183.643997,-0.042056,-0.113761
107.000000,183.643997,-0.024859,-0.104898
108.000000,183.643997,-0.007579,-0.093298
109.000000,183.643997,0.009726,-0.071016
110.000000,183.643997,0.026999,-0.065413
111.000000,183.643997,0.044183,-0.048263
112.000000,183.643997,0.061218,-0.021269
113.000000,183.643997,0.078050,-0.020657
114.000000,183.643997,0.094624,0.003206
115.000000,183.643997,0.110882,0.027056
116.000000,183.643997,0.126769,0.028099
117.000000,183.643997,0.142237,0.045382
118.000000,183.643997,0.157232,0.064228
119.000000,183.643997,0.171700,0.070705
120.000000,183.643997,0.185599,0.091994
121.000000,183.643997,0.198883,0.107129
122.000000,183.643997,0.211501,0.118176
123.000000,183.643997,0.223416,0.131310
124.000000,183.643997,0.234590,0.143185
125.000000,183.643997,0.244983,0.157495
126.000000,183.643997,0.254557,0.169907
127.000000,183.643997,0.263287,0.173939
128.000000,183.643997,0.271144,0.190801
129.000000,183.643997,0.278091,0.210217
130.000000,183.643997,0.284117,0.207828
131.000000,183.643997,0.289201,0.219680
132.000000,183.643997,0.293316,0.235663
133.000000,183.643997,0.296457,0.234136
134.000000,183.643997,0.298615,0.244129
135.000000,183.643997,0.299777,0.256826
136.000000,183.643997,0.299938,0.254009
137.000000,183.643997,0.299105,0.262428
138.000000,183.643997,0.297280,0.264271
139.000000,183.643997,0.294458,0.261587
140.000000,183.643997,0.290659,0.272716
141.000000,183.643997,0.285897,0.255861
142.000000,183.643997,0.280178,0.265155
143.000000,183.643997,0.273528,0.274996
144.000000,183.643997,0.265970,0.259019
145.000000,183.643997,0.257527,0.263151
146.000000,183.643997,0.248223,0.266408
147.000000,183.643997,0.238096,0.247863
148.000000,183.643997,0.227180,0.244844
149.000000,183.643997,0.215501,0.245958
150.000000,183.643997,0.203108,0.226416
151.000000,183.643997,0.190042,0.221966
152.000000,183.643997,0.176340,0.221509
153.000000,183.643997,0.162051,0.184383
154.000000,183.643997,0.147226,0.185648
155.000000,183.643997,0.131909,0.189340
156.000000,183.643997,0.116152,0.172365
157.000000,183.643997,0.100010,0.160623
158.000000,183.643997,0.083536,0.140027
159.000000,183.643997,0.066782,0.134616
160.000000,183.643997,0.049807,0.129875
161.000000,183.643997,0.032666,0.103875
162.000000,183.643997,0.015416,0.094720
163.000000,183.643997,-0.001885,0.085112
164.000000,183.643997,-0.019179,0.061988
165.000000,183.643997,-0.036411,0.049964
166.000000,183.643997,-0.053520,0.043069
167.000000,183.643997,-0.070452,0.010943
168.000000,183.643997,-0.087150,0.003206
169.000000,183.643997,-0.103556,-0.013698
170.000000,183.643997,-0.119618,-0.027522
171.000000,183.643997,-0.135284,-0.037117
172.000000,183.643997,-0.150498,-0.046441
173.000000,183.643997,-0.165211,-0.072421
174.000000,183.643997,-0.179375,-0.084591
175.000000,183.643997,-0.192944,-0.093619
176.000000,183.643997,-0.205866,-0.119318
177.000000,183.643997,-0.218106,-0.125772
178.000000,183.643997,-0.229624,-0.141351
179.000000,183.643997,-0.240371,-0.153353
180.000000,183.643997,-0.250320,-0.158952
181.000000,183.643997,-0.259440,-0.181082
182.000000,183.643997,-0.267693,-0.192963
183.000000,183.643997,-0.275054,-0.188275
184.000000,183.643997,-0.281503,-0.209533
185.000000,183.643997,-0.287017,-0.218416
186.000000,183.643997,-0.291569,-0.209868
187.000000,183.643997,-0.295155,-0.237707
188.000000,183.643997,-0.297763,-0.242726
189.000000,183.643997,-0.299372,-0.240182
190.000000,183.643997,-0.299988,-0.257295
191.000000,183.643997,-0.299609,-0.258170
192.000000,183.643997,-0.298230,-0.255191
193.000000,183.643997,-0.295856,-0.262017
194.000000,183.643997,-0.292502,-0.267325
195.000000,183.643997,-0.288176,-0.271758
196.000000,183.643997,-0.282884,-0.274455
197.000000,183.643997,-0.276655,-0.264326
198.000000,183.643997,-0.269509,-0.269879
199.000000,183.643997,-0.261460,-0.265453
200.000000,183.643997,-0.252542,-0.249896
201.000000,183.643997,-0.242787,-0.256580
202.000000,183.643997,-0.232223,-0.250158
203.000000,183.643997,-0.220883,-0.233174
204.000000,183.643997,-0.208811,-0.237419
205.000000,183.643997,-0.196046,-0.229142
206.000000,183.643997,-0.182623,-0.215444
207.000000,183.643997,-0.168596,-0.214540
208.000000,183.643997,-0.154009,-0.194252
209.000000,183.643997,-0.138907,-0.178842
210.000000,183.643997,-0.123343,-0.182228
211.000000,183.643997,-0.107370,-0.164373
212.000000,183.643997,-0.091040,-0.142809
213.000000,183.643997,-0.074405,-0.143051
214.000000,183.643997,-0.057523,-0.126627
215.000000,183.643997,-0.040451,-0.109199
216.000000,183.643997,-0.023243,-0.102019
217.000000,183.643997,-0.005958,-0.081877
218.000000,183.643997,0.011347,-0.078295
219.000000,183.643997,0.028614,-0.058839
220.000000,183.643997,0.045785,-0.036560
221.000000,183.643997,0.062805,-0.030809
222.000000,183.643997,0.079616,-0.015236
223.000000,183.643997,0.096160,0.004896
224.000000,183.643997,0.112386,0.014087
225.000000,183.643997,0.128239,0.030515
226.000000,183.643997,0.143662,0.058794
227.000000,183.643997,0.158608,0.058555
228.000000,183.643997,0.173029,0.078555
229.000000,183.643997,0.186871,0.099830
230.000000,183.643997,0.200091,0.104167
231.000000,183.643997,0.212648,0.120449
232.000000,183.643997,0.224497,0.141011
233.000000,183.643997,0.235596,0.141197
234.000000,183.643997,0.245913,0.156908
235.000000,183.643997,0.255416,0.165765
236.000000,183.643997,0.264060,0.178942
237.000000,183.643997,0.271830,0.211658
238.000000,183.643997,0.278698,0.199246
239.000000,183.643997,0.284635,0.209249
240.000000,183.643997,0.289624,0.227377
241.000000,183.643997,0.293652,0.224129
242.000000,183.643997,0.296704,0.234696
243.000000,183.643997,0.298764,0.252538
244.000000,183.643997,0.299832,0.249579
245.000000,183.643997,0.299908,0.250278
246.000000,183.643997,0.298976,0.262687
247.000000,183.643997,0.297053,0.262591
248.000000,183.643997,0.294146,0.269579
249.000000,183.643997,0.290255,0.275841
250.000000,183.643997,0.285398,0.264446
251.000000,183.643997,0.279595,0.271722
252.000000,183.643997,0.272861,0.268562
253.000000,183.643997,0.265215,0.262730
254.000000,183.643997,0.256689,0.262137
255.000000,183.643997,0.247313,0.253714
256.000000,183.643997,0.237107,0.246713
257.000000,183.643997,0.226114,0.246399
258.000000,183.643997,0.214372,0.230991
259.000000,183.643997,0.201914,0.232552
260.000000,183.643997,0.188782,0.232522
261.000000,183.643997,0.175026,0.210114
262.000000,183.643997,0.160687,0.206953
263.000000,183.643997,0.145810,0.201205
264.000000,183.643997,0.130450,0.177945
265.000000,183.643997,0.114657,0.168350
266.000000,183.643997,0.098480,0.167462
267.000000,183.643997,0.081977,0.141200
268.000000,183.643997,0.065201,0.129743
269.000000,183.643997,0.048208,0.119564
270.000000,183.643997,0.031054,0.101447
271.000000,183.643997,0.013797,0.089277
272.000000,183.643997,-0.003506,0.077968
273.000000,183.643997,-0.020797,0.063555
274.000000,183.643997,-0.038019,0.051236
275.000000,183.643997,-0.055115,0.033387
276.000000,183.643997,-0.072027,-0.061424
277.000000,183.643997,-0.088699,0.010761
278.000000,183.643997,-0.105077,-0.001207
279.000000,183.643997,-0.121104,-0.010233
280.000000,183.643997,-0.136728,-0.020557
281.000000,183.643997,-0.151898,-0.055546
282.000000,183.643997,-0.166564,-0.068286
283.000000,183.643997,-0.180672,-0.073034
284.000000,183.643997,-0.194180,-0.098156
285.000000,183.643997,-0.207045,-0.112900
286.000000,183.643997,-0.219217,-0.124079
287.000000,183.643997,-0.230660,-0.141908
288.000000,183.643997,-0.241338,-0.151218
289.000000,183.643997,-0.251213,-0.161387
290.000000,183.643997,-0.260248,-0.179515
291.000000,183.643997,-0.268420,-0.184826
292.000000,183.643997,-0.275702,-0.199829
293.000000,183.643997,-0.282059,-0.211117
294.000000,183.643997,-0.287481,-0.214003
295.000000,183.643997,-0.291950,-0.228125
296.000000,183.643997,-0.295442,-0.237432
297.000000,183.643997,-0.297951,-0.235742
298.000000,183.643997,-0.299473,-0.252004
299.000000,183.643997,-0.299997,-0.247587
300.000000,183.643997,-0.299519,-0.247474
301.000000,183.643997,-0.298048,-0.265443
302.000000,183.643997,-0.295589,-0.265032
303.000000,183.643997,-0.292137,-0.258912
304.000000,183.643997,-0.287717,-0.280455
305.000000,183.643997,-0.282344,-0.271039
306.000000,183.643997,-0.276026,-0.258908
307.000000,183.643997,-0.268789,-0.265446
308.000000,183.643997,-0.260662,-0.251169
309.000000,183.643997,-0.251666,-0.262033
310.000000,183.643997,-0.241830,-0.265303
311.000000,183.643997,-0.231191,-0.247885
312.000000,183.643997,-0.219787,-0.245284
313.000000,183.643997,-0.207644,-0.234854
314.000000,183.643997,-0.194813,-0.216869
315.000000,183.643997,-0.181336,-0.223691
316.000000,183.643997,-0.167253,-0.206263
317.000000,183.643997,-0.152614,-0.188421
318.000000,183.643997,-0.137468,-0.195236
319.000000,183.643997,-0.121865,-0.173521
320.000000,183.643997,-0.105854,-0.152534
321.000000,183.643997,-0.089493,-0.161066
322.000000,183.643997,-0.072834,-0.137491
323.000000,183.643997,-0.055931,-0.117502
324.000000,183.643997,-0.038843,-0.115027
325.000000,183.643997,-0.021626,-0.089451
326.000000,183.643997,-0.004337,-0.078322
327.000000,183.643997,0.012966,-0.073276
328.000000,183.643997,0.030227,-0.052849
329.000000,183.643997,0.047387,-0.044135
330.000000,183.643997,0.064389,-0.030242
331.000000,183.643997,0.081177,-0.005816
332.000000,183.643997,0.097696,-0.000929
333.000000,183.643997,0.113887,0.013507
334.000000,183.643997,0.129701,0.042218
335.000000,183.643997,0.145084,0.044258
336.000000,183.643997,0.159983,0.059115
337.000000,183.643997,0.174349,0.088680
338.000000,183.643997,0.188137,0.093014
339.000000,183.643997,0.201299,0.108299
340.000000,183.643997,0.213788,0.132145
341.000000,183.643997,0.225567,0.131760
342.000000,183.643997,0.236599,0.143897
343.000000,183.643997,0.246838,0.166888
344.000000,183.643997,0.256258,0.168078
345.000000,183.643997,0.264827,0.177355
346.000000,183.643997,0.272514,0.194634
347.000000,183.643997,0.279291,0.199104
348.000000,183.643997,0.285142,0.215813
349.000000,183.643997,0.290046,0.223821
350.000000,183.643997,0.293979,0.231415
351.000000,183.643997,0.296936,0.242399
352.000000,183.643997,0.298910,0.238566
353.000000,183.643997,0.299882,0.247568
354.000000,183.643997,0.299858,0.260692
355.000000,183.643997,0.298840,0.257014
356.000000,183.643997,0.296825,0.266295
357.000000,183.643997,0.293820,0.278273
358.000000,183.643997,0.289840,0.256299
359.000000,183.643997,0.284899,0.269009
360.000000,183.643997,0.279002,0.279847
361.000000,183.643997,0.272180,0.263591
362.000000,183.643997,0.264457,0.267292
363.000000,183.643997,0.255847,0.271265
364.000000,183.643997,0.246387,0.251865
365.000000,183.643997,0.236111,0.248989
366.000000,183.643997,0.225048,0.247678
367.000000,183.643997,0.213232,0.233278
368.000000,183.643997,0.200711,0.231687
369.000000,183.643997,0.187523,0.209087
370.000000,183.643997,0.173706,0.205393
371.000000,183.643997,0.159313,0.203941
372.000000,183.643997,0.144393,0.187090
373.000000,183.643997,0.128989,0.181510
374.000000,183.643997,0.113156,0.177478
375.000000,183.643997,0.096948,0.153638
376.000000,183.643997,0.080417,0.145189
377.000000,183.643997,0.063617,0.141154
378.000000,183.643997,0.046607,0.115604
379.000000,183.643997,0.029441,0.104578
380.000000,183.643997,0.012177,0.098402
381.000000,183.643997,-0.005127,0.070281
382.000000,183.643997,-0.022414,0.060971
383.000000,183.643997,-0.039627,0.055077
384.000000,183.643997,-0.056707,0.026098
385.000000,183.643997,-0.073600,0.016930
386.000000,183.643997,-0.090247,0.007322
387.000000,183.643997,-0.106593,-0.017512
388.000000,183.643997,-0.122585,-0.027253
389.000000,183.643997,-0.138171,-0.035139
390.000000,183.643997,-0.153294,-0.063554
391.000000,183.643997,-0.167908,-0.073153
392.000000,183.643997,-0.181965,-0.088166
393.000000,183.643997,-0.195414,-0.105021
394.000000,183.643997,-0.208213,-0.112482
395.000000,183.643997,-0.220321,-0.129324
396.000000,183.643997,-0.231696,-0.141487
397.000000,183.643997,-0.242296,-0.145519
398.000000,183.643997,-0.252093,-0.171360
399.000000,183.643997,-0.261055,-0.178093
400.000000,183.643997,-0.269140,-0.179412
401.000000,183.643997,-0.276332,-0.202960
402.000000,183.643997,-0.282609,-0.211697
403.000000,183.643997,-0.287942,-0.210299
404.000000,183.643997,-0.292315,-0.234132
405.000000,183.643997,-0.295719,-0.236865
406.000000,183.643997,-0.298140,-0.234890
407.000000,183.643997,-0.299563,-0.250718
408.000000,183.643997,-0.299993,-0.251450
409.000000,183.643997,-0.299428,-0.258047
410.000000,183.643997,-0.297859,-0.270307
411.000000,183.643997,-0.295302,-0.263895
412.000000,183.643997,-0.291766,-0.270751
413.000000,183.643997,-0.287256,-0.276029
414.000000,183.643997,-0.281788,-0.261901
415.000000,183.643997,-0.275386,-0.269733
416.000000,183.643997,-0.268069,-0.262311
417.000000,183.643997,-0.259854,-0.254333
418.000000,183.643997,-0.250778,-0.261440
419.000000,183.643997,-0.240870,-0.254306
420.000000,183.643997,-0.230155,-0.240182
421.000000,183.643997,-0.218676,-0.242995
422.000000,183.643997,-0.206472,-0.232147
423.000000,183.643997,-0.193579,-0.215302
424.000000,183.643997,-0.180040,-0.219835
425.000000,183.643997,-0.165905,-0.204553
426.000000,183.643997,-0.151218,-0.196843
427.000000,183.643997,-0.136024,-0.190667
428.000000,183.643997,-0.120380,-0.171387
429.000000,183.643997,-0.104337,-0.165936
430.000000,183.643997,-0.087944,-0.151924
431.000000,183.643997,-0.071259,-0.133078
432.000000,183.643997,-0.054338,-0.129036
433.000000,183.643997,-0.037236,-0.110607
434.000000,183.643997,-0.020009,-0.093765
435.000000,183.643997,-0.002716,-0.086287
436.000000,183.643997,0.014586,-0.069001
437.000000,183.643997,0.031840,-0.044439
438.000000,183.643997,0.048987,-0.044821
439.000000,183.643997,0.065972,-0.021819
440.000000,183.643997,0.082737,-0.003115
441.000000,183.643997,0.099226,0.001228
442.000000,183.643997,0.115386,0.023219
443.000000,183.643997,0.131162,0.032503
444.000000,183.643997,0.146500,0.048682
445.000000,183.643997,0.161352,0.070394
446.000000,183.643997,0.175669,0.074993
447.000000,183.643997,0.189396,0.093289
448.000000,183.643997,0.202496,0.114279
449.000000,183.643997,0.214924,0.115893
450.000000,183.643997,0.226634,0.135607
451.000000,183.643997,0.237589,0.154881
452.000000,183.643997,0.247757,0.157641
453.000000,183.643997,0.257100,0.172783
454.000000,183.643997,0.265583,0.192626
455.000000,183.643997,0.273186,0.192958
456.000000,183.643997,0.279884,0.205807
457.000000,183.643997,0.285641,0.221940
458.000000,183.643997,0.290452,0.219835
459.000000,183.643997,0.294300,0.230541
460.000000,183.643997,0.297164,0.232973
461.000000,183.643997,0.299039,0.242138
462.000000,183.643997,0.299923,0.259128
463.000000,183.643997,0.299808,0.251292
464.000000,183.643997,0.298691,0.261149
465.000000,183.643997,0.296584,0.273273
466.000000,183.643997,0.293493,0.260305
467.000000,183.643997,0.289418,0.268581
468.000000,183.643997,0.284382,0.277272
469.000000,183.643997,0.278405,0.262160
470.000000,183.643997,0.271496,0.266007
471.000000,183.643997,0.263684,0.269837
472.000000,183.643997,0.254997,0.252008
473.000000,183.643997,0.245462,0.256710
474.000000,183.643997,0.235106,0.257399
475.000000,183.643997,0.223970,0.236849
476.000000,183.643997,0.212093,0.244126
477.000000,183.643997,0.199503,0.228689
478.000000,183.643997,0.186251,0.215541
479.000000,183.643997,0.172383,0.214087
480.000000,183.643997,0.157938,0.194389
481.000000,183.643997,0.142967,0.187229
482.000000,183.643997,0.127523,0.184910
483.000000,183.643997,0.111654,0.158930
484.000000,183.643997,0.095411,0.154195
485.000000,183.643997,0.078853,0.143728
486.000000,183.643997,0.062033,0.123752
487.000000,183.643997,0.045004,0.118447
488.000000,183.643997,0.027827,0.113842
489.000000,183.643997,0.010557,0.091725
490.000000,183.643997,-0.006748,0.076265
491.000000,183.643997,-0.024030,0.062800
492.000000,183.643997,-0.041233,0.041107
493.000000,183.643997,-0.058299,0.032509
494.000000,183.643997,-0.075170,0.009922
495.000000,183.643997,-0.091791,-0.004077
496.000000,183.643997,-0.108108,-0.008964
497.000000,183.643997,-0.124063,-0.035388
498.000000,183.643997,-0.139606,-0.051265
499.000000,183.643997,-0.154686,-0.051726
500.000000,183.643997,-0.169250,-0.076563
501.000000,183.643997,-0.183249,-0.091161
502.000000,183.643997,-0.196641,-0.097625
503.000000,183.643997,-0.209380,-0.120318
504.000000,183.643997,-0.221417,-0.130487
505.000000,183.643997,-0.232720,-0.135662
506.000000,183.643997,-0.243252,-0.158495
507.000000,183.643997,-0.252969,-0.166947
508.000000,183.643997,-0.261845,-0.173547
509.000000,183.643997,-0.269854,-0.194812
510.000000,183.643997,-0.276962,-0.200551
511.000000,183.643997,-0.283146,-0.215421
512.000000,183.643997,-0.288392,-0.221982
513.000000,183.643997,-0.292680,-0.222147
514.000000,183.643997,-0.295986,-0.241139
515.000000,183.643997,-0.298312,-0.242720
516.000000,183.643997,-0.299649,-0.245751
517.000000,183.643997,-0.299983,-0.257865
518.000000,183.643997,-0.299319,-0.263170
519.000000,183.643997,-0.297663,-0.254479
520.000000,183.643997,-0.295015,-0.267732
521.000000,183.643997,-0.291382,-0.267606
522.000000,183.643997,-0.286783,-0.261486
523.000000,183.643997,-0.281232,-0.269164
524.000000,183.643997,-0.274738,-0.266321
525.000000,183.643997,-0.267334,-0.262192
526.000000,183.643997,-0.259043,-0.266732
527.000000,183.643997,-0.249885,-0.259319
528.000000,183.643997,-0.239896,-0.258452
529.000000,183.643997,-0.229112,-0.242289
530.000000,183.643997,-0.217565,-0.237309
531.000000,183.643997,-0.205291,-0.239420
532.000000,183.643997,-0.192336,-0.225421
533.000000,183.643997,-0.178744,-0.209864
534.000000,183.643997,-0.164551,-0.211969
535.000000,183.643997,-0.149813,-0.196399
536.000000,183.643997,-0.134579,-0.177841
537.000000,183.643997,-0.118894,-0.173219
538.000000,183.643997,-0.102814,-0.161371
539.000000,183.643997,-0.086393,-0.142667
540.000000,183.643997,-0.069684,-0.140192
541.000000,183.643997,-0.052742,-0.123768
542.000000,183.643997,-0.035626,-0.108910
543.000000,183.643997,-0.018391,-0.097728
0.000000,191.792999,0.010931,-0.074018
1.000000,191.792999,0.028964,-0.068130
2.000000,191.792999,0.046891,-0.050407
3.000000,191.792999,0.064649,-0.024984
4.000000,191.792999,0.082172,-0.020226
5.000000,191.792999,0.099397,-0.000081
6.000000,191.792999,0.116261,0.026340
7.000000,191.792999,0.132703,0.026814
8.000000,191.792999,0.148664,0.047959
9.000000,191.792999,0.164085,0.071663
10.000000,191.792999,0.178912,0.077286
11.000000,191.792999,0.193089,0.096284
12.000000,191.792999,0.206563,0.115701
13.000000,191.792999,0.219288,0.119322
14.000000,191.792999,0.231217,0.137178
15.000000,191.792999,0.242307,0.158314
16.000000,191.792999,0.252518,0.165364
17.000000,191.792999,0.261812,0.176209
18.000000,191.792999,0.270157,0.187352
19.000000,191.792999,0.277522,0.193955
20.000000,191.792999,0.283879,0.209233
21.000000,191.792999,0.289207,0.211966
22.000000,191.792999,0.293485,0.222403
23.000000,191.792999,0.296695,0.246969
24.000000,191.792999,0.298829,0.237426
25.000000,191.792999,0.299878,0.247137
26.000000,191.792999,0.299839,0.258973
27.000000,191.792999,0.298712,0.252011
28.000000,191.792999,0.296502,0.261004
29.000000,191.792999,0.293215,0.268837
30.000000,191.792999,0.288865,0.262591
31.000000,191.792999,0.283467,0.267150
32.000000,191.792999,0.277040,0.269264
33.000000,191.792999,0.269608,0.259874
34.000000,191.792999,0.261194,0.265003
35.000000,191.792999,0.251833,0.263545
36.000000,191.792999,0.241558,0.249433
37.000000,191.792999,0.230407,0.246127
38.000000,191.792999,0.218420,0.238394
39.000000,191.792999,0.205640,0.228129
40.000000,191.792999,0.192114,0.223961
41.000000,191.792999,0.177891,0.215969
42.000000,191.792999,0.163023,0.200101
43.000000,191.792999,0.147563,0.203362
44.000000,191.792999,0.131567,0.180804
45.000000,191.792999,0.115093,0.169638
46.000000,191.792999,0.098201,0.163032
47.000000,191.792999,0.080953,0.144487
48.000000,191.792999,0.063411,0.130031
49.000000,191.792999,0.045639,0.126711
50.000000,191.792999,0.027702,0.101450
51.000000,191.792999,0.009664,0.094286
52.000000,191.792999,-0.008409,0.082958
53.000000,191.792999,-0.026452,0.055123
54.000000,191.792999,-0.044399,0.044238
55.000000,191.792999,-0.062185,-0.106197
56.000000,191.792999,-0.079744,0.008080
57.000000,191.792999,-0.097014,0.028364
58.000000,191.792999,-0.113932,0.010333
59.000000,191.792999,-0.130436,-0.017946
60.000000,191.792999,-0.146467,-0.029977
61.000000,191.792999,-0.161967,-0.060278
62.000000,191.792999,-0.176879,-0.072709
63.000000,191.792999,-0.191149,-0.085177
64.000000,191.792999,-0.204726,-0.113596
65.000000,191.792999,-0.217560,-0.120043
66.000000,191.792999,-0.229605,-0.127651
67.000000,191.792999,-0.240814,-0.152488
68.000000,191.792999,-0.251149,-0.156795
69.000000,191.792999,-0.260573,-0.164972
70.000000,191.792999,-0.269051,-0.189663
71.000000,191.792999,-0.276553,-0.196830
72.000000,191.792999,-0.283052,-0.206008
73.000000,191.792999,-0.288523,-0.223552
74.000000,191.792999,-0.292948,-0.226001
75.000000,191.792999,-0.296310,-0.232302
76.000000,191.792999,-0.298597,-0.246858
77.000000,191.792999,-0.299800,-0.245165
78.000000,191.792999,-0.299914,-0.262023
79.000000,191.792999,-0.298937,-0.264021
80.000000,191.792999,-0.296876,-0.254469
81.000000,191.792999,-0.293738,-0.267586
82.000000,191.792999,-0.289534,-0.268030
83.000000,191.792999,-0.284280,-0.258908
84.000000,191.792999,-0.277995,-0.269448
85.000000,191.792999,-0.270700,-0.265890
86.000000,191.792999,-0.262424,-0.255052
87.000000,191.792999,-0.253195,-0.266443
88.000000,191.792999,-0.243048,-0.255307
89.000000,191.792999,-0.232017,-0.241324
90.000000,191.792999,-0.220142,-0.247428
91.000000,191.792999,-0.207470,-0.235149
92.000000,191.792999,-0.194044,-0.219589
93.000000,191.792999,-0.179915,-0.219835
94.000000,191.792999,-0.165133,-0.203695
95.000000,191.792999,-0.149751,-0.200693
96.000000,191.792999,-0.133827,-0.189667
97.000000,191.792999,-0.117416,-0.170105
98.000000,191.792999,-0.100580,-0.170217
99.000000,191.792999,-0.083379,-0.152782
100.000000,191.792999,-0.065874,-0.130364
101.000000,191.792999,-0.048130,-0.127750
102.000000,191.792999,-0.030211,-0.108463
103.000000,191.792999,-0.012183,-0.085329
104.000000,191.792999,0.005889,-0.085002
105.000000,191.792999,0.023939,-0.061997
106.000000,191.792999,0.041903,-0.038005
107.000000,191.792999,0.059715,-0.042246
108.000000,191.792999,0.077310,-0.022247
109.000000,191.792999,0.094625,0.007037
110.000000,191.792999,0.111596,0.011367
111.000000,191.792999,0.128163,0.025936
112.000000,191.792999,0.144263,0.045229
113.000000,191.792999,0.159840,0.057121
114.000000,191.792999,0.174836,0.081404
115.000000,191.792999,0.189198,0.084714
116.000000,191.792999,0.202874,0.108875
117.000000,191.792999,0.215814,0.127291
118.000000,191.792999,0.227970,0.128188
119.000000,191.792999,0.239300,0.144331
120.000000,191.792999,0.249761,0.162174
121.000000,191.792999,0.259316,0.167077
122.000000,191.792999,0.267930,0.182219
123.000000,191.792999,0.275569,0.203064
124.000000,191.792999,0.282208,0.206396
125.000000,191.792999,0.287823,0.214100
126.000000,191.792999,0.292394,0.226088
127.000000,191.792999,0.295903,0.228271
128.000000,191.792999,0.298340,0.244838
129.000000,191.792999,0.299693,0.244556
130.000000,191.792999,0.299960,0.252290
131.000000,191.792999,0.299138,0.262130
132.000000,191.792999,0.297231,0.259589
133.000000,191.792999,0.294245,0.264297
134.000000,191.792999,0.290188,0.275274
135.000000,191.792999,0.285078,0.253727
136.000000,191.792999,0.278934,0.269439
137.000000,191.792999,0.271777,0.272985
138.000000,191.792999,0.263635,0.260586
139.000000,191.792999,0.254537,0.260570
140.000000,191.792999,0.244514,0.261972
141.000000,191.792999,0.233605,0.248718
142.000000,191.792999,0.221848,0.243698
143.000000,191.792999,0.209286,0.241247
144.000000,191.792999,0.195964,0.223695
145.000000,191.792999,0.181929,0.219100
146.000000,191.792999,0.167234,0.202238
147.000000,191.792999,0.151932,0.197527
148.000000,191.792999,0.136079,0.196642
149.000000,191.792999,0.119733,0.168224
150.000000,191.792999,0.102952,0.163065
151.000000,191.792999,0.085797,0.154453
152.000000,191.792999,0.068332,0.130044
153.000000,191.792999,0.050618,0.121022
154.000000,191.792999,0.032720,0.117990
155.000000,191.792999,0.014703,0.091583
156.000000,191.792999,-0.003367,0.082415
157.000000,191.792999,-0.021424,0.076524
158.000000,191.792999,-0.039404,0.043539
159.000000,191.792999,-0.057241,0.035230
160.000000,191.792999,-0.074870,0.018338
161.000000,191.792999,-0.092227,-0.010223
162.000000,191.792999,-0.109250,-0.010816
163.000000,191.792999,-0.125876,-0.031541
164.000000,191.792999,-0.142046,-0.034811
165.000000,191.792999,-0.157701,-0.052431
166.000000,191.792999,-0.172783,-0.080568
167.000000,191.792999,-0.187237,-0.087159
168.000000,191.792999,-0.201011,-0.095909
169.000000,191.792999,-0.214055,-0.123320
170.000000,191.792999,-0.226323,-0.135344
171.000000,191.792999,-0.237769,-0.140665
172.000000,191.792999,-0.248353,-0.164356
173.000000,191.792999,-0.258036,-0.172666
174.000000,191.792999,-0.266782,-0.171264
175.000000,191.792999,-0.274561,-0.194812
176.000000,191.792999,-0.281344,-0.205123
177.000000,191.792999,-0.287106,-0.214719
178.000000,191.792999,-0.291823,-0.227985
179.000000,191.792999,-0.295481,-0.229722
180.000000,191.792999,-0.298066,-0.245009
181.000000,191.792999,-0.299570,-0.250009
182.000000,191.792999,-0.299987,-0.245890
183.000000,191.792999,-0.299316,-0.259866
184.000000,191.792999,-0.297558,-0.258736
185.000000,191.792999,-0.294722,-0.257908
186.000000,191.792999,-0.290815,-0.269733
187.000000,191.792999,-0.285854,-0.275041
188.000000,191.792999,-0.279855,-0.258769
189.000000,191.792999,-0.272839,-0.268875
190.000000,191.792999,-0.264831,-0.260171
191.000000,191.792999,-0.255863,-0.253763
192.000000,191.792999,-0.245967,-0.261443
193.000000,191.792999,-0.235178,-0.250022
194.000000,191.792999,-0.223535,-0.242875
195.000000,191.792999,-0.211082,-0.237852
196.000000,191.792999,-0.197863,-0.223721
197.000000,191.792999,-0.183926,-0.224553
198.000000,191.792999,-0.169322,-0.212264
199.000000,191.792999,-0.154103,-0.192705
200.000000,191.792999,-0.138323,-0.199096
201.000000,191.792999,-0.122041,-0.175664
202.000000,191.792999,-0.105317,-0.158107
203.000000,191.792999,-0.088210,-0.154204
204.000000,191.792999,-0.070784,-0.143210
205.000000,191.792999,-0.053101,-0.115358
206.000000,191.792999,-0.035225,-0.112456
207.000000,191.792999,-0.017221,-0.097314
208.000000,191.792999,0.000845,-0.079037
209.000000,191.792999,0.018909,-0.071848
210.000000,191.792999,0.036904,-0.052421
211.000000,191.792999,0.054764,-0.039837
212.000000,191.792999,0.072426,-0.025524
213.000000,191.792999,0.089825,-0.005673
214.000000,191.792999,0.106898,0.005220
215.000000,191.792999,0.123583,0.027947
216.000000,191.792999,0.139819,0.049076
217.000000,191.792999,0.155548,0.052836
218.000000,191.792999,0.170713,0.070265
219.000000,191.792999,0.185258,0.095685
220.000000,191.792999,0.199132,0.097301
221.000000,191.792999,0.212283,0.116015
222.000000,191.792999,0.224663,0.136005
223.000000,191.792999,0.236226,0.139338
224.000000,191.792999,0.246931,0.157194
225.000000,191.792999,0.256741,0.170758
226.000000,191.792999,0.265619,0.178800
227.000000,191.792999,0.273533,0.196795
228.000000,191.792999,0.280455,0.201526
229.000000,191.792999,0.286360,0.211681
230.000000,191.792999,0.291225,0.226668
231.000000,191.792999,0.295034,0.226276
232.000000,191.792999,0.297773,0.238844
233.000000,191.792999,0.299430,0.253254
234.000000,191.792999,0.299997,0.250580
235.000000,191.792999,0.299477,0.256140
236.000000,191.792999,0.297869,0.269121
237.000000,191.792999,0.295181,0.259158
238.000000,191.792999,0.291423,0.267577
239.000000,191.792999,0.286606,0.275699
240.000000,191.792999,0.280750,0.260159
241.000000,191.792999,0.273875,0.271295
242.000000,191.792999,0.266007,0.271557
243.000000,191.792999,0.257173,0.257869
244.000000,191.792999,0.247406,0.256706
245.000000,191.792999,0.236738,0.251839
246.000000,191.792999,0.225211,0.243569
247.000000,191.792999,0.212868,0.243403
248.000000,191.792999,0.199752,0.223980
249.000000,191.792999,0.185911,0.221260
250.000000,191.792999,0.171396,0.219229
251.000000,191.792999,0.156259,0.195389
252.000000,191.792999,0.140555,0.187799
253.000000,191.792999,0.124341,0.184621
254.000000,191.792999,0.107676,0.156643
255.000000,191.792999,0.090620,0.153337
256.000000,191.792999,0.073234,0.150590
257.000000,191.792999,0.055582,0.126041
258.000000,191.792999,0.037729,0.114587
259.000000,191.792999,0.019739,0.108266
260.000000,191.792999,0.001677,0.080715
261.000000,191.792999,-0.016390,0.068403
262.000000,191.792999,-0.034398,0.059941
263.000000,191.792999,-0.052282,0.038821
264.000000,191.792999,-0.069976,0.027506
265.000000,191.792999,-0.087416,0.007769
266.000000,191.792999,-0.104539,-0.010080
267.000000,191.792999,-0.121281,-0.019540
268.000000,191.792999,-0.137584,-0.046686
269.000000,191.792999,-0.153386,-0.063846
270.000000,191.792999,-0.168633,-0.065307
271.000000,191.792999,-0.183267,-0.088146
272.000000,191.792999,-0.197237,-0.100170
273.000000,191.792999,-0.210490,-0.105060
274.000000,191.792999,-0.222981,-0.131899
275.000000,191.792999,-0.234662,-0.137922
276.000000,191.792999,-0.245492,-0.146815
277.000000,191.792999,-0.255431,-0.172507
278.000000,191.792999,-0.264441,-0.179100
279.000000,191.792999,-0.272490,-0.184842
280.000000,191.792999,-0.279551,-0.200389
281.000000,191.792999,-0.285598,-0.209560
282.000000,191.792999,-0.290608,-0.220278
283.000000,191.792999,-0.294564,-0.235994
284.000000,191.792999,-0.297452,-0.235304
285.000000,191.792999,-0.299260,-0.250145
286.000000,191.792999,-0.299982,-0.252444
287.000000,191.792999,-0.299616,-0.250184
288.000000,191.792999,-0.298163,-0.263014
289.000000,191.792999,-0.295625,-0.263458
290.000000,191.792999,-0.292013,-0.258054
291.000000,191.792999,-0.287342,-0.273451
292.000000,191.792999,-0.281629,-0.264747
293.000000,191.792999,-0.274894,-0.254194
294.000000,191.792999,-0.267161,-0.264442
295.000000,191.792999,-0.258459,-0.262745
296.000000,191.792999,-0.248819,-0.258186
297.000000,191.792999,-0.238277,-0.256010
298.000000,191.792999,-0.226870,-0.239731
299.000000,191.792999,-0.214640,-0.245579
300.000000,191.792999,-0.201629,-0.233138
301.000000,191.792999,-0.187885,-0.217008
302.000000,191.792999,-0.173460,-0.217257
303.000000,191.792999,-0.158406,-0.204547
304.000000,191.792999,-0.142777,-0.181559
305.000000,191.792999,-0.126630,-0.185803
306.000000,191.792999,-0.110024,-0.172378
307.000000,191.792999,-0.093019,-0.147958
308.000000,191.792999,-0.075675,-0.157782
309.000000,191.792999,-0.058058,-0.130487
310.000000,191.792999,-0.040229,-0.107631
311.000000,191.792999,-0.022254,-0.101873
312.000000,191.792999,-0.004198,-0.084879
313.000000,191.792999,0.013872,-0.083295
314.000000,191.792999,0.031893,-0.057696
315.000000,191.792999,0.049797,-0.034559
316.000000,191.792999,0.067521,-0.030235
317.000000,191.792999,0.085000,-0.007085
318.000000,191.792999,0.102170,0.013902
319.000000,191.792999,0.118970,0.017665
320.000000,191.792999,0.135338,0.035664
321.000000,191.792999,0.151216,0.056365
322.000000,191.792999,0.166544,0.085731
323.000000,191.792999,0.181266,0.084558
324.000000,191.792999,0.195331,0.102543
325.000000,191.792999,0.208687,0.108593
326.000000,191.792999,0.221285,0.124879
327.000000,191.792999,0.233081,0.143586
328.000000,191.792999,0.244031,0.145199
329.000000,191.792999,0.254096,0.165484
330.000000,191.792999,0.263238,0.171776
331.000000,191.792999,0.271426,0.181513
332.000000,191.792999,0.278629,0.203226
333.000000,191.792999,0.284820,0.203965
334.000000,191.792999,0.289975,0.223689
335.000000,191.792999,0.294078,0.235382
336.000000,191.792999,0.297114,0.230137
337.000000,191.792999,0.299072,0.245275
338.000000,191.792999,0.299945,0.261975
339.000000,191.792999,0.299729,0.251007
340.000000,191.792999,0.298426,0.264860
341.000000,191.792999,0.296041,0.270122
342.000000,191.792999,0.292581,0.262587
343.000000,191.792999,0.288060,0.270864
344.000000,191.792999,0.282492,0.269556
345.000000,191.792999,0.275897,0.261587
346.000000,191.792999,0.268301,0.266428
347.000000,191.792999,0.259731,0.257853
348.000000,191.792999,0.250219,0.257008
349.000000,191.792999,0.239800,0.259844
350.000000,191.792999,0.228510,0.254152
351.000000,191.792999,0.216391,0.243135
352.000000,191.792999,0.203487,0.236813
353.000000,191.792999,0.189845,0.215979
354.000000,191.792999,0.175514,0.209100
355.000000,191.792999,0.160545,0.209498
356.000000,191.792999,0.144992,0.189240
357.000000,191.792999,0.128913,0.182216
358.000000,191.792999,0.112367,0.177183
359.000000,191.792999,0.095413,0.150348
360.000000,191.792999,0.078113,0.140037
361.000000,191.792999,0.060530,0.135011
362.000000,191.792999,0.042727,0.113457
363.000000,191.792999,0.024768,0.108146
364.000000,191.792999,0.006720,0.087703
365.000000,191.792999,-0.011352,0.071418
366.000000,191.792999,-0.029384,0.061670
367.000000,191.792999,-0.047309,0.040110
368.000000,191.792999,-0.065062,0.035813
369.000000,191.792999,-0.082578,0.017334
370.000000,191.792999,-0.099795,-0.009507
371.000000,191.792999,-0.116650,-0.020246
372.000000,191.792999,-0.133081,-0.024135
373.000000,191.792999,-0.149030,-0.056547
374.000000,191.792999,-0.164438,-0.065572
375.000000,191.792999,-0.179250,-0.074607
376.000000,191.792999,-0.193411,-0.101157
377.000000,191.792999,-0.206871,-0.106750
378.000000,191.792999,-0.219577,-0.119639
379.000000,191.792999,-0.231487,-0.141766
380.000000,191.792999,-0.242556,-0.151510
381.000000,191.792999,-0.252746,-0.162371
382.000000,191.792999,-0.262018,-0.178945
383.000000,191.792999,-0.270340,-0.183689
384.000000,191.792999,-0.277681,-0.205392
385.000000,191.792999,-0.284014,-0.210408
386.000000,191.792999,-0.289318,-0.212724
387.000000,191.792999,-0.293571,-0.231557
388.000000,191.792999,-0.296759,-0.237292
389.000000,191.792999,-0.298867,-0.233890
390.000000,191.792999,-0.299891,-0.259293
391.000000,191.792999,-0.299826,-0.252736
392.000000,191.792999,-0.298673,-0.298950
393.000000,191.792999,-0.296437,-0.264588
394.000000,191.792999,-0.293125,-0.247445
395.000000,191.792999,-0.288750,-0.257179
396.000000,191.792999,-0.283327,-0.262302
397.000000,191.792999,-0.276876,-0.260608
398.000000,191.792999,-0.269421,-0.268882
399.000000,191.792999,-0.260987,-0.264594
400.000000,191.792999,-0.251605,-0.251755
401.000000,191.792999,-0.241308,-0.258292
402.000000,191.792999,-0.230136,-0.247726
403.000000,191.792999,-0.218130,-0.227452
404.000000,191.792999,-0.205332,-0.237849
405.000000,191.792999,-0.191789,-0.228426
406.000000,191.792999,-0.177550,-0.208440
407.000000,191.792999,-0.162667,-0.208967
408.000000,191.792999,-0.147194,-0.195829
409.000000,191.792999,-0.131186,-0.171692
410.000000,191.792999,-0.114702,-0.178368
411.000000,191.792999,-0.097802,-0.157799
412.000000,191.792999,-0.080545,-0.145801
413.000000,191.792999,-0.062997,-0.138479
414.000000,191.792999,-0.045221,-0.112761
415.000000,191.792999,-0.027280,-0.111608
416.000000,191.792999,-0.009241,-0.093013
417.000000,191.792999,0.008832,-0.073166
418.000000,191.792999,0.026873,-0.068127
419.000000,191.792999,0.044817,-0.046550
420.000000,191.792999,0.062598,-0.016985
421.000000,191.792999,0.080152,-0.022088
422.000000,191.792999,0.097415,-0.003228
423.000000,191.792999,0.114324,0.024051
424.000000,191.792999,0.130817,0.044835
425.000000,191.792999,0.146837,0.047386
426.000000,191.792999,0.162323,0.067373
427.000000,191.792999,0.177220,0.071852
428.000000,191.792999,0.191474,0.089992
429.000000,191.792999,0.205034,0.109270
430.000000,191.792999,0.217850,0.117175
431.000000,191.792999,0.229875,0.137890
432.000000,191.792999,0.241067,0.148605
433.000000,191.792999,0.251382,0.158638
434.000000,191.792999,0.260783,0.177203
435.000000,191.792999,0.269239,0.186947
436.000000,191.792999,0.276717,0.196380
437.000000,191.792999,0.283191,0.215800
438.000000,191.792999,0.288638,0.211406
439.000000,191.792999,0.293038,0.215538
440.000000,191.792999,0.296374,0.238669
441.000000,191.792999,0.298636,0.239570
442.000000,191.792999,0.299813,0.248135
443.000000,191.792999,0.299903,0.262687
444.000000,191.792999,0.298904,0.255440
445.000000,191.792999,0.296817,0.264145
446.000000,191.792999,0.293653,0.273840
447.000000,191.792999,0.289424,0.262445
448.000000,191.792999,0.284145,0.267862
449.000000,191.792999,0.277835,0.269128
450.000000,191.792999,0.270517,0.264874
451.000000,191.792999,0.262218,0.264569
452.000000,191.792999,0.252967,0.245279
453.000000,191.792999,0.242798,0.251431
454.000000,191.792999,0.231749,0.253980
455.000000,191.792999,0.219857,0.234994
456.000000,191.792999,0.207166,0.236697
457.000000,191.792999,0.193723,0.233808
458.000000,191.792999,0.179577,0.210687
459.000000,191.792999,0.164780,0.206668
460.000000,191.792999,0.149385,0.201920
461.000000,191.792999,0.133448,0.182090
462.000000,191.792999,0.117027,0.171921
463.000000,191.792999,0.100182,0.170609
464.000000,191.792999,0.082972,0.142913
465.000000,191.792999,0.065462,0.143178
466.000000,191.792999,0.047713,0.122573
467.000000,191.792999,0.029791,0.103736
468.000000,191.792999,0.011762,0.092275
469.000000,191.792999,-0.006311,0.074267
470.000000,191.792999,-0.024360,0.058549
471.000000,191.792999,-0.042321,0.053089
472.000000,191.792999,-0.060128,0.025097
473.000000,191.792999,-0.077718,0.016791
474.000000,191.792999,-0.095025,0.009326
475.000000,191.792999,-0.111988,-0.020372
476.000000,191.792999,-0.128544,-0.028108
477.000000,191.792999,-0.144634,-0.031282
478.000000,191.792999,-0.160198,-0.067699
479.000000,191.792999,-0.175180,-0.082016
480.000000,191.792999,-0.189527,-0.088619
481.000000,191.792999,-0.203185,-0.112883
482.000000,191.792999,-0.216107,-0.116617
483.000000,191.792999,-0.228244,-0.134930
484.000000,191.792999,-0.239553,-0.153634
485.000000,191.792999,-0.249994,-0.155088
486.000000,191.792999,-0.259527,-0.171364
487.000000,191.792999,-0.268119,-0.180661
488.000000,191.792999,-0.275738,-0.190415
489.000000,191.792999,-0.282353,-0.214682
490.000000,191.792999,-0.287943,-0.218416
491.000000,191.792999,-0.292489,-0.220162
492.000000,191.792999,-0.295973,-0.236991
493.000000,191.792999,-0.298384,-0.239436
494.000000,191.792999,-0.299712,-0.243041
495.000000,191.792999,-0.299952,-0.262298
496.000000,191.792999,-0.299105,-0.259170
497.000000,191.792999,-0.297172,-0.258627
498.000000,191.792999,-0.294160,-0.273736
499.000000,191.792999,-0.290082,-0.264174
500.000000,191.792999,-0.284948,-0.260910
501.000000,191.792999,-0.278779,-0.243578
502.000000,191.792999,-0.271599,-0.264893
503.000000,191.792999,-0.263433,-0.268186
504.000000,191.792999,-0.254312,-0.268306
505.000000,191.792999,-0.244268,-0.255175
506.000000,191.792999,-0.233338,-0.258438
507.000000,191.792999,-0.221562,-0.245291
508.000000,191.792999,-0.208981,-0.231308
509.000000,191.792999,-0.195642,-0.234844
510.000000,191.792999,-0.181593,-0.213695
511.000000,191.792999,-0.166883,-0.204719
512.000000,191.792999,-0.151568,-0.199812
513.000000,191.792999,-0.135702,-0.191108
514.000000,191.792999,-0.119345,-0.166400
515.000000,191.792999,-0.102554,-0.167073
516.000000,191.792999,-0.085392,-0.150503
517.000000,191.792999,-0.067919,-0.131945
518.000000,191.792999,-0.050200,-0.131899
519.000000,191.792999,-0.032299,-0.112327
520.000000,191.792999,-0.014281,-0.091764
0.000000,200.302994,0.014297,-0.067027
1.000000,200.302994,0.033113,-0.067414
2.000000,200.302994,0.051798,-0.044695
3.000000,200.302994,0.070277,-0.018701
4.000000,200.302994,0.088478,-0.018655
5.000000,200.302994,0.106329,0.004346
6.000000,200.302994,0.123760,-0.002393
7.000000,200.302994,0.140700,0.033960
8.000000,200.302994,0.157085,0.066826
9.000000,200.302994,0.172847,0.077246
10.000000,200.302994,0.187923,0.082716
11.000000,200.302994,0.202256,0.103998
12.000000,200.302994,0.215788,0.114594
13.000000,200.302994,0.228466,0.131611
14.000000,200.302994,0.240241,0.152031
15.000000,200.302994,0.251065,0.154069
16.000000,200.302994,0.260896,0.175215
17.000000,200.302994,0.269693,0.188339
18.000000,200.302994,0.277420,0.185522
19.000000,200.302994,0.284050,0.203524
20.000000,200.302994,0.289556,0.222367
21.000000,200.302994,0.293916,0.220124
22.000000,200.302994,0.297113,0.233261
23.000000,200.302994,0.299135,0.246816
24.000000,200.302994,0.299974,0.243857
25.000000,200.302994,0.299623,0.256136
26.000000,200.302994,0.298084,0.263413
27.000000,200.302994,0.295365,0.256010
28.000000,200.302994,0.291478,0.264138
29.000000,200.302994,0.286439,0.261010
30.000000,200.302994,0.280266,0.263296
31.000000,200.302994,0.272984,0.270132
32.000000,200.302994,0.264622,0.259161
33.000000,200.302994,0.255209,0.258002
34.000000,200.302994,0.244786,0.259831
35.000000,200.302994,0.233394,0.243430
36.000000,200.302994,0.221079,0.246703
37.000000,200.302994,0.207890,0.240667
38.000000,200.302994,0.193878,0.218980
39.000000,200.302994,0.179099,0.221393
40.000000,200.302994,0.163611,0.212788
41.000000,200.302994,0.147473,0.190383
42.000000,200.302994,0.130751,0.183790
43.000000,200.302994,0.113513,0.174191
44.000000,200.302994,0.095825,0.155494
45.000000,200.302994,0.077759,0.144891
46.000000,200.302994,0.059384,0.127745
47.000000,200.302994,0.040775,0.115025
48.000000,200.302994,0.022004,0.110565
49.000000,200.302994,0.003145,0.083578
50.000000,200.302994,-0.015725,0.074556
51.000000,200.302994,-0.034534,0.064374
52.000000,200.302994,-0.053205,0.036250
53.000000,200.302994,-0.071666,0.023076
54.000000,200.302994,-0.089844,0.015900
55.000000,200.302994,-0.107666,-0.010650
56.000000,200.302994,-0.125063,-0.024536
57.000000,200.302994,-0.141962,-0.038429
58.000000,200.302994,-0.158300,-0.062554
59.000000,200.302994,-0.174011,-0.078156
60.000000,200.302994,-0.189034,-0.093457
61.000000,200.302994,-0.203309,-0.107025
62.000000,200.302994,-0.216780,-0.114199
63.000000,200.302994,-0.229394,-0.138191
64.000000,200.302994,-0.241098,-0.145205
65.000000,200.302994,-0.251845,-0.153243
66.000000,200.302994,-0.261596,-0.180224
67.000000,200.302994,-0.270313,-0.185674
68.000000,200.302994,-0.277960,-0.186419
69.000000,200.302994,-0.284507,-0.204961
70.000000,200.302994,-0.289929,-0.214702
71.000000,200.302994,-0.294203,-0.220451
72.000000,200.302994,-0.297311,-0.240566
73.000000,200.302994,-0.299240,-0.245301
74.000000,200.302994,-0.299985,-0.242895
75.000000,200.302994,-0.299544,-0.261586
76.000000,200.302994,-0.297917,-0.265035
77.000000,200.302994,-0.295112,-0.266894
78.000000,200.302994,-0.291139,-0.268166
79.000000,200.302994,-0.286015,-0.264329
80.000000,200.302994,-0.279754,-0.273451
81.000000,200.302994,-0.272386,-0.280184
82.000000,200.302994,-0.263941,-0.254618
83.000000,200.302994,-0.254451,-0.263581
84.000000,200.302994,-0.243955,-0.253018
85.000000,200.302994,-0.232493,-0.236176
86.000000,200.302994,-0.220112,-0.246285
87.000000,200.302994,-0.206860,-0.234148
88.000000,200.302994,-0.192785,-0.218734
89.000000,200.302994,-0.177948,-0.220835
90.000000,200.302994,-0.162407,-0.211558
91.000000,200.302994,-0.146223,-0.191992
92.000000,200.302994,-0.129462,-0.187235
93.000000,200.302994,-0.112187,-0.171241
94.000000,200.302994,-0.094469,-0.164373
95.000000,200.302994,-0.076377,-0.148919
96.000000,200.302994,-0.057981,-0.126783
97.000000,200.302994,-0.039357,-0.124748
98.000000,200.302994,-0.020576,-0.111031
99.000000,200.302994,-0.001715,-0.080750
100.000000,200.302994,0.017154,-0.075989
101.000000,200.302994,0.035955,-0.059134
102.000000,200.302994,0.054613,-0.030855
103.000000,200.302994,0.073056,-0.027522
104.000000,200.302994,0.091208,-0.010667
105.000000,200.302994,0.108999,0.013325
106.000000,200.302994,0.126359,0.022950
107.000000,200.302994,0.143220,0.043523
108.000000,200.302994,0.159513,0.060517
109.000000,200.302994,0.175176,0.071564
110.000000,200.302994,0.190145,0.091417
111.000000,200.302994,0.204361,0.099147
112.000000,200.302994,0.217766,0.114455
113.000000,200.302994,0.230310,0.134017
114.000000,200.302994,0.241943,0.141200
115.000000,200.302994,0.252618,0.161206
116.000000,200.302994,0.262294,0.178475
117.000000,200.302994,0.270932,0.183521
118.000000,200.302994,0.278499,0.200522
119.000000,200.302994,0.284960,0.208212
120.000000,200.302994,0.290292,0.211545
121.000000,200.302994,0.294476,0.219395
122.000000,200.302994,0.297495,0.241240
123.000000,200.302994,0.299336,0.242429
124.000000,200.302994,0.299994,0.252992
125.000000,200.302994,0.299465,0.270695
126.000000,200.302994,0.297751,0.254152
127.000000,200.302994,0.294854,0.260139
128.000000,200.302994,0.290790,0.259413
129.000000,200.302994,0.285576,0.263588
130.000000,200.302994,0.279232,0.269572
131.000000,200.302994,0.271783,0.258863
132.000000,200.302994,0.263259,0.253718
133.000000,200.302994,0.253694,0.263413
134.000000,200.302994,0.243124,0.241432
135.000000,200.302994,0.231588,0.248423
136.000000,200.302994,0.219137,0.253539
137.000000,200.302994,0.205818,0.232277
138.000000,200.302994,0.191685,0.226542
139.000000,200.302994,0.176794,0.224653
140.000000,200.302994,0.161204,0.203110
141.000000,200.302994,0.144975,0.193514
142.000000,200.302994,0.128172,0.193485
143.000000,200.302994,0.110861,0.168366
144.000000,200.302994,0.093111,0.157909
145.000000,200.302994,0.074992,0.156879
146.000000,200.302994,0.056577,0.126754
147.000000,200.302994,0.037939,0.119017
148.000000,200.302994,0.019150,0.097136
149.000000,200.302994,0.000285,0.079711
150.000000,200.302994,-0.018581,0.074397
151.000000,200.302994,-0.037374,0.048973
152.000000,200.302994,-0.056018,0.034954
153.000000,200.302994,-0.074441,0.028060
154.000000,200.302994,-0.092569,0.000506
155.000000,200.302994,-0.110330,-0.004941
156.000000,200.302994,-0.127656,-0.019271
157.000000,200.302994,-0.144477,0.002490
158.000000,200.302994,-0.160724,-0.065715
159.000000,200.302994,-0.176335,-0.076178
160.000000,200.302994,-0.191247,-0.102440
161.000000,200.302994,-0.205403,-0.112469
162.000000,200.302994,-0.218746,-0.117071
163.000000,200.302994,-0.231224,-0.141050
164.000000,200.302994,-0.242787,-0.150791
165.000000,200.302994,-0.253390,-0.164813
166.000000,200.302994,-0.262987,-0.180230
167.000000,200.302994,-0.271543,-0.184256
168.000000,200.302994,-0.279023,-0.204255
169.000000,200.302994,-0.285400,-0.211833
170.000000,200.302994,-0.290648,-0.212863
171.000000,200.302994,-0.294746,-0.227263
172.000000,200.302994,-0.297678,-0.237432
173.000000,200.302994,-0.299433,-0.234174
174.000000,200.302994,-0.299997,-0.255579
175.000000,200.302994,-0.299375,-0.255453
176.000000,200.302994,-0.297568,-0.253050
177.000000,200.302994,-0.294583,-0.270164
178.000000,200.302994,-0.290434,-0.268322
179.000000,200.302994,-0.285135,-0.262338
180.000000,200.302994,-0.278709,-0.277026
181.000000,200.302994,-0.271179,-0.263465
182.000000,200.302994,-0.262571,-0.269319
183.000000,200.302994,-0.252925,-0.263448
184.000000,200.302994,-0.242279,-0.242740
185.000000,200.302994,-0.230674,-0.253289
186.000000,200.302994,-0.218156,-0.238575
187.000000,200.302994,-0.204776,-0.224307
188.000000,200.302994,-0.190585,-0.228840
189.000000,200.302994,-0.175639,-0.218990
190.000000,200.302994,-0.159996,-0.197287
191.000000,200.302994,-0.143720,-0.199958
192.000000,200.302994,-0.126875,-0.182102
193.000000,200.302994,-0.109529,-0.160254
194.000000,200.302994,-0.091749,-0.160781
195.000000,200.302994,-0.073607,-0.145496
196.000000,200.302994,-0.055172,-0.127077
197.000000,200.302994,-0.036519,-0.116458
198.000000,200.302994,-0.017722,-0.101750
199.000000,200.302994,0.001146,-0.087599
200.000000,200.302994,0.020009,-0.074280
201.000000,200.302994,0.038793,-0.049280
202.000000,200.302994,0.057423,-0.044254
203.000000,200.302994,0.075826,-0.025527
204.000000,200.302994,0.093930,0.004041
205.000000,200.302994,0.111661,0.005366
206.000000,200.302994,0.128949,0.026943
207.000000,200.302994,0.145727,0.052648
208.000000,200.302994,0.161928,0.050265
209.000000,200.302994,0.177489,0.073124
210.000000,200.302994,0.192347,0.100834
211.000000,200.302994,0.206445,0.101877
212.000000,200.302994,0.219726,0.120591
213.000000,200.302994,0.232135,0.145156
214.000000,200.302994,0.243624,0.143198
215.000000,200.302994,0.254149,0.160769
216.000000,200.302994,0.263669,0.181762
217.000000,200.302994,0.272146,0.184091
218.000000,200.302994,0.279546,0.201943
219.000000,200.302994,0.285841,0.207374
220.000000,200.302994,0.291004,0.215402
221.000000,200.302994,0.295011,0.232108
222.000000,200.302994,0.297851,0.231273
223.000000,200.302994,0.299512,0.241134
224.000000,200.302994,0.299989,0.257975
225.000000,200.302994,0.299278,0.253582
226.000000,200.302994,0.297384,0.258429
227.000000,200.302994,0.294313,0.272412
228.000000,200.302994,0.290077,0.263018
229.000000,200.302994,0.284689,0.266862
230.000000,200.302994,0.278174,0.274698
231.000000,200.302994,0.270559,0.266305
232.000000,200.302994,0.261874,0.265288
233.000000,200.302994,0.252153,0.261123
234.000000,200.302994,0.241434,0.253867
235.000000,200.302994,0.229760,0.248983
236.000000,200.302994,0.217176,0.231263
237.000000,200.302994,0.203729,0.230985
238.000000,200.302994,0.189477,0.231674
239.000000,200.302994,0.174475,0.207685
240.000000,200.302994,0.158783,0.205956
241.000000,200.302994,0.142463,0.203783
242.000000,200.302994,0.125579,0.177945
243.000000,200.302994,0.108198,0.169493
244.000000,200.302994,0.090388,0.164887
245.000000,200.302994,0.072220,0.138052
246.000000,200.302994,0.053766,0.131744
247.000000,200.302994,0.035099,0.117275
248.000000,200.302994,0.016294,0.094585
249.000000,200.302994,-0.002576,0.087706
250.000000,200.302994,-0.021435,0.074244
251.000000,200.302994,-0.040211,0.047257
252.000000,200.302994,-0.058826,0.052525
253.000000,200.302994,-0.077209,0.019929
254.000000,200.302994,-0.095285,-0.002218
255.000000,200.302994,-0.112985,-0.010822
256.000000,200.302994,-0.130238,-0.039818
257.000000,200.302994,-0.146975,-0.046835
258.000000,200.302994,-0.163132,-0.054585
259.000000,200.302994,-0.178643,-0.089717
260.000000,200.302994,-0.193444,-0.093166
261.000000,200.302994,-0.207480,-0.100488
262.000000,200.302994,-0.220694,-0.132472
263.000000,200.302994,-0.233035,-0.134490
264.000000,200.302994,-0.244455,-0.139950
265.000000,200.302994,-0.254907,-0.165357
266.000000,200.302994,-0.264351,-0.175237
267.000000,200.302994,-0.272750,-0.183123
268.000000,200.302994,-0.280064,-0.197672
269.000000,200.302994,-0.286270,-0.210845
270.000000,200.302994,-0.291343,-0.222141
271.000000,200.302994,-0.295264,-0.230275
272.000000,200.302994,-0.298017,-0.232302
273.000000,200.302994,-0.299591,-0.249287
274.000000,200.302994,-0.299980,-0.254731
275.000000,200.302994,-0.299181,-0.247610
276.000000,200.302994,-0.297193,-0.266443
277.000000,200.302994,-0.294030,-0.273034
278.000000,200.302994,-0.289704,-0.251619
279.000000,200.302994,-0.284232,-0.261294
280.000000,200.302994,-0.277635,-0.268746
281.000000,200.302994,-0.269940,-0.259197
282.000000,200.302994,-0.261177,-0.266732
283.000000,200.302994,-0.251378,-0.250304
284.000000,200.302994,-0.240583,-0.246616
285.000000,200.302994,-0.228835,-0.253293
286.000000,200.302994,-0.216183,-0.240440
287.000000,200.302994,-0.202675,-0.229310
288.000000,200.302994,-0.188365,-0.229702
289.000000,200.302994,-0.173310,-0.212134
290.000000,200.302994,-0.157569,-0.204262
291.000000,200.302994,-0.141204,-0.198106
292.000000,200.302994,-0.124278,-0.177112
293.000000,200.302994,-0.106861,-0.172646
294.000000,200.302994,-0.089022,-0.152209
295.000000,200.302994,-0.070830,-0.132511
296.000000,200.302994,-0.052358,-0.130182
297.000000,200.302994,-0.033678,-0.113470
298.000000,200.302994,-0.014865,-0.088477
299.000000,200.302994,0.004006,-0.088146
300.000000,200.302994,0.022862,-0.069290
301.000000,200.302994,0.041627,-0.045725
302.000000,200.302994,0.060228,-0.040391
303.000000,200.302994,0.078590,-0.019818
304.000000,200.302994,0.096641,0.005751
305.000000,200.302994,0.114310,0.010797
306.000000,200.302994,0.131527,0.030223
307.000000,200.302994,0.148222,0.044517
308.000000,200.302994,0.164330,0.057694
309.000000,200.302994,0.179787,0.078117
310.000000,200.302994,0.194533,0.088289
311.000000,200.302994,0.208509,0.108875
312.000000,200.302994,0.221661,0.129865
313.000000,200.302994,0.233936,0.131333
314.000000,200.302994,0.245285,0.148907
315.000000,200.302994,0.255660,0.172611
316.000000,200.302994,0.265023,0.172511
317.000000,200.302994,0.273337,0.188939
318.000000,200.302994,0.280570,0.195496
319.000000,200.302994,0.286694,0.206542
320.000000,200.302994,0.291682,0.227254
321.000000,200.302994,0.295518,0.237807
322.000000,200.302994,0.298182,0.238711
323.000000,200.302994,0.299663,0.247701
324.000000,200.302994,0.299958,0.255825
325.000000,200.302994,0.299067,0.256153
326.000000,200.302994,0.296992,0.261425
327.000000,200.302994,0.293743,0.262995
328.000000,200.302994,0.289331,0.263157
329.000000,200.302994,0.283775,0.268137
330.000000,200.302994,0.277094,0.259585
331.000000,200.302994,0.269313,0.263439
332.000000,200.302994,0.260468,0.268412
333.000000,200.302994,0.250591,0.252869
334.000000,200.302994,0.239724,0.255285
335.000000,200.302994,0.227908,0.252253
336.000000,200.302994,0.215190,0.233851
337.000000,200.302994,0.201621,0.232976
338.000000,200.302994,0.187252,0.228371
339.000000,200.302994,0.172141,0.207255
340.000000,200.302994,0.156349,0.203948
341.000000,200.302994,0.139939,0.197775
342.000000,200.302994,0.122975,0.174940
343.000000,200.302994,0.105524,0.168343
344.000000,200.302994,0.087656,0.151475
345.000000,200.302994,0.069441,0.140047
346.000000,200.302994,0.050950,0.133732
347.000000,200.302994,0.032257,0.107884
348.000000,200.302994,0.013437,0.096006
349.000000,200.302994,-0.005436,0.088826
350.000000,200.302994,-0.024288,0.144086
351.000000,200.302994,-0.043043,0.051677
352.000000,200.302994,-0.061628,0.028620
353.000000,200.302994,-0.079970,-0.002506
354.000000,200.302994,-0.097994,-0.009527
355.000000,200.302994,-0.115630,-0.014129
356.000000,200.302994,-0.132809,-0.039963
357.000000,200.302994,-0.149462,-0.019255
358.000000,200.302994,-0.165523,-0.061304
359.000000,200.302994,-0.180930,-0.103590
360.000000,200.302994,-0.195622,-0.101893
361.000000,200.302994,-0.209539,-0.119334
362.000000,200.302994,-0.222623,-0.131759
363.000000,200.302994,-0.234827,-0.137789
364.000000,200.302994,-0.246102,-0.158780
365.000000,200.302994,-0.256403,-0.166940
366.000000,200.302994,-0.265689,-0.168971
367.000000,200.302994,-0.273925,-0.191237
368.000000,200.302994,-0.281077,-0.202261
369.000000,200.302994,-0.287116,-0.200431
370.000000,200.302994,-0.292014,-0.223121
371.000000,200.302994,-0.295758,-0.228714
372.000000,200.302994,-0.298331,-0.230029
373.000000,200.302994,-0.299725,-0.249002
374.000000,200.302994,-0.299932,-0.250161
375.000000,200.302994,-0.298953,-0.259044
376.000000,200.302994,-0.296791,-0.267020
377.000000,200.302994,-0.293453,-0.261178
378.000000,200.302994,-0.288950,-0.269173
379.000000,200.302994,-0.283305,-0.266881
380.000000,200.302994,-0.276538,-0.260187
381.000000,200.302994,-0.268678,-0.267444
382.000000,200.302994,-0.259755,-0.261881
383.000000,200.302994,-0.249804,-0.249330
384.000000,200.302994,-0.238865,-0.256580
385.000000,200.302994,-0.226978,-0.247014
386.000000,200.302994,-0.214191,-0.231888
387.000000,200.302994,-0.200557,-0.236418
388.000000,200.302994,-0.186130,-0.220994
389.000000,200.302994,-0.170966,-0.209010
390.000000,200.302994,-0.155126,-0.206681
391.000000,200.302994,-0.138673,-0.189683
392.000000,200.302994,-0.121670,-0.179968
393.000000,200.302994,-0.104184,-0.167219
394.000000,200.302994,-0.086286,-0.150085
395.000000,200.302994,-0.068047,-0.145486
396.000000,200.302994,-0.049538,-0.128761
397.000000,200.302994,-0.030834,-0.104911
398.000000,200.302994,-0.012008,-0.100154
399.000000,200.302994,0.006867,-0.079723
400.000000,200.302994,0.025714,-0.057448
401.000000,200.302994,0.044459,-0.051829
402.000000,200.302994,0.063028,-0.043982
403.000000,200.302994,0.081347,-0.019271
404.000000,200.302994,0.099344,-0.003785
405.000000,200.302994,0.116949,0.019216
406.000000,200.302994,0.134091,0.040922
407.000000,200.302994,0.150702,0.047114
408.000000,200.302994,0.166717,0.065398
409.000000,200.302994,0.182070,0.079688
410.000000,200.302994,0.196702,0.091864
411.000000,200.302994,0.210556,0.114577
412.000000,200.302994,0.223578,0.123749
413.000000,200.302994,0.235714,0.134328
414.000000,200.302994,0.246918,0.159748
415.000000,200.302994,0.257146,0.156643
416.000000,200.302994,0.266354,0.177358
417.000000,200.302994,0.274506,0.199064
418.000000,200.302994,0.281571,0.200678
419.000000,200.302994,0.287522,0.215962
420.000000,200.302994,0.292336,0.230945
421.000000,200.302994,0.295994,0.231276
422.000000,200.302994,0.298480,0.240123
423.000000,200.302994,0.299786,0.253681
424.000000,200.302994,0.299903,0.246716
425.000000,200.302994,0.298830,0.260424
426.000000,200.302994,0.296576,0.256706
427.000000,200.302994,0.293148,0.261583
428.000000,200.302994,0.288560,0.268280
429.000000,200.302994,0.282831,0.256441
430.000000,200.302994,0.275983,0.261580
431.000000,200.302994,0.268043,0.269698
432.000000,200.302994,0.259039,0.265304
433.000000,200.302994,0.249009,0.259287
434.000000,200.302994,0.237994,0.253827
435.000000,200.302994,0.226037,0.238569
436.000000,200.302994,0.213186,0.235551
437.000000,200.302994,0.199492,0.238381
438.000000,200.302994,0.185008,0.220266
439.000000,200.302994,0.169792,0.213099
440.000000,200.302994,0.153902,0.206784
441.000000,200.302994,0.137403,0.185377
442.000000,200.302994,0.120360,0.178637
443.000000,200.302994,0.102841,0.161054
444.000000,200.302994,0.084916,0.147770
445.000000,200.302994,0.066654,0.148748
446.000000,200.302994,0.048128,0.113600
447.000000,200.302994,0.029412,0.107729
448.000000,200.302994,0.010579,0.103981
449.000000,200.302994,-0.008296,0.074999
450.000000,200.302994,-0.027138,0.062687
451.000000,200.302994,-0.045872,0.056365
452.000000,200.302994,-0.064425,0.023808
453.000000,200.302994,-0.082723,0.017215
454.000000,200.302994,-0.100694,0.010181
455.000000,200.302994,-0.118266,-0.022519
456.000000,200.302994,-0.135369,-0.033688
457.000000,200.302994,-0.151936,-0.046149
458.000000,200.302994,-0.167902,-0.067703
459.000000,200.302994,-0.183203,-0.083020
460.000000,200.302994,-0.197780,-0.108606
461.000000,200.302994,-0.211574,-0.116462
462.000000,200.302994,-0.224531,-0.127210
463.000000,200.302994,-0.236599,-0.144337
464.000000,200.302994,-0.247728,-0.151928
465.000000,200.302994,-0.257877,-0.159250
466.000000,200.302994,-0.267005,-0.179796
467.000000,200.302994,-0.275077,-0.191250
468.000000,200.302994,-0.282061,-0.193569
469.000000,200.302994,-0.287929,-0.217830
470.000000,200.302994,-0.292658,-0.222853
471.000000,200.302994,-0.296227,-0.224453
472.000000,200.302994,-0.298621,-0.242425
473.000000,200.302994,-0.299833,-0.246017
474.000000,200.302994,-0.299859,-0.250612
475.000000,200.302994,-0.298699,-0.257153
476.000000,200.302994,-0.296357,-0.259031
477.000000,200.302994,-0.292843,-0.274753
478.000000,200.302994,-0.288170,-0.268024
479.000000,200.302994,-0.282354,-0.256324
480.000000,200.302994,-0.275418,-0.272878
481.000000,200.302994,-0.267394,-0.269031
482.000000,200.302994,-0.258311,-0.253190
483.000000,200.302994,-0.248207,-0.258866
484.000000,200.302994,-0.237120,-0.252305
485.000000,200.302994,-0.225096,-0.236179
486.000000,200.302994,-0.212181,-0.247286
487.000000,200.302994,-0.198422,-0.227286
488.000000,200.302994,-0.183879,-0.213870
489.000000,200.302994,-0.168608,-0.214543
490.000000,200.302994,-0.152670,-0.222270
491.000000,200.302994,-0.136129,-0.188550
492.000000,200.302994,-0.119048,-0.176373
493.000000,200.302994,-0.101497,-0.160380
494.000000,200.302994,-0.083544,-0.157501
495.000000,200.302994,-0.065258,-0.138485
496.000000,200.302994,-0.046715,-0.115921
497.000000,200.302994,-0.027987,-0.114166
498.000000,200.302994,-0.009149,-0.095737
0.000000,209.190994,0.019094,-0.072418
1.000000,209.190994,0.038714,-0.057279
2.000000,209.190994,0.058168,-0.040284
3.000000,209.190994,0.077369,-0.029241
4.000000,209.190994,0.096237,-0.004812
5.000000,209.190994,0.114691,0.000496
6.000000,209.190994,0.132646,0.023517
7.000000,209.190994,0.150031,0.044365
8.000000,209.190994,0.166770,0.054841
9.000000,209.190994,0.182784,0.076560
10.000000,209.190994,0.198012,0.101692
11.000000,209.190994,0.212386,0.105883
12.000000,209.190994,0.225839,0.124312
13.000000,209.190994,0.238322,0.144013
14.000000,209.190994,0.249774,0.148204
15.000000,209.190994,0.260145,0.163486
16.000000,209.190994,0.269398,0.187335
17.000000,209.190994,0.277483,0.189383
18.000000,209.190994,0.284371,0.211814
19.000000,209.190994,0.290036,0.219938
20.000000,209.190994,0.294442,0.218265
21.000000,209.190994,0.297579,0.233115
22.000000,209.190994,0.299437,0.234537
23.000000,209.190994,0.299992,0.242141
24.000000,209.190994,0.299257,0.250984
25.000000,209.190994,0.297233,0.252286
26.000000,209.190994,0.293919,0.258436
27.000000,209.190994,0.289341,0.268846
28.000000,209.190994,0.283514,0.260159
29.000000,209.190994,0.276458,0.264725
30.000000,209.190994,0.268214,0.269983
31.000000,209.190994,0.258809,0.255871
32.000000,209.190994,0.248286,0.255427
33.000000,209.190994,0.236695,0.258400
34.000000,209.190994,0.224078,0.238854
35.000000,209.190994,0.210494,0.229974
36.000000,209.190994,0.196005,0.245670
37.000000,209.190994,0.180664,0.215548
38.000000,209.190994,0.164546,0.206953
39.000000,209.190994,0.147720,0.206496
40.000000,209.190994,0.130251,0.181089
41.000000,209.190994,0.112223,0.174065
42.000000,209.190994,0.093711,0.158893
43.000000,209.190994,0.074792,0.144056
44.000000,209.190994,0.055552,0.138602
45.000000,209.190994,0.036071,0.109442
46.000000,209.190994,0.016434,0.098153
47.000000,209.190994,-0.003273,0.090549
48.000000,209.190994,-0.022966,0.062988
49.000000,209.190994,-0.042560,0.049106
50.000000,209.190994,-0.061971,0.036495
51.000000,209.190994,-0.081112,0.012798
52.000000,209.190994,-0.099905,0.006920
53.000000,209.190994,-0.118268,-0.007264
54.000000,209.190994,-0.136116,-0.039529
55.000000,209.190994,-0.153379,-0.050699
56.000000,209.190994,-0.169981,-0.055877
57.000000,209.190994,-0.185846,-0.085283
58.000000,209.190994,-0.200911,-0.095598
59.000000,209.190994,-0.215109,-0.106064
60.000000,209.190994,-0.228375,-0.133330
61.000000,209.190994,-0.240660,-0.144499
62.000000,209.190994,-0.251902,-0.152812
63.000000,209.190994,-0.262056,-0.178941
64.000000,209.190994,-0.271084,-0.188828
65.000000,209.190994,-0.278935,-0.202830
66.000000,209.190994,-0.285583,-0.206541
67.000000,209.190994,-0.291005,-0.211998
68.000000,209.190994,-0.295160,-0.230411
69.000000,209.190994,-0.298046,-0.234572
70.000000,209.190994,-0.299648,-0.230884
71.000000,209.190994,-0.299949,-0.254147
72.000000,209.190994,-0.298961,-0.256308
73.000000,209.190994,-0.296682,-0.247759
74.000000,209.190994,-0.293117,-0.267875
75.000000,209.190994,-0.288292,-0.264889
76.000000,209.190994,-0.282220,-0.257053
77.000000,209.190994,-0.274928,-0.270880
78.000000,209.190994,-0.266454,-0.269465
79.000000,209.190994,-0.256824,-0.257189
80.000000,209.190994,-0.246086,-0.260585
81.000000,209.190994,-0.234291,-0.251026
82.000000,209.190994,-0.221477,-0.250585
83.000000,209.190994,-0.207710,-0.237140
84.000000,209.190994,-0.193049,-0.233306
85.000000,209.190994,-0.177549,-0.228125
86.000000,209.190994,-0.161286,-0.208119
87.000000,209.190994,-0.144327,-0.190276
88.000000,209.190994,-0.126742,-0.188089
89.000000,209.190994,-0.108613,-0.169946
90.000000,209.190994,-0.090014,-0.143810
91.000000,209.190994,-0.071025,-0.147912
92.000000,209.190994,-0.051731,-0.131915
93.000000,209.190994,-0.032213,-0.107923
94.000000,209.190994,-0.012556,-0.110451
95.000000,209.190994,0.007156,-0.080585
96.000000,209.190994,0.026836,-0.062736
97.000000,209.190994,0.046400,-0.055834
98.000000,209.190994,0.065765,-0.032406
99.000000,209.190994,0.084844,-0.023390
100.000000,209.190994,0.103558,-0.004935
101.000000,209.190994,0.121826,0.021920
102.000000,209.190994,0.139565,0.027672
103.000000,209.190994,0.156704,0.045107
104.000000,209.190994,0.173167,0.074957
105.000000,209.190994,0.188879,0.078286
106.000000,209.190994,0.203779,0.100433
107.000000,209.190994,0.217797,0.124282
108.000000,209.190994,0.230874,0.125183
109.000000,209.190994,0.242959,0.142611
110.000000,209.190994,0.253989,0.166461
111.000000,209.190994,0.263924,0.169363
112.000000,209.190994,0.272725,0.183359
113.000000,209.190994,0.280340,0.199637
114.000000,209.190994,0.286749,0.203965
115.000000,209.190994,0.291923,0.216383
116.000000,209.190994,0.295829,0.223112
117.000000,209.190994,0.298464,0.235561
118.000000,209.190994,0.299810,0.247830
119.000000,209.190994,0.299856,0.240143
120.000000,209.190994,0.298614,0.248287
121.000000,209.190994,0.296080,0.267124
122.000000,209.190994,0.292266,0.260016
123.000000,209.190994,0.287195,0.265149
124.000000,209.190994,0.280879,0.268694
125.000000,209.190994,0.273351,0.261444
126.000000,209.190994,0.264648,0.261570
127.000000,209.190994,0.254795,0.267263
128.000000,209.190994,0.243846,0.250434
129.000000,209.190994,0.231847,0.251561
130.000000,209.190994,0.218840,0.246250
131.000000,209.190994,0.204892,0.230130
132.000000,209.190994,0.190061,0.229110
133.000000,209.190994,0.174405,0.208242
134.000000,209.190994,0.158000,0.202245
135.000000,209.190994,0.140912,0.201791
136.000000,209.190994,0.123214,0.177660
137.000000,209.190994,0.104986,0.170069
138.000000,209.190994,0.086303,0.164748
139.000000,209.190994,0.067248,0.135050
140.000000,209.190994,0.047904,0.124739
141.000000,209.190994,0.028351,0.117560
142.000000,209.190994,0.008677,0.091298
143.000000,209.190994,-0.011035,0.078555
144.000000,209.190994,-0.030699,0.068088
145.000000,209.190994,-0.050231,0.042396
146.000000,209.190994,-0.069546,0.028653
147.000000,209.190994,-0.088560,0.019909
148.000000,209.190994,-0.107192,-0.004647
149.000000,209.190994,-0.125362,-0.018963
150.000000,209.190994,-0.142989,-0.042266
151.000000,209.190994,-0.160001,-0.056123
152.000000,209.190994,-0.176321,-0.052574
153.000000,209.190994,-0.191878,-0.094296
154.000000,209.190994,-0.206611,-0.104312
155.000000,209.190994,-0.220447,-0.110348
156.000000,209.190994,-0.233333,-0.140477
157.000000,209.190994,-0.245216,-0.154790
158.000000,209.190994,-0.256033,-0.157394
159.000000,209.190994,-0.265748,-0.181370
160.000000,209.190994,-0.274319,-0.188537
161.000000,209.190994,-0.281698,-0.191138
162.000000,209.190994,-0.287866,-0.217260
163.000000,209.190994,-0.292792,-0.218850
164.000000,209.190994,-0.296449,-0.226305
165.000000,209.190994,-0.298831,-0.241713
166.000000,209.190994,-0.299921,-0.249883
167.000000,209.190994,-0.299714,-0.261165
168.000000,209.190994,-0.298218,-0.261732
169.000000,209.190994,-0.295430,-0.253180
170.000000,209.190994,-0.291366,-0.266728
171.000000,209.190994,-0.286050,-0.264598
172.000000,209.190994,-0.279491,-0.255191
173.000000,209.190994,-0.271729,-0.269733
174.000000,209.190994,-0.262798,-0.263600
175.000000,209.190994,-0.252724,-0.250476
176.000000,209.190994,-0.241564,-0.259581
177.000000,209.190994,-0.229363,-0.247302
178.000000,209.190994,-0.216166,-0.227601
179.000000,209.190994,-0.202040,-0.236706
180.000000,209.190994,-0.187041,-0.225712
181.000000,209.190994,-0.171232,-0.214291
182.000000,209.190994,-0.154687,-0.213115
183.000000,209.190994,-0.137472,-0.189829
184.000000,209.190994,-0.119663,-0.184816
185.000000,209.190994,-0.101340,-0.169366
186.000000,209.190994,-0.082577,-0.148803
187.000000,209.190994,-0.063458,-0.140619
188.000000,209.190994,-0.044067,-0.126905
189.000000,209.190994,-0.024483,-0.102486
190.000000,209.190994,-0.004795,-0.096012
191.000000,209.190994,0.014915,-0.084299
192.000000,209.190994,0.034559,-0.054161
193.000000,209.190994,0.054055,-0.049970
194.000000,209.190994,0.073318,-0.025955
195.000000,209.190994,0.092263,-0.000114
196.000000,209.190994,0.110811,0.003501
197.000000,209.190994,0.128880,0.024789
198.000000,209.190994,0.146391,0.041369
199.000000,209.190994,0.163273,0.055974
200.000000,209.190994,0.179447,0.076829
201.000000,209.190994,0.194847,0.086006
202.000000,209.190994,0.209410,0.101725
203.000000,209.190994,0.223063,0.128719
204.000000,209.190994,0.235755,0.128188
205.000000,209.190994,0.247433,0.150192
206.000000,209.190994,0.258035,0.167608
207.000000,209.190994,0.267528,0.172369
208.000000,209.190994,0.275867,0.195231
209.000000,209.190994,0.283010,0.209498
210.000000,209.190994,0.288936,0.207540
211.000000,209.190994,0.293613,0.220535
212.000000,209.190994,0.297019,0.234093
213.000000,209.190994,0.299149,0.234706
214.000000,209.190994,0.299983,0.247127
215.000000,209.190994,0.299521,0.249414
216.000000,209.190994,0.297772,0.257008
217.000000,209.190994,0.294729,0.267422
218.000000,209.190994,0.290417,0.257442
219.000000,209.190994,0.284857,0.267299
220.000000,209.190994,0.278057,0.273416
221.000000,209.190994,0.270062,0.256587
222.000000,209.190994,0.260903,0.260145
223.000000,209.190994,0.250611,0.265550
224.000000,209.190994,0.239243,0.247290
225.000000,209.190994,0.226841,0.250991
226.000000,209.190994,0.213456,0.249676
227.000000,209.190994,0.199154,0.230703
228.000000,209.190994,0.183990,0.223394
229.000000,209.190994,0.168030,0.216082
230.000000,209.190994,0.151348,0.195814
231.000000,209.190994,0.134010,0.192219
232.000000,209.190994,0.116094,0.169068
233.000000,209.190994,0.097679,0.162210
234.000000,209.190994,0.078839,0.155749
235.000000,209.190994,0.059660,0.131048
236.000000,209.190994,0.040224,0.109445
237.000000,209.190994,0.020613,0.111559
238.000000,209.190994,0.000914,0.085437
239.000000,209.190994,-0.018790,0.075699
240.000000,209.190994,-0.038412,0.065375
241.000000,209.190994,-0.057868,0.038821
242.000000,209.190994,-0.077075,0.031655
243.000000,209.190994,-0.095948,0.014326
244.000000,209.190994,-0.114408,-0.016227
245.000000,209.190994,-0.132373,-0.027969
246.000000,209.190994,-0.149766,-0.039145
247.000000,209.190994,-0.166516,-0.065698
248.000000,209.190994,-0.182542,-0.075585
249.000000,209.190994,-0.197782,-0.098172
250.000000,209.190994,-0.212172,-0.111601
251.000000,209.190994,-0.225639,-0.117631
252.000000,209.190994,-0.238135,-0.147912
253.000000,209.190994,-0.249606,-0.150208
254.000000,209.190994,-0.259993,-0.157676
255.000000,209.190994,-0.269262,-0.186373
256.000000,209.190994,-0.277368,-0.188961
257.000000,209.190994,-0.284273,-0.194713
258.000000,209.190994,-0.289957,-0.219119
259.000000,209.190994,-0.294384,-0.223854
260.000000,209.190994,-0.297540,-0.222452
261.000000,209.190994,-0.299417,-0.247428
262.000000,209.190994,-0.299994,-0.248018
263.000000,209.190994,-0.299278,-0.250042
264.000000,209.190994,-0.297276,-0.231120
265.000000,209.190994,-0.293980,-0.262033
266.000000,209.190994,-0.289421,-0.273189
267.000000,209.190994,-0.283614,-0.273458
268.000000,209.190994,-0.276576,-0.261039
269.000000,209.190994,-0.268349,-0.271596
270.000000,209.190994,-0.258964,-0.264167
271.000000,209.190994,-0.248456,-0.181284
272.000000,209.190994,-0.236881,-0.259154
273.000000,209.190994,-0.224280,-0.261450
274.000000,209.190994,-0.210710,-0.246182
275.000000,209.190994,-0.196234,-0.247856
276.000000,209.190994,-0.180907,-0.227998
277.000000,209.190994,-0.164800,-0.206435
278.000000,209.190994,-0.147984,-0.208394
279.000000,209.190994,-0.130525,-0.193255
280.000000,209.190994,-0.112504,-0.171261
281.000000,209.190994,-0.093999,-0.168074
282.000000,209.190994,-0.075085,-0.146358
283.000000,209.190994,-0.055849,-0.128360
284.000000,209.190994,-0.036372,-0.121892
285.000000,209.190994,-0.016737,-0.099753
286.000000,209.190994,0.002970,-0.096015
287.000000,209.190994,0.022664,-0.076142
288.000000,209.190994,0.042260,-0.048575
289.000000,209.190994,0.061674,0.004081
290.000000,209.190994,0.080821,-0.027101
291.000000,209.190994,0.099619,-0.004686
292.000000,209.190994,0.117989,-0.003500
293.000000,209.190994,0.135846,0.024653
294.000000,209.190994,0.153119,0.054649
295.000000,209.190994,0.169733,0.059841
296.000000,209.190994,0.185608,0.079413
297.000000,209.190994,0.200686,0.109124
298.000000,209.190994,0.214899,0.107881
299.000000,209.190994,0.228179,0.123593
300.000000,209.190994,0.240478,0.145590
301.000000,209.190994,0.251738,0.152634
302.000000,209.190994,0.261908,0.173489
303.000000,209.190994,0.270952,0.179933
304.000000,209.190994,0.278824,0.188090
305.000000,209.190994,0.285490,0.208083
306.000000,209.190994,0.290929,0.208113
307.000000,209.190994,0.295106,0.226260
308.000000,209.190994,0.298011,0.240100
309.000000,209.190994,0.299634,0.236710
310.000000,209.190994,0.299955,0.251136
311.000000,209.190994,0.298985,0.262687
312.000000,209.190994,0.296728,0.252439
313.000000,209.190994,0.293182,0.258141
314.000000,209.190994,0.288375,0.269695
315.000000,209.190994,0.282324,0.264449
316.000000,209.190994,0.275049,0.265861
317.000000,209.190994,0.266592,0.270414
318.000000,209.190994,0.256982,0.260586
319.000000,209.190994,0.246260,0.259281
320.000000,209.190994,0.234480,0.250696
321.000000,209.190994,0.221683,0.240424
322.000000,209.190994,0.207929,0.240686
323.000000,209.190994,0.193282,0.226124
324.000000,209.190994,0.177795,0.228695
325.000000,209.190994,0.161543,0.217228
326.000000,209.190994,0.144595,0.189813
327.000000,209.190994,0.127019,0.178077
328.000000,209.190994,0.108897,0.178760
329.000000,209.190994,0.090305,0.150779
330.000000,209.190994,0.071321,0.143185
331.000000,209.190994,0.052031,0.139722
332.000000,209.190994,0.032516,0.111456
333.000000,209.190994,0.012861,0.099286
334.000000,209.190994,-0.006850,0.092395
335.000000,209.190994,-0.026532,0.062127
336.000000,209.190994,-0.046098,0.049242
337.000000,209.190994,-0.065467,0.039640
338.000000,209.190994,-0.084551,0.011798
339.000000,209.190994,-0.103271,0.000910
340.000000,209.190994,-0.121548,-0.020534
341.000000,209.190994,-0.139295,-0.035534
342.000000,209.190994,-0.156443,-0.047852
343.000000,209.190994,-0.172918,-0.072703
344.000000,209.190994,-0.188642,-0.088441
345.000000,209.190994,-0.203554,-0.091476
346.000000,209.190994,-0.217588,-0.116886
347.000000,209.190994,-0.230679,-0.130484
348.000000,209.190994,-0.242778,-0.136805
349.000000,209.190994,-0.253827,-0.164498
350.000000,209.190994,-0.263779,-0.172666
351.000000,209.190994,-0.272597,-0.175409
352.000000,209.190994,-0.280232,-0.180651
353.000000,209.190994,-0.286659,-0.207555
354.000000,209.190994,-0.291853,-0.215441
355.000000,209.190994,-0.295779,-0.241282
356.000000,209.190994,-0.298432,-0.239158
357.000000,209.190994,-0.299800,-0.244870
358.000000,209.190994,-0.299866,-0.255155
359.000000,209.190994,-0.298642,-0.305802
360.000000,209.190994,-0.296130,-0.266016
361.000000,209.190994,-0.292334,-0.256016
362.000000,209.190994,-0.287282,-0.241464
363.000000,209.190994,-0.280987,-0.261868
364.000000,209.190994,-0.273476,-0.260025
365.000000,209.190994,-0.264790,-0.248617
366.000000,209.190994,-0.254957,-0.259439
367.000000,209.190994,-0.244022,-0.254452
368.000000,209.190994,-0.232039,-0.239897
369.000000,209.190994,-0.219048,-0.246858
370.000000,209.190994,-0.205114,-0.233575
371.000000,209.190994,-0.190297,-0.223012
372.000000,209.190994,-0.174653,-0.219550
373.000000,209.190994,-0.158258,-0.202413
374.000000,209.190994,-0.141180,-0.193818
375.000000,209.190994,-0.123490,-0.182665
376.000000,209.190994,-0.105270,-0.161675
377.000000,209.190994,-0.086594,-0.166639
378.000000,209.190994,-0.067544,-0.143349
379.000000,209.190994,-0.048203,-0.116213
380.000000,209.190994,-0.028653,-0.116170
381.000000,209.190994,-0.008980,-0.097026
382.000000,209.190994,0.010732,-0.071463
383.000000,209.190994,0.030398,-0.067557
384.000000,209.190994,0.049932,-0.047843
385.000000,209.190994,0.069252,-0.024132
386.000000,209.190994,0.088270,-0.022088
387.000000,209.190994,0.106909,0.004488
388.000000,209.190994,0.125088,0.025061
389.000000,209.190994,0.142723,0.036389
390.000000,209.190994,0.159744,0.057674
391.000000,209.190994,0.176076,0.065974
392.000000,209.190994,0.191645,0.085715
393.000000,209.190994,0.206390,0.106993
394.000000,209.190994,0.220243,0.111029
395.000000,209.190994,0.233142,0.129891
396.000000,209.190994,0.245040,0.155312
397.000000,209.190994,0.255875,0.156925
398.000000,209.190994,0.265607,0.172925
399.000000,209.190994,0.274196,0.192769
400.000000,209.190994,0.281594,0.198391
401.000000,209.190994,0.287780,0.210098
402.000000,209.190994,0.292728,0.232950
403.000000,209.190994,0.296403,0.224411
404.000000,209.190994,0.298803,0.235547
405.000000,209.190994,0.299916,0.247403
406.000000,209.190994,0.299727,0.244142
407.000000,209.190994,0.298249,0.258704
408.000000,209.190994,0.295483,0.254430
409.000000,209.190994,0.291438,0.261295
410.000000,209.190994,0.286140,0.272991
411.000000,209.190994,0.279603,0.259446
412.000000,209.190994,0.271858,0.264721
413.000000,209.190994,0.262944,0.271126
414.000000,209.190994,0.252889,0.252724
415.000000,209.190994,0.241744,0.250278
416.000000,209.190994,0.229560,0.256110
417.000000,209.190994,0.216377,0.240428
418.000000,209.190994,0.202264,0.233546
419.000000,209.190994,0.187280,0.233377
420.000000,209.190994,0.171482,0.214117
421.000000,209.190994,0.154947,0.203232
422.000000,209.190994,0.137743,0.188932
423.000000,209.190994,0.119943,0.177083
424.000000,209.190994,0.101627,0.171481
425.000000,209.190994,0.082871,0.146342
426.000000,209.190994,0.063756,0.137757
427.000000,209.190994,0.044368,0.131721
428.000000,209.190994,0.024787,0.102881
429.000000,209.190994,0.005100,0.095575
430.000000,209.190994,-0.014610,0.084963
431.000000,209.190994,-0.034256,0.055408
432.000000,209.190994,-0.053755,0.039093
433.000000,209.190994,-0.073022,0.033629
434.000000,209.190994,-0.091972,0.011228
435.000000,209.190994,-0.110526,-0.006522
436.000000,209.190994,-0.128604,-0.019987
437.000000,209.190994,-0.146124,-0.045109
438.000000,209.190994,-0.163016,-0.056281
439.000000,209.190994,-0.179203,-0.073163
440.000000,209.190994,-0.194615,-0.095300
441.000000,209.190994,-0.209190,-0.102469
442.000000,209.190994,-0.222859,-0.126186
443.000000,209.190994,-0.235565,-0.139914
444.000000,209.190994,-0.247259,-0.143946
445.000000,209.190994,-0.257880,-0.167928
446.000000,209.190994,-0.267389,-0.173948
447.000000,209.190994,-0.275749,-0.181698
448.000000,209.190994,-0.282909,-0.206392
449.000000,209.190994,-0.288853,-0.211985
450.000000,209.190994,-0.293552,-0.214874
451.000000,209.190994,-0.296976,-0.237992
452.000000,209.190994,-0.299125,-0.239297
453.000000,209.190994,-0.299981,-0.238750
454.000000,209.190994,-0.299538,-0.255294
455.000000,209.190994,-0.297807,-0.259031
456.000000,209.190994,-0.294787,-0.264893
457.000000,209.190994,-0.290493,-0.266592
458.000000,209.190994,-0.284951,-0.260897
459.000000,209.190994,-0.278172,-0.275737
460.000000,209.190994,-0.270194,-0.266026
461.000000,209.190994,-0.261054,-0.284245
462.000000,209.190994,-0.250779,-0.262726
463.000000,209.190994,-0.239425,-0.245576
464.000000,209.190994,-0.227041,-0.237027
465.000000,209.190994,-0.213670,-0.243276
466.000000,209.190994,-0.199380,-0.226421
467.000000,209.190994,-0.184230,-0.208867
468.000000,209.190994,-0.168282,-0.209252
469.000000,209.190994,-0.151610,-0.201691
470.000000,209.190994,-0.134282,-0.183845
471.000000,209.190994,-0.116374,-0.182086
472.000000,209.190994,-0.097965,-0.164661
473.000000,209.190994,-0.079131,-0.151086
474.000000,209.190994,-0.059957,-0.138336
475.000000,209.190994,-0.040524,-0.118198
476.000000,209.190994,-0.020915,-0.109742
477.000000,209.190994,-0.001217,-0.092443
0.000000,218.473999,0.005738,-0.078461
1.000000,218.473999,0.026295,-0.078133
2.000000,218.473999,0.046728,-0.057845
3.000000,218.473999,0.066941,-0.030567
4.000000,218.473999,0.086840,-0.023659
5.000000,218.473999,0.106328,0.001347
6.000000,218.473999,0.125317,0.021476
7.000000,218.473999,0.143714,0.026383
8.000000,218.473999,0.161436,0.050815
9.000000,218.473999,0.178398,0.084529
10.000000,218.473999,0.194517,0.079999
11.000000,218.473999,0.209725,0.102719
12.000000,218.473999,0.223940,0.120005
13.000000,218.473999,0.237104,0.134046
14.000000,218.473999,0.249151,0.152896
15.000000,218.473999,0.260022,0.159778
16.000000,218.473999,0.269675,0.174791
17.000000,218.473999,0.278050,0.194065
18.000000,218.473999,0.285121,0.191818
19.000000,218.473999,0.290848,0.209531
20.000000,218.473999,0.295204,0.229232
21.000000,218.473999,0.298176,0.229275
22.000000,218.473999,0.299734,0.240269
23.000000,218.473999,0.299888,0.251534
24.000000,218.473999,0.298627,0.251580
25.000000,218.473999,0.295959,0.249563
26.000000,218.473999,0.291903,0.268694
27.000000,218.473999,0.286463,0.256153
28.000000,218.473999,0.279681,0.272723
29.000000,218.473999,0.271579,0.262273
30.000000,218.473999,0.262199,0.253863
31.000000,218.473999,0.251588,0.260563
32.000000,218.473999,0.239785,0.242850
33.000000,218.473999,0.226859,0.243565
34.000000,218.473999,0.212861,0.244967
35.000000,218.473999,0.197862,0.226700
36.000000,218.473999,0.181933,0.220969
37.000000,218.473999,0.165143,0.216078
38.000000,218.473999,0.147580,0.194816
39.000000,218.473999,0.129319,0.188939
40.000000,218.473999,0.110450,0.181901
41.000000,218.473999,0.091062,0.153635
42.000000,218.473999,0.071243,0.144040
43.000000,218.473999,0.051090,0.138010
44.000000,218.473999,0.030696,0.111599
45.000000,218.473999,0.010157,0.102142
46.000000,218.473999,-0.010429,0.058532
47.000000,218.473999,-0.030966,0.059980
48.000000,218.473999,-0.051358,0.055809
49.000000,218.473999,-0.071507,0.026668
50.000000,218.473999,-0.091320,0.012364
51.000000,218.473999,-0.110703,0.006897
52.000000,218.473999,-0.129564,-0.024232
53.000000,218.473999,-0.147817,-0.041262
54.000000,218.473999,-0.165370,-0.048011
55.000000,218.473999,-0.182148,-0.077994
56.000000,218.473999,-0.198066,-0.085731
57.000000,218.473999,-0.213052,-0.097771
58.000000,218.473999,-0.227038,-0.127469
59.000000,218.473999,-0.239948,-0.140782
60.000000,218.473999,-0.251734,-0.147524
61.000000,218.473999,-0.262331,-0.171364
62.000000,218.473999,-0.271694,-0.180535
63.000000,218.473999,-0.279781,-0.197685
64.000000,218.473999,-0.286543,-0.207685
65.000000,218.473999,-0.291964,-0.212572
66.000000,218.473999,-0.296003,-0.232127
67.000000,218.473999,-0.298652,-0.233280
68.000000,218.473999,-0.299896,-0.230311
69.000000,218.473999,-0.299722,-0.251716
70.000000,218.473999,-0.298145,-0.256023
71.000000,218.473999,-0.295156,-0.252192
72.000000,218.473999,-0.290781,-0.268733
73.000000,218.473999,-0.285037,-0.266606
74.000000,218.473999,-0.277948,-0.260628
75.000000,218.473999,-0.269556,-0.270164
76.000000,218.473999,-0.259887,-0.261887
77.000000,218.473999,-0.248999,-0.252759
78.000000,218.473999,-0.236938,-0.258011
79.000000,218.473999,-0.223759,-0.249595
80.000000,218.473999,-0.209532,-0.247445
81.000000,218.473999,-0.194311,-0.235994
82.000000,218.473999,-0.178180,-0.216143
83.000000,218.473999,-0.161207,-0.213543
84.000000,218.473999,-0.143476,-0.193248
85.000000,218.473999,-0.125071,-0.176121
86.000000,218.473999,-0.106074,-0.178226
87.000000,218.473999,-0.086580,-0.163084
88.000000,218.473999,-0.066677,-0.135947
89.000000,218.473999,-0.046461,-0.132757
90.000000,218.473999,-0.026026,-0.115044
91.000000,218.473999,-0.005467,-0.091479
92.000000,218.473999,0.015116,-0.086287
93.000000,218.473999,0.035629,-0.067858
94.000000,218.473999,0.055973,-0.039715
95.000000,218.473999,0.076055,-0.032382
96.000000,218.473999,0.095777,-0.009954
97.000000,218.473999,0.115050,0.009190
98.000000,218.473999,0.133779,0.020803
99.000000,218.473999,0.151880,0.041657
100.000000,218.473999,0.169266,0.051829
101.000000,218.473999,0.185852,0.074990
102.000000,218.473999,0.201568,0.099270
103.000000,218.473999,0.216329,0.102881
104.000000,218.473999,0.230074,0.124315
105.000000,218.473999,0.242736,0.148162
106.000000,218.473999,0.254253,0.147634
107.000000,218.473999,0.264579,0.176073
108.000000,218.473999,0.273650,0.190052
109.000000,218.473999,0.281438,0.192242
110.000000,218.473999,0.287899,0.205379
111.000000,218.473999,0.293004,0.223795
112.000000,218.473999,0.296734,0.220409
113.000000,218.473999,0.299058,0.237121
114.000000,218.473999,0.299981,0.248966
115.000000,218.473999,0.299487,0.239427
116.000000,218.473999,0.297584,0.254990
117.000000,218.473999,0.294284,0.258423
118.000000,218.473999,0.289590,0.261726
119.000000,218.473999,0.283540,0.269138
120.000000,218.473999,0.276149,0.258442
121.000000,218.473999,0.267460,0.260291
122.000000,218.473999,0.257514,0.268982
123.000000,218.473999,0.246350,0.255440
124.000000,218.473999,0.234033,0.250994
125.000000,218.473999,0.220607,0.252108
126.000000,218.473999,0.206146,0.231276
127.000000,218.473999,0.190714,0.232118
128.000000,218.473999,0.174382,0.221651
129.000000,218.473999,0.157232,0.198103
130.000000,218.473999,0.139338,0.191795
131.000000,218.473999,0.120790,0.186914
132.000000,218.473999,0.101673,0.156779
133.000000,218.473999,0.082076,0.154901
134.000000,218.473999,0.062095,0.134179
135.000000,218.473999,0.041819,0.120031
136.000000,218.473999,0.021348,0.111711
137.000000,218.473999,0.000775,0.087580
138.000000,218.473999,-0.019800,0.080278
139.000000,218.473999,-0.040284,0.068950
140.000000,218.473999,-0.060576,0.036104
141.000000,218.473999,-0.080584,-0.027257
142.000000,218.473999,-0.100212,0.014041
143.000000,218.473999,-0.119368,-0.001641
144.000000,218.473999,-0.137964,-0.019530
145.000000,218.473999,-0.155907,-0.035570
146.000000,218.473999,-0.173119,-0.066841
147.000000,218.473999,-0.189513,-0.082159
148.000000,218.473999,-0.205016,-0.096045
149.000000,218.473999,-0.219555,-0.117317
150.000000,218.473999,-0.233056,-0.125772
151.000000,218.473999,-0.245465,-0.147932
152.000000,218.473999,-0.256713,-0.163359
153.000000,218.473999,-0.266754,-0.167961
154.000000,218.473999,-0.275541,-0.188663
155.000000,218.473999,-0.283026,-0.197967
156.000000,218.473999,-0.289185,-0.199855
157.000000,218.473999,-0.293975,-0.224549
158.000000,218.473999,-0.297385,-0.239436
159.000000,218.473999,-0.299394,-0.230457
160.000000,218.473999,-0.299990,-0.248999
161.000000,218.473999,-0.299181,-0.247872
162.000000,218.473999,-0.296954,-0.254767
163.000000,218.473999,-0.293334,-0.266586
164.000000,218.473999,-0.288332,-0.259740
165.000000,218.473999,-0.281970,-0.255194
166.000000,218.473999,-0.274286,-0.266874
167.000000,218.473999,-0.265302,-0.264031
168.000000,218.473999,-0.255075,-0.253475
169.000000,218.473999,-0.243644,-0.261013
170.000000,218.473999,-0.231066,-0.249880
171.000000,218.473999,-0.217404,-0.245307
172.000000,218.473999,-0.202711,-0.237995
173.000000,218.473999,-0.187069,-0.218141
174.000000,218.473999,-0.170543,-0.220123
175.000000,218.473999,-0.153216,-0.205972
176.000000,218.473999,-0.135168,-0.187841
177.000000,218.473999,-0.116480,-0.184803
178.000000,218.473999,-0.097247,-0.168802
179.000000,218.473999,-0.077554,-0.142524
180.000000,218.473999,-0.057497,-0.140192
181.000000,218.473999,-0.037169,-0.121478
182.000000,218.473999,-0.016666,-0.096770
183.000000,218.473999,0.003916,-0.093722
184.000000,218.473999,0.024479,-0.072292
185.000000,218.473999,0.044927,-0.050297
186.000000,218.473999,0.065164,-0.040245
187.000000,218.473999,0.085093,-0.019533
188.000000,218.473999,0.104623,-0.003391
189.000000,218.473999,0.123658,0.010224
190.000000,218.473999,0.142112,0.033079
191.000000,218.473999,0.159897,0.044676
192.000000,218.473999,0.176928,0.065696
193.000000,218.473999,0.193130,0.090118
194.000000,218.473999,0.208415,0.100880
195.000000,218.473999,0.222724,0.115737
196.000000,218.473999,0.235983,0.139441
197.000000,218.473999,0.248130,0.140630
198.000000,218.473999,0.259112,0.160629
199.000000,218.473999,0.268867,0.185191
200.000000,218.473999,0.277363,0.182663
201.000000,218.473999,0.284548,0.199091
202.000000,218.473999,0.290395,0.219793
203.000000,218.473999,0.294878,0.217552
204.000000,218.473999,0.297964,0.237979
205.000000,218.473999,0.299656,0.247817
206.000000,218.473999,0.299930,0.239997
207.000000,218.473999,0.298794,0.250275
208.000000,218.473999,0.296254,0.260123
209.000000,218.473999,0.292313,0.257296
210.000000,218.473999,0.287003,0.264426
211.000000,218.473999,0.280334,0.254851
212.000000,218.473999,0.272349,0.262442
213.000000,218.473999,0.263082,0.275142
214.000000,218.473999,0.252572,0.255583
215.000000,218.473999,0.240880,0.248569
216.000000,218.473999,0.228045,0.251826
217.000000,218.473999,0.214142,0.240570
218.000000,218.473999,0.199229,0.224544
219.000000,218.473999,0.183377,0.229802
220.000000,218.473999,0.166665,0.208686
221.000000,218.473999,0.149162,0.199233
222.000000,218.473999,0.130962,0.198918
223.000000,218.473999,0.112143,0.169082
224.000000,218.473999,0.092796,0.162200
225.000000,218.473999,0.073013,0.156594
226.000000,218.473999,0.052885,0.130044
227.000000,218.473999,0.032508,0.117874
228.000000,218.473999,0.011979,0.107126
229.000000,218.473999,-0.008607,0.093153
230.000000,218.473999,-0.029153,0.075119
231.000000,218.473999,-0.049561,0.050951
232.000000,218.473999,-0.069736,0.026237
233.000000,218.473999,-0.089582,0.018494
234.000000,218.473999,-0.109006,-0.011081
235.000000,218.473999,-0.127919,-0.024957
236.000000,218.473999,-0.146226,-0.030991
237.000000,218.473999,-0.163848,-0.056262
238.000000,218.473999,-0.180695,-0.074005
239.000000,218.473999,-0.196694,-0.081612
240.000000,218.473999,-0.211766,-0.105445
241.000000,218.473999,-0.225839,-0.122906
242.000000,218.473999,-0.238853,-0.133515
243.000000,218.473999,-0.250736,-0.157776
244.000000,218.473999,-0.261443,-0.165943
245.000000,218.473999,-0.270918,-0.171407
246.000000,218.473999,-0.279114,-0.198815
247.000000,218.473999,-0.286004,-0.202264
248.000000,218.473999,-0.291536,-0.204861
249.000000,218.473999,-0.295703,-0.225411
250.000000,218.473999,-0.298475,-0.235152
251.000000,218.473999,-0.299840,-0.245732
252.000000,218.473999,-0.299800,-0.254154
253.000000,218.473999,-0.298338,-0.249316
254.000000,218.473999,-0.295478,-0.264300
255.000000,218.473999,-0.291224,-0.261308
256.000000,218.473999,-0.285598,-0.253760
257.000000,218.473999,-0.278633,-0.270300
258.000000,218.473999,-0.270347,-0.265028
259.000000,218.473999,-0.260795,-0.248760
260.000000,218.473999,-0.250011,-0.260870
261.000000,218.473999,-0.238050,-0.250304
262.000000,218.473999,-0.224972,-0.240039
263.000000,218.473999,-0.210829,-0.243999
264.000000,218.473999,-0.195698,-0.228144
265.000000,218.473999,-0.179642,-0.213725
266.000000,218.473999,-0.162741,-0.214974
267.000000,218.473999,-0.145075,-0.196263
268.000000,218.473999,-0.126724,-0.189388
269.000000,218.473999,-0.107779,-0.181662
270.000000,218.473999,-0.088323,-0.155523
271.000000,218.473999,-0.068453,-0.152199
272.000000,218.473999,-0.048261,-0.136627
273.000000,218.473999,-0.027840,-0.105345
274.000000,218.473999,-0.007290,-0.099726
275.000000,218.473999,0.013296,-0.082155
276.000000,218.473999,0.033818,-0.050871
277.000000,218.473999,0.054182,-0.049827
278.000000,218.473999,0.074290,-0.025680
279.000000,218.473999,0.094050,-0.003689
280.000000,218.473999,0.113364,0.000930
281.000000,218.473999,0.132146,0.023504
282.000000,218.473999,0.150305,0.044931
283.000000,218.473999,0.167757,0.053118
284.000000,218.473999,0.184421,0.078406
285.000000,218.473999,0.200211,0.080129
286.000000,218.473999,0.215064,0.103444
287.000000,218.473999,0.228900,0.127297
288.000000,218.473999,0.241660,0.131763
289.000000,218.473999,0.253284,0.152055
290.000000,218.473999,0.263710,0.174900
291.000000,218.473999,0.272901,0.180947
292.000000,218.473999,0.280801,0.196374
293.000000,218.473999,0.287381,0.214216
294.000000,218.473999,0.292610,0.214405
295.000000,218.473999,0.296456,0.227400
296.000000,218.473999,0.298913,0.242814
297.000000,218.473999,0.299954,0.237853
298.000000,218.473999,0.299588,0.252276
299.000000,218.473999,0.297811,0.261408
300.000000,218.473999,0.294628,0.256153
301.000000,218.473999,0.290065,0.265284
302.000000,218.473999,0.284127,0.261143
303.000000,218.473999,0.276857,0.263015
304.000000,218.473999,0.268282,0.268134
305.000000,218.473999,0.258442,0.254582
306.000000,218.473999,0.247390,0.257432
307.000000,218.473999,0.235166,0.260404
308.000000,218.473999,0.221839,0.240428
309.000000,218.473999,0.207466,0.236124
310.000000,218.473999,0.192116,0.238381
311.000000,218.473999,0.175864,0.215120
312.000000,218.473999,0.158779,0.207238
313.000000,218.473999,0.140950,0.205065
314.000000,218.473999,0.122456,0.178515
315.000000,218.473999,0.103385,0.173353
316.000000,218.473999,0.083829,0.157462
317.000000,218.473999,0.063876,0.133904
318.000000,218.473999,0.043624,0.128020
319.000000,218.473999,0.023165,0.106867
320.000000,218.473999,0.002598,0.094436
321.000000,218.473999,-0.017982,0.084257
322.000000,218.473999,-0.038476,0.054838
323.000000,218.473999,-0.058791,0.044815
324.000000,218.473999,-0.078827,0.035349
325.000000,218.473999,-0.098492,0.002934
326.000000,218.473999,-0.117695,-0.009093
327.000000,218.473999,-0.136341,-0.018701
328.000000,218.473999,-0.154349,-0.044105
329.000000,218.473999,-0.171626,-0.060996
330.000000,218.473999,-0.188097,-0.075893
331.000000,218.473999,-0.203682,-0.101015
332.000000,218.473999,-0.218307,-0.111329
333.000000,218.473999,-0.231908,-0.128781
334.000000,218.473999,-0.244410,-0.147630
335.000000,218.473999,-0.255766,-0.153515
336.000000,218.473999,-0.265916,-0.178517
337.000000,218.473999,-0.274813,-0.182954
338.000000,218.473999,-0.282421,-0.190558
339.000000,218.473999,-0.288691,-0.212539
340.000000,218.473999,-0.293608,-0.220418
341.000000,218.473999,-0.297139,-0.229599
342.000000,218.473999,-0.299271,-0.240994
343.000000,218.473999,-0.299998,-0.241583
344.000000,218.473999,-0.299305,-0.242898
345.000000,218.473999,-0.297210,-0.263157
346.000000,218.473999,-0.293710,-0.259170
347.000000,218.473999,-0.288829,-0.257762
348.000000,218.473999,-0.282590,-0.265019
349.000000,218.473999,-0.275015,-0.260605
350.000000,218.473999,-0.266151,-0.270317
351.000000,218.473999,-0.256028,-0.263163
352.000000,218.473999,-0.244703,-0.245748
353.000000,218.473999,-0.232226,-0.255291
354.000000,218.473999,-0.218652,-0.242147
355.000000,218.473999,-0.204054,-0.227594
356.000000,218.473999,-0.188489,-0.231127
357.000000,218.473999,-0.172040,-0.215557
358.000000,218.473999,-0.154780,-0.197857
359.000000,218.473999,-0.136791,-0.197957
360.000000,218.473999,-0.118160,-0.179816
361.000000,218.473999,-0.098969,-0.158110
362.000000,218.473999,-0.079314,-0.155205
363.000000,218.473999,-0.059285,-0.138207
364.000000,218.473999,-0.038977,-0.117926
365.000000,218.473999,-0.018485,-0.116316
366.000000,218.473999,0.002094,-0.087738
367.000000,218.473999,0.022662,-0.072149
368.000000,218.473999,0.043124,-0.057839
369.000000,218.473999,0.063383,-0.032985
370.000000,218.473999,0.083345,-0.027949
371.000000,218.473999,0.102911,-0.005657
372.000000,218.473999,0.121996,0.021337
373.000000,218.473999,0.140504,-0.049151
374.000000,218.473999,0.158351,0.049103
375.000000,218.473999,0.175455,0.089688
376.000000,218.473999,0.191728,0.092593
377.000000,218.473999,0.207103,0.112019
378.000000,218.473999,0.221498,0.127145
379.000000,218.473999,0.234853,0.131333
380.000000,218.473999,0.247103,0.155196
381.000000,218.473999,0.258185,0.165901
382.000000,218.473999,0.268058,0.173797
383.000000,218.473999,0.276661,0.191503
384.000000,218.473999,0.283966,0.194949
385.000000,218.473999,0.289934,0.209965
386.000000,218.473999,0.294533,0.229096
387.000000,218.473999,0.297752,0.227562
388.000000,218.473999,0.299560,0.239129
389.000000,218.473999,0.299963,0.253539
390.000000,218.473999,0.298953,0.249579
391.000000,218.473999,0.296533,0.262289
392.000000,218.473999,0.292723,0.269980
393.000000,218.473999,0.287524,0.259016
394.000000,218.473999,0.280979,0.265719
395.000000,218.473999,0.273108,0.270838
396.000000,218.473999,0.263951,0.254867
397.000000,218.473999,0.253555,0.263287
398.000000,218.473999,0.241958,0.258694
399.000000,218.473999,0.229227,0.242857
400.000000,218.473999,0.215414,0.242264
401.000000,218.473999,0.200587,0.226972
402.000000,218.473999,0.184818,0.221548
403.000000,218.473999,0.168174,0.219806
404.000000,218.473999,0.150743,0.194674
405.000000,218.473999,0.132598,0.186798
406.000000,218.473999,0.113831,0.185198
407.000000,218.473999,0.094528,0.158071
408.000000,218.473999,0.074778,0.152194
409.000000,218.473999,0.054678,0.143871
410.000000,218.473999,0.034319,0.115462
411.000000,218.473999,0.013800,0.102865
412.000000,218.473999,-0.006785,0.094111
413.000000,218.473999,-0.027338,0.067276
414.000000,218.473999,-0.047763,0.054248
415.000000,218.473999,-0.067961,0.042208
416.000000,218.473999,-0.087841,0.010654
417.000000,218.473999,-0.107307,0.000917
418.000000,218.473999,-0.126266,-0.014550
419.000000,218.473999,-0.144635,-0.039245
420.000000,218.473999,-0.162317,-0.051563
421.000000,218.473999,-0.179238,-0.070012
422.000000,218.473999,-0.195314,-0.089723
423.000000,218.473999,-0.210470,-0.100756
424.000000,218.473999,-0.224638,-0.126326
425.000000,218.473999,-0.237743,-0.135769
426.000000,218.473999,-0.249733,-0.143661
427.000000,218.473999,-0.260544,-0.170502
428.000000,218.473999,-0.270128,-0.179809
429.000000,218.473999,-0.278445,-0.185704
430.000000,218.473999,-0.285443,-0.206247
431.000000,218.473999,-0.291104,-0.209838
432.000000,218.473999,-0.295389,-0.209295
433.000000,218.473999,-0.298285,-0.238562
434.000000,218.473999,-0.299779,-0.242869
435.000000,218.473999,-0.299855,-0.240755
436.000000,218.473999,-0.298527,-0.260297
437.000000,218.473999,-0.295786,-0.259886
438.000000,218.473999,-0.291656,-0.255907
439.000000,218.473999,-0.286153,-0.269879
440.000000,218.473999,-0.279299,-0.266466
441.000000,218.473999,-0.271136,-0.265605
442.000000,218.473999,-0.261689,-0.261304
443.000000,218.473999,-0.251014,-0.253604
444.000000,218.473999,-0.239156,-0.255864
445.000000,218.473999,-0.226171,-0.244579
446.000000,218.473999,-0.212125,-0.232170
447.000000,218.473999,-0.197074,-0.231842
448.000000,218.473999,-0.181099,-0.221707
449.000000,218.473999,-0.164270,-0.203006
450.000000,218.473999,-0.146667,-0.206392
451.000000,218.473999,-0.128376,-0.191254
452.000000,218.473999,-0.109476,-0.169548
453.000000,218.473999,-0.090064,-0.164498
454.000000,218.473999,-0.070226,-0.147501
455.000000,218.473999,-0.050058,-0.128794
456.000000,218.473999,-0.029655,-0.120318
0.000000,228.167999,0.015607,-0.086430
1.000000,228.167999,0.037023,-0.064141
2.000000,228.167999,0.058250,-0.036146
3.000000,228.167999,0.079177,-0.035384
4.000000,228.167999,0.099697,-0.022674
5.000000,228.167999,0.119705,0.012613
6.000000,228.167999,0.139099,0.024952
7.000000,228.167999,0.157779,0.046667
8.000000,228.167999,0.175649,0.061670
9.000000,228.167999,0.192614,0.078425
10.000000,228.167999,0.208591,0.103710
11.000000,228.167999,0.223496,0.108739
12.000000,228.167999,0.237255,0.127035
13.000000,228.167999,0.249796,0.142022
14.000000,228.167999,0.261056,0.156355
15.000000,228.167999,0.270970,0.172359
16.000000,228.167999,0.279492,0.195632
17.000000,228.167999,0.286580,0.198819
18.000000,228.167999,0.292198,0.209528
19.000000,228.167999,0.296315,0.230087
20.000000,228.167999,0.298912,0.229703
21.000000,228.167999,0.299971,0.243556
22.000000,228.167999,0.299487,0.254109
23.000000,228.167999,0.297466,0.250149
24.000000,228.167999,0.293919,0.255994
25.000000,228.167999,0.288863,0.264698
26.000000,228.167999,0.282325,0.257011
27.000000,228.167999,0.274335,0.266855
28.000000,228.167999,0.264933,0.259436
29.000000,228.167999,0.254172,0.260152
30.000000,228.167999,0.242106,0.259410
31.000000,228.167999,0.228798,0.237999
32.000000,228.167999,0.214315,0.235554
33.000000,228.167999,0.198732,0.237668
34.000000,228.167999,0.182124,0.218407
35.000000,228.167999,0.164583,0.212530
36.000000,228.167999,0.146196,0.209641
37.000000,228.167999,0.127059,0.182948
38.000000,228.167999,0.107270,0.174353
39.000000,228.167999,0.086930,0.170036
40.000000,228.167999,0.066143,0.140338
41.000000,228.167999,0.045016,0.127741
42.000000,228.167999,0.023658,0.115707
43.000000,228.167999,0.002178,0.094585
44.000000,228.167999,-0.019312,0.078694
45.000000,228.167999,-0.040704,0.055955
46.000000,228.167999,-0.061887,0.038533
47.000000,228.167999,-0.082751,0.031360
48.000000,228.167999,-0.103190,0.000930
49.000000,228.167999,-0.123099,-0.012946
50.000000,228.167999,-0.142377,-0.025414
51.000000,228.167999,-0.160924,-0.055973
52.000000,228.167999,-0.178645,-0.066997
53.000000,228.167999,-0.195445,-0.078752
54.000000,228.167999,-0.211242,-0.107589
55.000000,228.167999,-0.225955,-0.117472
56.000000,228.167999,-0.239508,-0.125938
57.000000,228.167999,-0.251833,-0.154346
58.000000,228.167999,-0.262864,-0.166659
59.000000,228.167999,-0.272542,-0.170548
60.000000,228.167999,-0.280820,-0.200243
61.000000,228.167999,-0.287656,-0.203122
62.000000,228.167999,-0.293016,-0.211153
63.000000,228.167999,-0.296872,-0.228128
64.000000,228.167999,-0.299205,-0.232866
65.000000,228.167999,-0.299998,-0.245732
66.000000,228.167999,-0.299248,-0.255297
67.000000,228.167999,-0.296963,-0.248886
68.000000,228.167999,-0.293153,-0.268299
69.000000,228.167999,-0.287839,-0.262593
70.000000,228.167999,-0.281048,-0.254760
71.000000,228.167999,-0.272813,-0.268020
72.000000,228.167999,-0.263172,-0.263600
73.000000,228.167999,-0.252181,-0.251762
74.000000,228.167999,-0.239896,-0.261155
75.000000,228.167999,-0.226380,-0.248018
76.000000,228.167999,-0.211701,-0.230029
77.000000,228.167999,-0.195936,-0.236418
78.000000,228.167999,-0.179161,-0.221564
79.000000,228.167999,-0.161467,-0.204434
80.000000,228.167999,-0.142944,-0.205534
81.000000,228.167999,-0.123687,-0.187109
82.000000,228.167999,-0.103796,-0.168968
83.000000,228.167999,-0.083371,-0.160069
84.000000,228.167999,-0.062518,-0.140931
85.000000,228.167999,-0.041343,-0.138055
86.000000,228.167999,-0.019956,-0.115034
87.000000,228.167999,0.001533,-0.090468
88.000000,228.167999,0.023015,-0.079422
89.000000,228.167999,0.044378,-0.061132
90.000000,228.167999,0.065514,-0.033568
91.000000,228.167999,0.086312,-0.029092
92.000000,228.167999,0.106667,-0.007804
93.000000,228.167999,0.126474,0.023050
94.000000,228.167999,0.145633,0.026240
95.000000,228.167999,0.164044,0.040809
96.000000,228.167999,0.181613,0.072806
97.000000,228.167999,0.198246,0.084148
98.000000,228.167999,0.213862,0.104578
99.000000,228.167999,0.228379,0.130432
100.000000,228.167999,0.241725,0.131187
101.000000,228.167999,0.253830,0.152472
102.000000,228.167999,0.264633,0.176202
103.000000,228.167999,0.274072,0.173793
104.000000,228.167999,0.282104,0.193359
105.000000,228.167999,0.288687,0.196529
106.000000,228.167999,0.293789,0.217543
107.000000,228.167999,0.297384,0.230382
108.000000,228.167999,0.299452,0.234997
109.000000,228.167999,0.299979,0.240557
110.000000,228.167999,0.298964,0.254682
111.000000,228.167999,0.296414,0.248290
112.000000,228.167999,0.292343,0.257710
113.000000,228.167999,0.286771,0.269406
114.000000,228.167999,0.279728,0.257011
115.000000,228.167999,0.271248,0.262428
116.000000,228.167999,0.261370,0.266126
117.000000,228.167999,0.250151,0.250576
118.000000,228.167999,0.237649,0.250699
119.000000,228.167999,0.223927,0.239984
120.000000,228.167999,0.209055,0.237847
121.000000,228.167999,0.193111,0.231532
122.000000,228.167999,0.176170,0.211691
123.000000,228.167999,0.158326,0.203242
124.000000,228.167999,0.139670,0.207642
125.000000,228.167999,0.120296,0.182378
126.000000,228.167999,0.100305,0.168492
127.000000,228.167999,0.079799,0.163029
128.000000,228.167999,0.058883,0.136336
129.000000,228.167999,0.037663,0.124594
130.000000,228.167999,0.016251,0.113699
131.000000,228.167999,-0.005245,0.087862
132.000000,228.167999,-0.026714,0.076550
133.000000,228.167999,-0.048046,0.055378
134.000000,228.167999,-0.069131,0.021946
135.000000,228.167999,-0.089860,0.021496
136.000000,228.167999,-0.110128,-0.005505
137.000000,228.167999,-0.129830,-0.020809
138.000000,228.167999,-0.148867,-0.023552
139.000000,228.167999,-0.167139,-0.059260
140.000000,228.167999,-0.184554,-0.074290
141.000000,228.167999,-0.201017,-0.081897
142.000000,228.167999,-0.216448,-0.112307
143.000000,228.167999,-0.230769,-0.125762
144.000000,228.167999,-0.243905,-0.131799
145.000000,228.167999,-0.255789,-0.156205
146.000000,228.167999,-0.266361,-0.169661
147.000000,228.167999,-0.275561,-0.171976
148.000000,228.167999,-0.283345,-0.198669
149.000000,228.167999,-0.289675,-0.209411
150.000000,228.167999,-0.294518,-0.211014
151.000000,228.167999,-0.297849,-0.240281
152.000000,228.167999,-0.299653,-0.239582
153.000000,228.167999,-0.299914,-0.236891
154.000000,228.167999,-0.298633,-0.257295
155.000000,228.167999,-0.295819,-0.255741
156.000000,228.167999,-0.291488,-0.262325
157.000000,228.167999,-0.285660,-0.265595
158.000000,228.167999,-0.278365,-0.361413
159.000000,228.167999,-0.269642,-0.269299
160.000000,228.167999,-0.259528,-0.240288
161.000000,228.167999,-0.248084,-0.229310
162.000000,228.167999,-0.235366,-0.241136
163.000000,228.167999,-0.221440,-0.235861
164.000000,228.167999,-0.206377,-0.223452
165.000000,228.167999,-0.190255,-0.228555
166.000000,228.167999,-0.173153,-0.215703
167.000000,228.167999,-0.155162,-0.195571
168.000000,228.167999,-0.136374,-0.197672
169.000000,228.167999,-0.116887,-0.176383
170.000000,228.167999,-0.096800,-0.162249
171.000000,228.167999,-0.076215,-0.155350
172.000000,228.167999,-0.055239,-0.140357
173.000000,228.167999,-0.033978,-0.125332
174.000000,228.167999,-0.012544,-0.106883
175.000000,228.167999,0.008955,-0.081744
176.000000,228.167999,0.030408,-0.077848
177.000000,228.167999,0.051706,-0.051411
178.000000,228.167999,0.072737,-0.025706
179.000000,228.167999,0.093395,-0.022946
180.000000,228.167999,0.113572,0.000774
181.000000,228.167999,0.133167,0.032201
182.000000,228.167999,0.152078,0.032817
183.000000,228.167999,0.170208,0.001195
184.000000,228.167999,0.187466,0.070374
185.000000,228.167999,0.203757,0.100449
186.000000,228.167999,0.219002,0.123739
187.000000,228.167999,0.233123,0.137874
188.000000,228.167999,0.246047,0.144056
189.000000,228.167999,0.257709,0.161909
190.000000,228.167999,0.268048,0.168346
191.000000,228.167999,0.277007,0.181228
192.000000,228.167999,0.284543,0.203365
193.000000,228.167999,0.290618,0.205538
194.000000,228.167999,0.295201,0.221830
195.000000,228.167999,0.298270,0.230094
196.000000,228.167999,0.299808,0.234136
197.000000,228.167999,0.299804,0.247134
198.000000,228.167999,0.298257,0.259543
199.000000,228.167999,0.295180,0.254871
200.000000,228.167999,0.290587,0.258572
201.000000,228.167999,0.284504,0.270980
202.000000,228.167999,0.276960,0.257872
203.000000,228.167999,0.267994,0.260858
204.000000,228.167999,0.257647,0.267551
205.000000,228.167999,0.245978,0.253578
206.000000,228.167999,0.233046,0.253847
207.000000,228.167999,0.218919,0.244258
208.000000,228.167999,0.203667,0.237423
209.000000,228.167999,0.187371,0.231250
210.000000,228.167999,0.170109,0.206966
211.000000,228.167999,0.151973,0.200956
212.000000,228.167999,0.133058,0.198209
213.000000,228.167999,0.113460,0.172799
214.000000,228.167999,0.093279,0.164347
215.000000,228.167999,0.072619,0.160600
216.000000,228.167999,0.051586,0.131618
217.000000,228.167999,0.030288,0.117162
218.000000,228.167999,0.008834,0.109124
219.000000,228.167999,-0.012665,0.077428
220.000000,228.167999,-0.034099,0.074264
221.000000,228.167999,-0.055358,0.056365
222.000000,228.167999,-0.076333,0.029812
223.000000,228.167999,-0.096915,0.015638
224.000000,228.167999,-0.116999,-0.009239
225.000000,228.167999,-0.136482,-0.028672
226.000000,228.167999,-0.155265,-0.039562
227.000000,228.167999,-0.173252,-0.068127
228.000000,228.167999,-0.190349,-0.081864
229.000000,228.167999,-0.206466,-0.087185
230.000000,228.167999,-0.221522,-0.116883
231.000000,228.167999,-0.235441,-0.128910
232.000000,228.167999,-0.248152,-0.134801
233.000000,228.167999,-0.259589,-0.165360
234.000000,228.167999,-0.269694,-0.174813
235.000000,228.167999,-0.278411,-0.179842
236.000000,228.167999,-0.285697,-0.203390
237.000000,228.167999,-0.291516,-0.209129
238.000000,228.167999,-0.295840,-0.221723
239.000000,228.167999,-0.298644,-0.254442
240.000000,228.167999,-0.299917,-0.236587
241.000000,228.167999,-0.299647,-0.249863
242.000000,228.167999,-0.297835,-0.252868
243.000000,228.167999,-0.294495,-0.246745
244.000000,228.167999,-0.289643,-0.261152
245.000000,228.167999,-0.283305,-0.261023
246.000000,228.167999,-0.275512,-0.221027
247.000000,228.167999,-0.266306,-0.260867
248.000000,228.167999,-0.255726,-0.266171
249.000000,228.167999,-0.243834,-0.255764
250.000000,228.167999,-0.230691,-0.261725
251.000000,228.167999,-0.216364,-0.245301
252.000000,228.167999,-0.200927,-0.230029
253.000000,228.167999,-0.184458,-0.230699
254.000000,228.167999,-0.167038,-0.214417
255.000000,228.167999,-0.148761,-0.198427
256.000000,228.167999,-0.129721,-0.193238
257.000000,228.167999,-0.110015,-0.175813
258.000000,228.167999,-0.089744,-0.163528
259.000000,228.167999,-0.069013,-0.147915
260.000000,228.167999,-0.047926,-0.133495
261.000000,228.167999,-0.026593,-0.124039
262.000000,228.167999,-0.005123,-0.103311
263.000000,228.167999,0.016372,-0.073027
264.000000,228.167999,0.037784,-0.072129
265.000000,228.167999,0.059001,-0.048694
266.000000,228.167999,0.079917,-0.019556
267.000000,228.167999,0.100420,-0.018367
268.000000,228.167999,0.120408,0.008067
269.000000,228.167999,0.139777,0.037778
270.000000,228.167999,0.158429,0.042396
271.000000,228.167999,0.176269,0.064115
272.000000,228.167999,0.193203,0.090536
273.000000,228.167999,0.209143,0.097729
274.000000,228.167999,0.224008,0.115442
275.000000,228.167999,0.237723,0.133722
276.000000,228.167999,0.250218,0.142340
277.000000,228.167999,0.261430,0.162909
278.000000,228.167999,0.271299,0.169781
279.000000,228.167999,0.279773,0.187090
280.000000,228.167999,0.286807,0.205651
281.000000,228.167999,0.292370,0.210260
282.000000,228.167999,0.296432,0.221260
283.000000,228.167999,0.298973,0.238099
284.000000,228.167999,0.299980,0.234851
285.000000,228.167999,0.299445,0.255570
286.000000,228.167999,0.297368,0.266120
287.000000,228.167999,0.293765,0.253867
288.000000,228.167999,0.288654,0.262428
289.000000,228.167999,0.282062,0.267263
290.000000,228.167999,0.274022,0.258727
291.000000,228.167999,0.264576,0.260712
292.000000,228.167999,0.253766,0.261693
293.000000,228.167999,0.241653,0.252720
294.000000,228.167999,0.228301,0.249983
295.000000,228.167999,0.213776,0.234696
296.000000,228.167999,0.198155,0.231843
297.000000,228.167999,0.181516,0.230243
298.000000,228.167999,0.163943,0.211834
299.000000,228.167999,0.145527,0.196235
300.000000,228.167999,0.126364,0.193630
301.000000,228.167999,0.106553,0.169509
302.000000,228.167999,0.086196,0.160914
303.000000,228.167999,0.065395,0.149447
304.000000,228.167999,0.044258,0.121466
305.000000,228.167999,0.022894,0.113441
306.000000,228.167999,0.001412,0.105549
307.000000,228.167999,-0.020077,0.076997
308.000000,228.167999,-0.041463,0.064685
309.000000,228.167999,-0.062636,0.048218
310.000000,228.167999,-0.083488,0.019090
311.000000,228.167999,-0.103910,0.008060
312.000000,228.167999,-0.123798,-0.018678
313.000000,228.167999,-0.143051,-0.002655
314.000000,228.167999,-0.161569,-0.044993
315.000000,228.167999,-0.179258,-0.079137
316.000000,228.167999,-0.196028,-0.092443
317.000000,228.167999,-0.211788,-0.098049
318.000000,228.167999,-0.226460,-0.122890
319.000000,228.167999,-0.239969,-0.133343
320.000000,228.167999,-0.252247,-0.143237
321.000000,228.167999,-0.263230,-0.169359
322.000000,228.167999,-0.272862,-0.180101
323.000000,228.167999,-0.281091,-0.181416
324.000000,228.167999,-0.287874,-0.207251
325.000000,228.167999,-0.293179,-0.210842
326.000000,228.167999,-0.296980,-0.219013
327.000000,228.167999,-0.299257,-0.242852
328.000000,228.167999,-0.299997,-0.240301
329.000000,228.167999,-0.299197,-0.248018
330.000000,228.167999,-0.296855,-0.258872
331.000000,228.167999,-0.292990,-0.258899
332.000000,228.167999,-0.287621,-0.268875
333.000000,228.167999,-0.280777,-0.262881
334.000000,228.167999,-0.272491,-0.257335
335.000000,228.167999,-0.262806,-0.264873
336.000000,228.167999,-0.251767,-0.254164
337.000000,228.167999,-0.239436,-0.240324
338.000000,228.167999,-0.225875,-0.249572
339.000000,228.167999,-0.211156,-0.240725
340.000000,228.167999,-0.195353,-0.226312
341.000000,228.167999,-0.178547,-0.227982
342.000000,228.167999,-0.160822,-0.208841
343.000000,228.167999,-0.142270,-0.192562
344.000000,228.167999,-0.122988,-0.189093
345.000000,228.167999,-0.103076,-0.168667
346.000000,228.167999,-0.082634,-0.158087
347.000000,228.167999,-0.061768,-0.145914
348.000000,228.167999,-0.040584,-0.122919
349.000000,228.167999,-0.019191,-0.122747
350.000000,228.167999,0.002300,-0.096161
351.000000,228.167999,0.023779,-0.067593
352.000000,228.167999,0.045136,-0.059976
353.000000,228.167999,0.066261,-0.043691
354.000000,228.167999,0.087047,-0.012552
355.000000,228.167999,0.107384,-0.005786
356.000000,228.167999,0.127169,0.014216
357.000000,228.167999,0.146302,0.041780
358.000000,228.167999,0.164684,0.046829
359.000000,228.167999,0.182221,0.067402
360.000000,228.167999,0.198823,0.096255
361.000000,228.167999,0.214400,0.098587
362.000000,228.167999,0.228877,0.120591
363.000000,228.167999,0.242178,0.139013
364.000000,228.167999,0.254236,0.140623
365.000000,228.167999,0.264990,0.168343
366.000000,228.167999,0.274384,0.180069
367.000000,228.167999,0.282367,0.193382
368.000000,228.167999,0.288896,0.216522
369.000000,228.167999,0.293944,0.215690
370.000000,228.167999,0.297482,0.225690
371.000000,228.167999,0.299494,0.242389
372.000000,228.167999,0.299969,0.238854
373.000000,228.167999,0.298903,0.248135
374.000000,228.167999,0.296297,0.264261
375.000000,228.167999,0.292170,0.254582
376.000000,228.167999,0.286544,0.262143
377.000000,228.167999,0.279448,0.279270
378.000000,228.167999,0.270917,0.260159
379.000000,228.167999,0.260996,0.260142
380.000000,228.167999,0.249729,0.261835
381.000000,228.167999,0.237181,0.250007
382.000000,228.167999,0.223415,0.244268
383.000000,228.167999,0.208503,0.239686
384.000000,228.167999,0.192521,0.225697
385.000000,228.167999,0.175550,0.223099
386.000000,228.167999,0.157676,0.202391
387.000000,228.167999,0.138991,0.195237
388.000000,228.167999,0.119593,0.190347
389.000000,228.167999,0.099582,0.163075
390.000000,228.167999,0.079059,0.151624
391.000000,228.167999,0.058131,0.146588
392.000000,228.167999,0.036903,0.126326
393.000000,228.167999,0.015485,0.104008
394.000000,228.167999,-0.006011,0.094830
395.000000,228.167999,-0.027477,0.068280
396.000000,228.167999,-0.048802,0.050534
397.000000,228.167999,-0.069876,0.046641
398.000000,228.167999,-0.090592,0.017089
399.000000,228.167999,-0.110841,0.001201
400.000000,228.167999,-0.130521,-0.010266
401.000000,228.167999,-0.149531,-0.038817
402.000000,228.167999,-0.167774,-0.054993
403.000000,228.167999,-0.185155,-0.068451
404.000000,228.167999,-0.201587,-0.095154
405.000000,228.167999,-0.216980,-0.109613
406.000000,228.167999,-0.231259,-0.128913
407.000000,228.167999,-0.244350,-0.140626
408.000000,228.167999,-0.256187,-0.150231
409.000000,228.167999,-0.266710,-0.173935
410.000000,228.167999,-0.275863,-0.185098
411.000000,228.167999,-0.283599,-0.195852
412.000000,228.167999,-0.289875,-0.209679
413.000000,228.167999,-0.294663,-0.216700
414.000000,228.167999,-0.297939,-0.217445
415.000000,228.167999,-0.299685,-0.236275
416.000000,228.167999,-0.299894,-0.243727
417.000000,228.167999,-0.298563,-0.247617
418.000000,228.167999,-0.295693,-0.261725
419.000000,228.167999,-0.291306,-0.259170
420.000000,228.167999,-0.285424,-0.254194
421.000000,228.167999,-0.278076,-0.264445
422.000000,228.167999,-0.269302,-0.268037
423.000000,228.167999,-0.259146,-0.260466
424.000000,228.167999,-0.247654,-0.257441
425.000000,228.167999,-0.234890,-0.253031
426.000000,228.167999,-0.220921,-0.250152
427.000000,228.167999,-0.205819,-0.239287
428.000000,228.167999,-0.189660,-0.219728
429.000000,228.167999,-0.172527,-0.223976
430.000000,228.167999,-0.154507,-0.207406
431.000000,228.167999,-0.135692,-0.185273
432.000000,228.167999,-0.116181,-0.184803
433.000000,228.167999,-0.096073,-0.170804
434.000000,228.167999,-0.075473,-0.138664
435.000000,228.167999,-0.054485,-0.138906
436.000000,228.167999,-0.033217,-0.117760
437.000000,228.167999,-0.011778,-0.098056
0.000000,238.292007,0.007793,-0.089034
1.000000,238.292007,0.030200,-0.080280
2.000000,238.292007,0.052439,-0.048982
3.000000,238.292007,0.074384,-0.029851
4.000000,238.292007,0.095912,-0.020511
5.000000,238.292007,0.116903,-0.000654
6.000000,238.292007,0.137239,0.026340
7.000000,238.292007,0.156807,0.030531
8.000000,238.292007,0.175497,0.058108
9.000000,238.292007,0.193204,0.085102
10.000000,238.292007,0.209827,0.089436
11.000000,238.292007,0.225274,0.111440
12.000000,238.292007,0.239459,0.135581
13.000000,238.292007,0.252304,0.137764
14.000000,238.292007,0.263735,0.160050
15.000000,238.292007,0.273690,0.167776
16.000000,238.292007,0.282112,0.186089
17.000000,238.292007,0.288954,0.208656
18.000000,238.292007,0.294178,0.207828
19.000000,238.292007,0.297753,0.220402
20.000000,238.292007,0.299658,0.241816
21.000000,238.292007,0.299884,0.241286
22.000000,238.292007,0.298432,0.251279
23.000000,238.292007,0.295307,0.261401
24.000000,238.292007,0.290529,0.250722
25.000000,238.292007,0.284124,0.260000
26.000000,238.292007,0.276128,0.265547
27.000000,238.292007,0.266586,0.256010
28.000000,238.292007,0.255550,0.255709
29.000000,238.292007,0.243082,0.258688
30.000000,238.292007,0.229251,0.245858
31.000000,238.292007,0.214135,0.244980
32.000000,238.292007,0.197821,0.228974
33.000000,238.292007,0.180398,0.220975
34.000000,238.292007,0.161966,0.215803
35.000000,238.292007,0.142626,0.193388
36.000000,238.292007,0.122488,0.189088
37.000000,238.292007,0.101664,0.178475
38.000000,238.292007,0.080270,0.149636
39.000000,238.292007,0.058426,0.140325
40.000000,238.292007,0.036254,0.131144
41.000000,238.292007,0.013879,0.105880
42.000000,238.292007,-0.008573,0.099290
43.000000,238.292007,-0.030977,0.083959
44.000000,238.292007,-0.053207,0.049401
45.000000,238.292007,-0.075140,0.035372
46.000000,238.292007,-0.096651,0.015906
47.000000,238.292007,-0.117622,-0.009365
48.000000,238.292007,-0.137934,-0.019822
49.000000,238.292007,-0.157473,-0.116912
50.000000,238.292007,-0.176129,-0.066275
51.000000,238.292007,-0.193798,-0.066440
52.000000,238.292007,-0.210382,-0.091575
53.000000,238.292007,-0.225787,-0.107171
54.000000,238.292007,-0.239928,-0.113065
55.000000,238.292007,-0.252725,-0.145338
56.000000,238.292007,-0.264107,-0.159509
57.000000,238.292007,-0.274011,-0.167831
58.000000,238.292007,-0.282379,-0.190664
59.000000,238.292007,-0.289165,-0.201548
60.000000,238.292007,-0.294329,-0.205865
61.000000,238.292007,-0.297844,-0.228413
62.000000,238.292007,-0.299692,-0.231004
63.000000,238.292007,-0.299861,-0.242176
64.000000,238.292007,-0.298350,-0.253150
65.000000,238.292007,-0.295169,-0.250310
66.000000,238.292007,-0.290335,-0.262742
67.000000,238.292007,-0.283875,-0.263448
68.000000,238.292007,-0.275826,-0.256467
69.000000,238.292007,-0.266230,-0.267729
70.000000,238.292007,-0.255140,-0.264452
71.000000,238.292007,-0.242622,-0.247040
72.000000,238.292007,-0.228745,-0.249429
73.000000,238.292007,-0.213588,-0.244154
74.000000,238.292007,-0.197234,-0.223737
75.000000,238.292007,-0.179776,-0.226696
76.000000,238.292007,-0.161311,-0.215418
77.000000,238.292007,-0.141942,-0.194713
78.000000,238.292007,-0.121778,-0.192095
79.000000,238.292007,-0.100932,-0.173096
80.000000,238.292007,-0.079519,-0.153243
81.000000,238.292007,-0.057661,-0.151918
82.000000,238.292007,-0.035481,-0.125630
83.000000,238.292007,-0.013102,-0.116044
84.000000,238.292007,0.009351,-0.099017
85.000000,238.292007,0.031751,-0.065728
86.000000,238.292007,0.053973,-0.060980
87.000000,238.292007,0.075893,-0.038257
88.000000,238.292007,0.097389,-0.007688
89.000000,238.292007,0.118338,-0.001499
90.000000,238.292007,0.138624,0.018219
91.000000,238.292007,0.158133,-0.023711
92.000000,238.292007,0.176757,0.052548
93.000000,238.292007,0.194391,0.094141
94.000000,238.292007,0.210935,0.115989
95.000000,238.292007,0.226299,0.120465
96.000000,238.292007,0.240396,0.143894
97.000000,238.292007,0.253146,0.150461
98.000000,238.292007,0.264479,0.155639
99.000000,238.292007,0.274329,0.184353
100.000000,238.292007,0.282640,0.189379
101.000000,238.292007,0.289368,0.202530
102.000000,238.292007,0.294476,0.221804
103.000000,238.292007,0.297935,0.218553
104.000000,238.292007,0.299725,0.233553
105.000000,238.292007,0.299837,0.248963
106.000000,238.292007,0.298269,0.245146
107.000000,238.292007,0.295031,0.252995
108.000000,238.292007,0.290141,0.264403
109.000000,238.292007,0.283624,0.257299
110.000000,238.292007,0.275517,0.258568
111.000000,238.292007,0.265866,0.263545
112.000000,238.292007,0.254727,0.257869
113.000000,238.292007,0.242162,0.251418
114.000000,238.292007,0.228240,0.245971
115.000000,238.292007,0.213040,0.236422
116.000000,238.292007,0.196647,0.236256
117.000000,238.292007,0.179152,0.216400
118.000000,238.292007,0.160654,0.212824
119.000000,238.292007,0.141255,0.210508
120.000000,238.292007,0.121064,0.180234
121.000000,238.292007,0.100196,0.166921
122.000000,238.292007,0.078766,0.163174
123.000000,238.292007,0.056895,0.136336
124.000000,238.292007,0.034706,0.122738
125.000000,238.292007,0.012322,0.114700
126.000000,238.292007,-0.010131,0.085148
127.000000,238.292007,-0.032527,0.073121
128.000000,238.292007,-0.054741,0.064371
129.000000,238.292007,-0.076649,0.029670
130.000000,238.292007,-0.098126,0.000628
131.000000,238.292007,-0.119054,-0.005246
132.000000,238.292007,-0.139315,-0.025809
133.000000,238.292007,-0.158795,-0.035984
134.000000,238.292007,-0.177387,-0.059409
135.000000,238.292007,-0.194985,-0.081291
136.000000,238.292007,-0.211491,-0.091615
137.000000,238.292007,-0.226812,-0.126607
138.000000,238.292007,-0.240864,-0.131196
139.000000,238.292007,-0.253565,-0.137375
140.000000,238.292007,-0.264844,-0.168501
141.000000,238.292007,-0.274640,-0.178381
142.000000,238.292007,-0.282898,-0.184133
143.000000,238.292007,-0.289572,-0.207393
144.000000,238.292007,-0.294623,-0.216561
145.000000,238.292007,-0.298025,-0.218019
146.000000,238.292007,-0.299758,-0.240566
147.000000,238.292007,-0.299813,-0.243015
148.000000,238.292007,-0.298188,-0.247895
149.000000,238.292007,-0.294891,-0.254863
150.000000,238.292007,-0.289940,-0.256029
151.000000,238.292007,-0.283366,-0.269465
152.000000,238.292007,-0.275205,-0.270310
153.000000,238.292007,-0.265503,-0.256467
154.000000,238.292007,-0.254314,-0.274024
155.000000,238.292007,-0.241701,-0.258163
156.000000,238.292007,-0.227735,-0.239890
157.000000,238.292007,-0.212492,-0.241709
158.000000,238.292007,-0.196060,-0.230858
159.000000,238.292007,-0.178528,-0.213158
160.000000,238.292007,-0.159995,-0.212827
161.000000,238.292007,-0.140566,-0.200690
162.000000,238.292007,-0.120350,-0.185419
163.000000,238.292007,-0.099461,-0.174793
164.000000,238.292007,-0.078014,-0.157080
165.000000,238.292007,-0.056131,-0.136799
166.000000,238.292007,-0.033933,-0.127754
167.000000,238.292007,-0.011545,-0.107327
168.000000,238.292007,0.010909,-0.089600
169.000000,238.292007,0.033301,-0.076281
170.000000,238.292007,0.055506,-0.050569
171.000000,238.292007,0.077400,-0.042107
172.000000,238.292007,0.098860,-0.016233
173.000000,238.292007,0.119767,0.012619
174.000000,238.292007,0.140003,0.015803
175.000000,238.292007,0.159455,0.037380
176.000000,238.292007,0.178015,0.067661
177.000000,238.292007,0.195577,0.070281
178.000000,238.292007,0.212044,0.098431
179.000000,238.292007,0.227322,0.124282
180.000000,238.292007,0.241326,0.130047
181.000000,238.292007,0.253978,0.148619
182.000000,238.292007,0.265207,0.171464
183.000000,238.292007,0.274951,0.173369
184.000000,238.292007,0.283156,0.187507
185.000000,238.292007,0.289775,0.206639
186.000000,238.292007,0.294771,0.211115
187.000000,238.292007,0.298116,0.223821
188.000000,238.292007,0.299792,0.236969
189.000000,238.292007,0.299786,0.242426
190.000000,238.292007,0.298099,0.254413
191.000000,238.292007,0.294744,0.248714
192.000000,238.292007,0.289737,0.258721
193.000000,238.292007,0.283108,0.265699
194.000000,238.292007,0.274894,0.249725
195.000000,238.292007,0.265140,0.258287
196.000000,238.292007,0.253901,0.268552
197.000000,238.292007,0.241241,0.249291
198.000000,238.292007,0.227229,0.248131
199.000000,238.292007,0.211942,0.247959
200.000000,238.292007,0.195468,0.227271
201.000000,238.292007,0.177899,0.222108
202.000000,238.292007,0.159333,0.213507
203.000000,238.292007,0.139876,0.195956
204.000000,238.292007,0.119635,0.192934
205.000000,238.292007,0.098725,0.166921
206.000000,238.292007,0.077261,0.153917
207.000000,238.292007,0.055365,0.148314
208.000000,238.292007,0.033158,0.116035
209.000000,238.292007,0.010765,0.104584
210.000000,238.292007,-0.011688,0.095831
211.000000,238.292007,-0.034076,0.067707
212.000000,238.292007,-0.056272,0.049961
213.000000,238.292007,-0.078153,0.041780
214.000000,238.292007,-0.099597,0.007653
215.000000,238.292007,-0.120483,-0.005090
216.000000,238.292007,-0.140694,-0.016700
217.000000,238.292007,-0.160117,-0.049685
218.000000,238.292007,-0.178644,-0.058279
219.000000,238.292007,-0.196169,-0.076463
220.000000,238.292007,-0.212594,-0.101588
221.000000,238.292007,-0.227828,-0.125202
222.000000,238.292007,-0.241787,-0.132922
223.000000,238.292007,-0.254391,-0.151348
224.000000,238.292007,-0.265571,-0.162093
225.000000,238.292007,-0.275263,-0.184375
226.000000,238.292007,-0.283414,-0.189100
227.000000,238.292007,-0.289978,-0.197423
228.000000,238.292007,-0.294918,-0.221402
229.000000,238.292007,-0.298203,-0.223993
230.000000,238.292007,-0.299817,-0.225454
231.000000,238.292007,-0.299752,-0.247143
232.000000,238.292007,-0.298009,-0.255165
233.000000,238.292007,-0.294596,-0.250618
234.000000,238.292007,-0.289534,-0.265446
235.000000,238.292007,-0.282850,-0.261029
236.000000,238.292007,-0.274582,-0.255333
237.000000,238.292007,-0.264777,-0.262587
238.000000,238.292007,-0.253489,-0.258889
239.000000,238.292007,-0.240777,-0.256169
240.000000,238.292007,-0.226717,-0.250294
241.000000,238.292007,-0.211388,-0.236305
242.000000,238.292007,-0.194875,-0.238704
243.000000,238.292007,-0.177270,-0.216409
244.000000,238.292007,-0.158673,-0.203572
245.000000,238.292007,-0.139187,-0.205677
246.000000,238.292007,-0.118922,-0.187248
247.000000,238.292007,-0.097990,-0.154532
248.000000,238.292007,-0.076509,-0.160211
249.000000,238.292007,-0.054599,-0.153223
250.000000,238.292007,-0.032384,-0.114358
251.000000,238.292007,-0.009987,-0.109308
252.000000,238.292007,0.012466,-0.091453
253.000000,238.292007,0.034849,-0.064164
254.000000,238.292007,0.057036,-0.054976
255.000000,238.292007,0.078905,-0.029404
256.000000,238.292007,0.100331,-0.024387
257.000000,238.292007,0.121196,0.003928
258.000000,238.292007,0.141382,0.030498
259.000000,238.292007,0.160775,0.039540
260.000000,238.292007,0.179267,0.065122
261.000000,238.292007,0.196755,0.090254
262.000000,238.292007,0.213141,0.099879
263.000000,238.292007,0.228333,0.115160
264.000000,238.292007,0.242247,0.140723
265.000000,238.292007,0.254803,0.142055
266.000000,238.292007,0.265933,0.163486
267.000000,238.292007,0.275574,0.185907
268.000000,238.292007,0.283672,0.187951
269.000000,238.292007,0.290177,0.203663
270.000000,238.292007,0.295057,0.220942
271.000000,238.292007,0.298284,0.220409
272.000000,238.292007,0.299841,0.239262
273.000000,238.292007,0.299719,0.247989
274.000000,238.292007,0.297918,0.250431
275.000000,238.292007,0.294449,0.258270
276.000000,238.292007,0.289331,0.252439
277.000000,238.292007,0.282592,0.262150
278.000000,238.292007,0.274271,0.267124
279.000000,238.292007,0.264410,0.254582
280.000000,238.292007,0.253068,0.254569
281.000000,238.292007,0.240309,0.259400
282.000000,238.292007,0.226205,0.244145
283.000000,238.292007,0.210833,0.241982
284.000000,238.292007,0.194281,0.249679
285.000000,238.292007,0.176641,0.218692
286.000000,238.292007,0.158012,0.206807
287.000000,238.292007,0.138497,0.200068
288.000000,238.292007,0.118207,0.184949
289.000000,238.292007,0.097253,0.173489
290.000000,238.292007,0.075754,0.149046
291.000000,238.292007,0.053832,0.136329
292.000000,238.292007,0.031608,0.122437
293.000000,238.292007,0.009207,0.101450
294.000000,238.292007,-0.013245,0.090284
295.000000,238.292007,-0.035624,0.079817
296.000000,238.292007,-0.057803,0.045256
297.000000,238.292007,-0.079658,0.033374
298.000000,238.292007,-0.101068,0.021619
299.000000,238.292007,-0.121910,-0.013937
300.000000,238.292007,-0.142069,-0.029824
301.000000,238.292007,-0.161432,-0.041007
302.000000,238.292007,-0.179891,-0.068415
303.000000,238.292007,-0.197343,-0.078156
304.000000,238.292007,-0.213689,-0.094617
305.000000,238.292007,-0.228839,-0.122320
306.000000,238.292007,-0.242708,-0.133065
307.000000,238.292007,-0.255217,-0.150215
308.000000,238.292007,-0.266297,-0.163647
309.000000,238.292007,-0.275882,-0.167530
310.000000,238.292007,-0.283922,-0.197383
311.000000,238.292007,-0.290371,-0.207691
312.000000,238.292007,-0.295195,-0.200140
313.000000,238.292007,-0.298365,-0.232700
314.000000,238.292007,-0.299865,-0.236434
315.000000,238.292007,-0.299685,-0.239038
316.000000,238.292007,-0.297827,-0.254293
317.000000,238.292007,-0.294301,-0.258455
318.000000,238.292007,-0.289127,-0.256195
319.000000,238.292007,-0.282330,-0.270449
320.000000,238.292007,-0.273951,-0.265462
321.000000,238.292007,-0.264039,-0.260761
322.000000,238.292007,-0.252647,-0.263302
323.000000,238.292007,-0.239841,-0.254028
324.000000,238.292007,-0.225692,-0.250016
325.000000,238.292007,-0.210279,-0.240858
326.000000,238.292007,-0.193688,-0.220153
327.000000,238.292007,-0.176013,-0.228267
328.000000,238.292007,-0.157351,-0.205402
329.000000,238.292007,-0.137806,-0.190849
330.000000,238.292007,-0.117489,-0.192380
331.000000,238.292007,-0.096515,-0.171519
332.000000,238.292007,-0.075000,-0.145099
333.000000,238.292007,-0.053065,-0.142193
334.000000,238.292007,-0.030834,-0.124337
335.000000,238.292007,-0.008429,-0.096913
336.000000,238.292007,0.014023,-0.090293
337.000000,238.292007,0.036397,-0.069575
338.000000,238.292007,0.058567,-0.048575
339.000000,238.292007,0.080408,-0.032386
340.000000,238.292007,0.101799,-0.009530
341.000000,238.292007,0.122619,-0.002513
342.000000,238.292007,0.142753,0.023517
343.000000,238.292007,0.162087,0.054517
344.000000,238.292007,0.180513,0.058844
345.000000,238.292007,0.197929,0.081706
346.000000,238.292007,0.214236,0.106268
347.000000,238.292007,0.229344,0.112887
348.000000,238.292007,0.243167,0.132032
349.000000,238.292007,0.255625,0.159168
350.000000,238.292007,0.266651,0.161358
351.000000,238.292007,0.276184,0.180930
352.000000,238.292007,0.284170,0.208209
353.000000,238.292007,0.290565,0.202536
354.000000,238.292007,0.295333,0.220107
355.000000,238.292007,0.298447,0.229242
356.000000,238.292007,0.299889,0.232989
357.000000,238.292007,0.299652,0.246266
358.000000,238.292007,0.297736,0.245136
359.000000,238.292007,0.294149,0.254718
360.000000,238.292007,0.288915,0.264413
361.000000,238.292007,0.282063,0.255013
362.000000,238.292007,0.273631,0.260003
363.000000,238.292007,0.263667,0.272700
364.000000,238.292007,0.252226,0.252439
365.000000,238.292007,0.239373,0.248277
366.000000,238.292007,0.225179,0.255252
367.000000,238.292007,0.209724,0.238427
368.000000,238.292007,0.193094,0.232545
369.000000,238.292007,0.175380,0.228802
370.000000,238.292007,0.156684,0.204680
371.000000,238.292007,0.137111,0.196798
372.000000,238.292007,0.116770,0.183349
373.000000,238.292007,0.095776,0.167359
374.000000,238.292007,0.074245,0.154613
375.000000,238.292007,0.052297,0.131184
376.000000,238.292007,0.030057,0.118026
377.000000,238.292007,0.007649,0.112278
378.000000,238.292007,-0.014803,0.082435
379.000000,238.292007,-0.037171,0.098140
380.000000,238.292007,-0.059331,0.057939
381.000000,238.292007,-0.081159,0.018093
382.000000,238.292007,-0.102532,-0.002798
383.000000,238.292007,-0.123331,-0.005117
384.000000,238.292007,-0.143439,-0.029666
385.000000,238.292007,-0.162744,-0.044983
386.000000,238.292007,-0.181137,-0.040997
387.000000,238.292007,-0.198517,-0.089720
388.000000,238.292007,-0.214784,-0.103752
389.000000,238.292007,-0.229846,-0.121349
390.000000,238.292007,-0.243620,-0.143485
391.000000,238.292007,-0.256030,-0.150513
392.000000,238.292007,-0.267006,-0.169939
393.000000,238.292007,-0.276487,-0.183381
394.000000,238.292007,-0.284420,-0.185555
395.000000,238.292007,-0.290759,-0.210107
396.000000,238.292007,-0.295471,-0.219417
397.000000,238.292007,-0.298528,-0.220305
398.000000,238.292007,-0.299912,-0.238419
399.000000,238.292007,-0.299613,-0.243727
400.000000,238.292007,-0.297636,-0.241324
401.000000,238.292007,-0.293992,-0.254863
402.000000,238.292007,-0.288702,-0.260171
403.000000,238.292007,-0.281796,-0.255907
404.000000,238.292007,-0.273311,-0.269164
405.000000,238.292007,-0.263295,-0.257600
406.000000,238.292007,-0.251805,-0.258892
407.000000,238.292007,-0.238905,-0.255009
408.000000,238.292007,-0.224666,-0.241593
409.000000,238.292007,-0.209166,-0.246146
410.000000,238.292007,-0.192495,-0.231567
411.000000,238.292007,-0.174746,-0.214009
412.000000,238.292007,-0.156019,-0.214540
413.000000,238.292007,-0.136418,-0.200829
414.000000,238.292007,-0.116053,-0.177410
415.000000,238.292007,-0.095038,-0.173650
416.000000,238.292007,-0.073490,-0.155648
417.000000,238.292007,-0.051531,-0.129370
418.000000,238.292007,-0.029283,-0.117741
0.000000,248.865997,0.004166,-0.095889
1.000000,248.865997,0.027582,-0.095167
2.000000,248.865997,0.050830,-0.062699
3.000000,248.865997,0.073766,-0.026120
4.000000,248.865997,0.096252,-0.023804
5.000000,248.865997,0.118152,-0.003225
6.000000,248.865997,0.139326,0.026771
7.000000,248.865997,0.159652,0.035819
8.000000,248.865997,0.179003,0.049387
9.000000,248.865997,0.197256,0.083101
10.000000,248.865997,0.214309,0.091583
11.000000,248.865997,0.230050,0.116015
12.000000,248.865997,0.244385,0.138437
13.000000,248.865997,0.257231,0.142770
14.000000,248.865997,0.268499,0.166487
15.000000,248.865997,0.278130,0.178336
16.000000,248.865997,0.286065,0.190668
17.000000,248.865997,0.292245,0.204945
18.000000,248.865997,0.296646,0.211532
19.000000,248.865997,0.299232,0.226552
20.000000,248.865997,0.299988,0.242396
21.000000,248.865997,0.298917,0.240858
22.000000,248.865997,0.296013,0.253141
23.000000,248.865997,0.291303,0.261547
24.000000,248.865997,0.284817,0.253582
25.000000,248.865997,0.276583,0.259715
26.000000,248.865997,0.266666,0.268121
27.000000,248.865997,0.255118,0.254440
28.000000,248.865997,0.242009,0.253708
29.000000,248.865997,0.227426,0.252250
30.000000,248.865997,0.211449,0.235994
31.000000,248.865997,0.194181,0.234835
32.000000,248.865997,0.175731,0.224090
33.000000,248.865997,0.156201,0.210684
34.000000,248.865997,0.135720,0.196510
35.000000,248.865997,0.114410,0.178352
36.000000,248.865997,0.092400,0.166216
37.000000,248.865997,0.069827,0.156753
38.000000,248.865997,0.046826,0.127900
39.000000,248.865997,0.023539,0.116880
40.000000,248.865997,0.000108,0.109419
41.000000,248.865997,-0.023323,0.075854
42.000000,248.865997,-0.046612,0.061398
43.000000,248.865997,-0.069616,0.051502
44.000000,248.865997,-0.092194,0.016373
45.000000,248.865997,-0.114210,0.005920
46.000000,248.865997,-0.135527,-0.004832
47.000000,248.865997,-0.156016,-0.043820
48.000000,248.865997,-0.175555,-0.057421
49.000000,248.865997,-0.194016,-0.070171
50.000000,248.865997,-0.211295,-0.099587
51.000000,248.865997,-0.227285,-0.112045
52.000000,248.865997,-0.241881,-0.130779
53.000000,248.865997,-0.255003,-0.146915
54.000000,248.865997,-0.266567,-0.158664
55.000000,248.865997,-0.276499,-0.183375
56.000000,248.865997,-0.284748,-0.192818
57.000000,248.865997,-0.291251,-0.199994
58.000000,248.865997,-0.295977,-0.219258
59.000000,248.865997,-0.298899,-0.229708
60.000000,248.865997,-0.299986,-0.228883
61.000000,248.865997,-0.299246,-0.248429
62.000000,248.865997,-0.296679,-0.248730
63.000000,248.865997,-0.292294,-0.249760
64.000000,248.865997,-0.286129,-0.265015
65.000000,248.865997,-0.278212,-0.255595
66.000000,248.865997,-0.268595,-0.252335
67.000000,248.865997,-0.257343,-0.262587
68.000000,248.865997,-0.244510,-0.262745
69.000000,248.865997,-0.230188,-0.248041
70.000000,248.865997,-0.214461,-0.243571
71.000000,248.865997,-0.197419,-0.232581
72.000000,248.865997,-0.179175,-0.234430
73.000000,248.865997,-0.159835,-0.218695
74.000000,248.865997,-0.139517,-0.193268
75.000000,248.865997,-0.118350,-0.191091
76.000000,248.865997,-0.096457,-0.172659
77.000000,248.865997,-0.073975,-0.151957
78.000000,248.865997,-0.051043,-0.147627
79.000000,248.865997,-0.027797,-0.124765
80.000000,248.865997,-0.004382,-0.096770
81.000000,248.865997,0.019060,-0.091148
82.000000,248.865997,0.042385,-0.069717
83.000000,248.865997,0.065452,-0.043008
84.000000,248.865997,0.088118,-0.031382
85.000000,248.865997,0.110246,-0.007807
86.000000,248.865997,0.131702,0.011901
87.000000,248.865997,0.152350,0.027526
88.000000,248.865997,0.172070,0.052671
89.000000,248.865997,0.190738,0.065679
90.000000,248.865997,0.208239,0.084860
91.000000,248.865997,0.224472,0.111002
92.000000,248.865997,0.239329,0.121747
93.000000,248.865997,0.252725,0.135471
94.000000,248.865997,0.264582,0.164182
95.000000,248.865997,0.274814,0.165361
96.000000,248.865997,0.283372,0.188084
97.000000,248.865997,0.290199,0.208070
98.000000,248.865997,0.295249,0.208971
99.000000,248.865997,0.298501,0.225399
100.000000,248.865997,0.299925,0.241382
101.000000,248.865997,0.299517,0.235282
102.000000,248.865997,0.297285,0.249278
103.000000,248.865997,0.293227,0.263403
104.000000,248.865997,0.287383,0.251865
105.000000,248.865997,0.279785,0.257283
106.000000,248.865997,0.270472,0.260119
107.000000,248.865997,0.259511,0.257296
108.000000,248.865997,0.246963,0.262998
109.000000,248.865997,0.232905,0.247701
110.000000,248.865997,0.217429,0.238705
111.000000,248.865997,0.200618,0.238109
112.000000,248.865997,0.182584,0.216979
113.000000,248.865997,0.163437,0.215820
114.000000,248.865997,0.143287,0.208073
115.000000,248.865997,0.122265,0.183382
116.000000,248.865997,0.100495,0.173213
117.000000,248.865997,0.078110,0.166892
118.000000,248.865997,0.055250,0.137194
119.000000,248.865997,0.032050,0.122881
120.000000,248.865997,0.008656,0.114843
121.000000,248.865997,-0.014792,0.081146
122.000000,248.865997,-0.038149,0.066686
123.000000,248.865997,-0.061273,0.056508
124.000000,248.865997,-0.084023,0.028669
125.000000,248.865997,-0.106259,0.012494
126.000000,248.865997,-0.127847,-0.009388
127.000000,248.865997,-0.148653,-0.031958
128.000000,248.865997,-0.168550,-0.043134
129.000000,248.865997,-0.187421,-0.075280
130.000000,248.865997,-0.205141,-0.090300
131.000000,248.865997,-0.221612,-0.099050
132.000000,248.865997,-0.236729,-0.126892
133.000000,248.865997,-0.250396,-0.141206
134.000000,248.865997,-0.262538,-0.151387
135.000000,248.865997,-0.273073,-0.175794
136.000000,248.865997,-0.281939,-0.186247
137.000000,248.865997,-0.289088,-0.191711
138.000000,248.865997,-0.294463,-0.213685
139.000000,248.865997,-0.298042,-0.218993
140.000000,248.865997,-0.299804,-0.224307
141.000000,248.865997,-0.299727,-0.251434
142.000000,248.865997,-0.297825,-0.250880
143.000000,248.865997,-0.294102,-0.260029
144.000000,248.865997,-0.288579,-0.261304
145.000000,248.865997,-0.281299,-0.262613
146.000000,248.865997,-0.272294,-0.266586
147.000000,248.865997,-0.261628,-0.260734
148.000000,248.865997,-0.249367,-0.200011
149.000000,248.865997,-0.235575,-0.255291
150.000000,248.865997,-0.220349,-0.253014
151.000000,248.865997,-0.203777,-0.240463
152.000000,248.865997,-0.185956,-0.241136
153.000000,248.865997,-0.167004,-0.234433
154.000000,248.865997,-0.147028,-0.202863
155.000000,248.865997,-0.126155,-0.194524
156.000000,248.865997,-0.104513,-0.178100
157.000000,248.865997,-0.082229,-0.153389
158.000000,248.865997,-0.059444,-0.150059
159.000000,248.865997,-0.036297,-0.128058
160.000000,248.865997,-0.012927,-0.112910
161.000000,248.865997,0.010522,-0.098016
162.000000,248.865997,0.033906,-0.069727
163.000000,248.865997,0.057083,-0.063700
164.000000,248.865997,0.079913,-0.037253
165.000000,248.865997,0.102252,-0.009259
166.000000,248.865997,0.123967,-0.023804
167.000000,248.865997,0.144927,0.019508
168.000000,248.865997,0.164997,0.053221
169.000000,248.865997,0.184063,0.063559
170.000000,248.865997,0.202003,0.088995
171.000000,248.865997,0.218708,0.111698
172.000000,248.865997,0.234080,0.113315
173.000000,248.865997,0.248017,0.136604
174.000000,248.865997,0.260441,0.156027
175.000000,248.865997,0.271278,0.163214
176.000000,248.865997,0.280450,0.182640
177.000000,248.865997,0.287914,0.191801
178.000000,248.865997,0.293617,0.205820
179.000000,248.865997,0.297524,0.227098
180.000000,248.865997,0.299620,0.224703
181.000000,248.865997,0.299878,0.238132
182.000000,248.865997,0.298307,0.254828
183.000000,248.865997,0.294918,0.247720
184.000000,248.865997,0.289718,0.255712
185.000000,248.865997,0.282753,0.261544
186.000000,248.865997,0.274062,0.254009
187.000000,248.865997,0.263692,0.261143
188.000000,248.865997,0.251716,0.267263
189.000000,248.865997,0.238199,0.249433
190.000000,248.865997,0.223226,0.245414
191.000000,248.865997,0.206895,0.241389
192.000000,248.865997,0.189292,0.219408
193.000000,248.865997,0.170537,0.220674
194.000000,248.865997,0.150740,0.207666
195.000000,248.865997,0.130020,0.194525
196.000000,248.865997,0.108508,0.184492
197.000000,248.865997,0.086332,0.161070
198.000000,248.865997,0.063628,0.152055
199.000000,248.865997,0.040536,0.138155
200.000000,248.865997,0.017196,0.106738
201.000000,248.865997,-0.006249,0.095715
202.000000,248.865997,-0.029656,0.085675
203.000000,248.865997,-0.052881,0.051690
204.000000,248.865997,-0.075784,0.035945
205.000000,248.865997,-0.098223,0.027626
206.000000,248.865997,-0.120062,-0.002215
207.000000,248.865997,-0.141169,-0.016959
208.000000,248.865997,-0.161411,-0.038850
209.000000,248.865997,-0.180668,-0.061838
210.000000,248.865997,-0.198824,-0.080307
211.000000,248.865997,-0.215760,-0.103596
212.000000,248.865997,-0.231381,-0.120468
213.000000,248.865997,-0.245589,-0.127217
214.000000,248.865997,-0.258293,-0.157776
215.000000,248.865997,-0.269424,-0.170516
216.000000,248.865997,-0.278905,-0.172119
217.000000,248.865997,-0.286682,-0.199958
218.000000,248.865997,-0.292714,-0.203549
219.000000,248.865997,-0.296947,-0.207439
220.000000,248.865997,-0.299372,-0.231842
221.000000,248.865997,-0.299969,-0.240725
222.000000,248.865997,-0.298729,-0.241467
223.000000,248.865997,-0.295669,-0.260297
224.000000,248.865997,-0.290799,-0.258885
225.000000,248.865997,-0.284152,-0.263332
226.000000,248.865997,-0.275774,-0.266019
227.000000,248.865997,-0.265704,-0.258176
228.000000,248.865997,-0.254014,-0.263740
229.000000,248.865997,-0.240775,-0.256729
230.000000,248.865997,-0.226059,-0.239598
231.000000,248.865997,-0.209967,-0.243853
232.000000,248.865997,-0.192590,-0.233572
233.000000,248.865997,-0.174035,-0.220301
234.000000,248.865997,-0.154420,-0.215544
235.000000,248.865997,-0.133859,-0.197115
236.000000,248.865997,-0.112481,-0.176125
237.000000,248.865997,-0.090417,-0.172649
238.000000,248.865997,-0.067798,-0.150076
239.000000,248.865997,-0.044766,-0.127366
240.000000,248.865997,-0.021461,-0.121892
241.000000,248.865997,0.001975,-0.097890
242.000000,248.865997,0.025400,-0.086735
243.000000,248.865997,0.048669,-0.065274
244.000000,248.865997,0.071640,-0.038562
245.000000,248.865997,0.094176,-0.030093
246.000000,248.865997,0.116133,-0.005511
247.000000,248.865997,0.137383,0.023911
248.000000,248.865997,0.157793,0.030389
249.000000,248.865997,0.177237,0.057253
250.000000,248.865997,0.195602,0.087249
251.000000,248.865997,0.212769,0.090724
252.000000,248.865997,0.228636,0.112155
253.000000,248.865997,0.243112,0.135862
254.000000,248.865997,0.256093,0.142340
255.000000,248.865997,0.267515,0.162770
256.000000,248.865997,0.277304,0.182339
257.000000,248.865997,0.285394,0.188094
258.000000,248.865997,0.291745,0.206231
259.000000,248.865997,0.296311,0.221539
260.000000,248.865997,0.299065,0.226694
261.000000,248.865997,0.299999,0.244543
262.000000,248.865997,0.299091,0.237429
263.000000,248.865997,0.296360,0.248996
264.000000,248.865997,0.291822,0.262405
265.000000,248.865997,0.285493,0.253297
266.000000,248.865997,0.277426,0.257571
267.000000,248.865997,0.267663,0.264546
268.000000,248.865997,0.256262,0.256584
269.000000,248.865997,0.243300,0.256852
270.000000,248.865997,0.228847,0.255252
271.000000,248.865997,0.212997,0.237280
272.000000,248.865997,0.195849,0.232688
273.000000,248.865997,0.177499,0.224806
274.000000,248.865997,0.158068,0.208398
275.000000,248.865997,0.137671,0.201228
276.000000,248.865997,0.116432,0.178217
277.000000,248.865997,0.094483,0.165069
278.000000,248.865997,0.071955,0.159467
279.000000,248.865997,0.048988,0.133907
280.000000,248.865997,0.025723,0.122884
281.000000,248.865997,0.002299,0.112560
282.000000,248.865997,-0.021138,0.082146
283.000000,248.865997,-0.044446,0.062114
284.000000,248.865997,-0.067482,0.053218
285.000000,248.865997,-0.090107,0.018663
286.000000,248.865997,-0.112181,0.004346
287.000000,248.865997,-0.133568,-0.006976
288.000000,248.865997,-0.154143,-0.037816
289.000000,248.865997,-0.173771,-0.053846
290.000000,248.865997,-0.192340,-0.068166
291.000000,248.865997,-0.209736,-0.094869
292.000000,248.865997,-0.225846,-0.106041
293.000000,248.865997,-0.240580,-0.128486
294.000000,248.865997,-0.253843,-0.147345
295.000000,248.865997,-0.265553,-0.155092
296.000000,248.865997,-0.275646,-0.180654
297.000000,248.865997,-0.284048,-0.189531
298.000000,248.865997,-0.290718,-0.196280
299.000000,248.865997,-0.295615,-0.224265
300.000000,248.865997,-0.298699,-0.231285
301.000000,248.865997,-0.299964,-0.220305
302.000000,248.865997,-0.299394,-0.241706
303.000000,248.865997,-0.296993,-0.250304
304.000000,248.865997,-0.292783,-0.245615
305.000000,248.865997,-0.286778,-0.265443
306.000000,248.865997,-0.279023,-0.259598
307.000000,248.865997,-0.269568,-0.251477
308.000000,248.865997,-0.258458,-0.265161
309.000000,248.865997,-0.245774,-0.255025
310.000000,248.865997,-0.231588,-0.254750
311.000000,248.865997,-0.215985,-0.243286
312.000000,248.865997,-0.199066,-0.231726
313.000000,248.865997,-0.180927,-0.238422
314.000000,248.865997,-0.161684,-0.218267
315.000000,248.865997,-0.141456,-0.192274
316.000000,248.865997,-0.120359,-0.192092
317.000000,248.865997,-0.098529,-0.174233
318.000000,248.865997,-0.076097,-0.145954
319.000000,248.865997,-0.053200,-0.147769
320.000000,248.865997,-0.029978,-0.124765
321.000000,248.865997,-0.006573,-0.096913
322.000000,248.865997,0.016873,-0.092864
323.000000,248.865997,0.040215,-0.068716
324.000000,248.865997,0.063311,-0.045152
325.000000,248.865997,0.086021,-0.036100
326.000000,248.865997,0.108206,-0.005233
327.000000,248.865997,0.129728,0.015761
328.000000,248.865997,0.150459,0.025525
329.000000,248.865997,0.170271,0.050812
330.000000,248.865997,0.189040,0.071680
331.000000,248.865997,0.206659,0.084433
332.000000,248.865997,0.223010,0.113434
333.000000,248.865997,0.238001,0.122175
334.000000,248.865997,0.251541,0.139759
335.000000,248.865997,0.263537,0.160179
336.000000,248.865997,0.273929,0.165506
337.000000,248.865997,0.282646,0.182796
338.000000,248.865997,0.289633,0.205641
339.000000,248.865997,0.294856,0.210975
340.000000,248.865997,0.298273,0.222254
341.000000,248.865997,0.299868,0.239812
342.000000,248.865997,0.299638,0.237280
343.000000,248.865997,0.297566,0.249417
344.000000,248.865997,0.293683,0.261829
345.000000,248.865997,0.288006,0.253293
346.000000,248.865997,0.280564,0.258853
347.000000,248.865997,0.271415,0.263837
348.000000,248.865997,0.260603,0.256295
349.000000,248.865997,0.248199,0.260994
350.000000,248.865997,0.234284,0.247853
351.000000,248.865997,0.218930,0.244997
352.000000,248.865997,0.202242,0.247260
353.000000,248.865997,0.184320,0.224129
354.000000,248.865997,0.165268,0.211820
355.000000,248.865997,0.145209,0.211360
356.000000,248.865997,0.124263,0.188667
357.000000,248.865997,0.102556,0.176928
358.000000,248.865997,0.080225,0.166030
359.000000,248.865997,0.057401,0.140769
360.000000,248.865997,0.034228,0.127168
361.000000,248.865997,0.010846,0.117417
362.000000,248.865997,-0.012603,0.086434
363.000000,248.865997,-0.035975,0.076408
364.000000,248.865997,-0.059127,0.057658
365.000000,248.865997,-0.081917,0.032244
366.000000,248.865997,-0.104208,0.016208
367.000000,248.865997,-0.125861,-0.014235
368.000000,248.865997,-0.146745,-0.030245
369.000000,248.865997,-0.166736,-0.038992
370.000000,248.865997,-0.185702,-0.070413
371.000000,248.865997,-0.203538,-0.088587
372.000000,248.865997,-0.220130,-0.094908
373.000000,248.865997,-0.235374,-0.117310
374.000000,248.865997,-0.249185,-0.136918
375.000000,248.865997,-0.261470,-0.144240
376.000000,248.865997,-0.272157,-0.175509
377.000000,248.865997,-0.281187,-0.189252
378.000000,248.865997,-0.288491,-0.189709
379.000000,248.865997,-0.294036,-0.213258
380.000000,248.865997,-0.297788,-0.217992
381.000000,248.865997,-0.299713,-0.232876
382.000000,248.865997,-0.299814,-0.244572
383.000000,248.865997,-0.298080,-0.246023
384.000000,248.865997,-0.294524,-0.262020
385.000000,248.865997,-0.289174,-0.261019
386.000000,248.865997,-0.282050,-0.252040
387.000000,248.865997,-0.273206,-0.267013
388.000000,248.865997,-0.262696,-0.258736
389.000000,248.865997,-0.250574,-0.250330
390.000000,248.865997,-0.236927,-0.254863
391.000000,248.865997,-0.221831,-0.245871
392.000000,248.865997,-0.205377,-0.230029
393.000000,248.865997,-0.187673,-0.227127
394.000000,248.865997,-0.168818,-0.219278
395.000000,248.865997,-0.148934,-0.196714
396.000000,248.865997,-0.128141,-0.196383
397.000000,248.865997,-0.106562,-0.176526
398.000000,248.865997,-0.084334,-0.158531
399.000000,248.865997,-0.061591,-0.151202
400.000000,248.865997,-0.038470,-0.128631
0.000000,259.908997,0.006115,-0.113742
1.000000,259.908997,0.030558,-0.080300
2.000000,259.908997,0.054798,-0.049012
3.000000,259.908997,0.078671,-0.046968
4.000000,259.908997,0.102021,-0.021823
5.000000,259.908997,0.124692,-0.000955
6.000000,259.908997,0.146529,0.017801
7.000000,259.908997,0.167393,0.048234
8.000000,259.908997,0.187141,0.055116
9.000000,259.908997,0.205640,0.080708
10.000000,259.908997,0.222771,0.108275
11.000000,259.908997,0.238417,0.118036
12.000000,259.908997,0.252472,0.137608
13.000000,259.908997,0.264849,0.160172
14.000000,259.908997,0.275458,0.163790
15.000000,259.908997,0.284230,0.125163
16.000000,259.908997,0.291114,0.210356
17.000000,259.908997,0.296053,0.217980
18.000000,259.908997,0.299019,0.232834
19.000000,259.908997,0.299998,0.251680
20.000000,259.908997,0.298972,0.244573
21.000000,259.908997,0.295955,0.252561
22.000000,259.908997,0.290971,0.260984
23.000000,259.908997,0.284040,0.257584
24.000000,259.908997,0.275221,0.264284
25.000000,259.908997,0.264572,0.254854
26.000000,259.908997,0.252151,0.250431
27.000000,259.908997,0.238054,0.256696
28.000000,259.908997,0.222374,0.242144
29.000000,259.908997,0.205206,0.236700
30.000000,259.908997,0.186675,0.234669
31.000000,259.908997,0.166900,0.213262
32.000000,259.908997,0.146010,0.206814
33.000000,259.908997,0.124150,0.201635
34.000000,259.908997,0.101462,0.171225
35.000000,259.908997,0.078096,0.159341
36.000000,259.908997,0.054212,0.152018
37.000000,259.908997,0.029966,0.121896
38.000000,259.908997,0.005520,0.108295
39.000000,259.908997,-0.018963,0.097113
40.000000,259.908997,-0.043319,0.070136
41.000000,259.908997,-0.067386,0.048814
42.000000,259.908997,-0.091006,0.032347
43.000000,259.908997,-0.114017,0.000214
44.000000,259.908997,-0.136269,-0.012244
45.000000,259.908997,-0.157615,-0.033837
46.000000,259.908997,-0.177908,-0.060410
47.000000,259.908997,-0.197016,-0.065433
48.000000,259.908997,-0.214815,-0.102735
49.000000,259.908997,-0.231176,-0.115464
50.000000,259.908997,-0.246000,-0.122929
51.000000,259.908997,-0.259189,-0.153061
52.000000,259.908997,-0.270642,-0.167229
53.000000,259.908997,-0.280296,-0.170691
54.000000,259.908997,-0.288086,-0.197383
55.000000,259.908997,-0.293949,-0.207410
56.000000,259.908997,-0.297858,-0.210299
57.000000,259.908997,-0.299784,-0.233558
58.000000,259.908997,-0.299706,-0.239005
59.000000,259.908997,-0.297636,-0.241324
60.000000,259.908997,-0.293583,-0.257438
61.000000,259.908997,-0.287569,-0.252020
62.000000,259.908997,-0.279644,-0.256761
63.000000,259.908997,-0.269854,-0.266019
64.000000,259.908997,-0.258263,-0.259462
65.000000,259.908997,-0.244956,-0.263740
66.000000,259.908997,-0.230013,-0.255586
67.000000,259.908997,-0.213538,-0.240026
68.000000,259.908997,-0.195642,-0.241706
69.000000,259.908997,-0.176440,-0.224132
70.000000,259.908997,-0.156063,-0.206147
71.000000,259.908997,-0.134648,-0.208964
72.000000,259.908997,-0.112333,-0.186675
73.000000,259.908997,-0.089270,-0.159253
74.000000,259.908997,-0.065614,-0.156493
75.000000,259.908997,-0.041519,-0.137634
76.000000,259.908997,-0.017148,-0.109639
77.000000,259.908997,0.007338,-0.105591
78.000000,259.908997,0.031774,-0.082159
79.000000,259.908997,0.055999,-0.053014
80.000000,259.908997,0.079852,-0.044539
81.000000,259.908997,0.103170,-0.017535
82.000000,259.908997,0.125802,-0.001515
83.000000,259.908997,0.147597,0.019229
84.000000,259.908997,0.168406,0.048801
85.000000,259.908997,0.188095,0.057840
86.000000,259.908997,0.206531,0.081136
87.000000,259.908997,0.223587,0.108415
88.000000,259.908997,0.239157,0.114750
89.000000,259.908997,0.253133,0.125452
90.000000,259.908997,0.265419,0.166607
91.000000,259.908997,0.275941,0.170510
92.000000,259.908997,0.284621,0.191513
93.000000,259.908997,0.291404,0.206496
94.000000,259.908997,0.296250,0.205823
95.000000,259.908997,0.299117,0.221535
96.000000,259.908997,0.299991,0.238099
97.000000,259.908997,0.298871,0.239424
98.000000,259.908997,0.295753,0.250557
99.000000,259.908997,0.290667,0.249990
100.000000,259.908997,0.283648,0.255291
101.000000,259.908997,0.274732,0.263989
102.000000,259.908997,0.263988,0.249437
103.000000,259.908997,0.251490,0.247141
104.000000,259.908997,0.237308,0.255686
105.000000,259.908997,0.221549,0.242717
106.000000,259.908997,0.204315,0.236409
107.000000,259.908997,0.185715,0.231518
108.000000,259.908997,0.165881,0.213832
109.000000,259.908997,0.144942,0.209097
110.000000,259.908997,0.123034,0.195055
111.000000,259.908997,0.100309,0.171365
112.000000,259.908997,0.076916,0.160053
113.000000,259.908997,0.053008,0.146448
114.000000,259.908997,0.028749,0.124752
115.000000,259.908997,0.004297,0.110863
116.000000,259.908997,-0.020183,0.084704
117.000000,259.908997,-0.044529,0.064125
118.000000,259.908997,-0.068578,0.057522
119.000000,259.908997,-0.092169,0.022095
120.000000,259.908997,-0.115148,0.002779
121.000000,259.908997,-0.137358,-0.002970
122.000000,259.908997,-0.158652,-0.039245
123.000000,259.908997,-0.178893,-0.056991
124.000000,259.908997,-0.197937,-0.067888
125.000000,259.908997,-0.215663,-0.098441
126.000000,259.908997,-0.231957,-0.115044
127.000000,259.908997,-0.246698,-0.123078
128.000000,259.908997,-0.259798,-0.153203
129.000000,259.908997,-0.271172,-0.169806
130.000000,259.908997,-0.280729,-0.179120
131.000000,259.908997,-0.288422,-0.199673
132.000000,259.908997,-0.294195,-0.206415
133.000000,259.908997,-0.298000,-0.220564
134.000000,259.908997,-0.299825,-0.228847
135.000000,259.908997,-0.299654,-0.233876
136.000000,259.908997,-0.297479,-0.254005
137.000000,259.908997,-0.293328,-0.253445
138.000000,259.908997,-0.287221,-0.249900
139.000000,259.908997,-0.279197,-0.261155
140.000000,259.908997,-0.269317,-0.257454
141.000000,259.908997,-0.257641,-0.251334
142.000000,259.908997,-0.244246,-0.258150
143.000000,259.908997,-0.229227,-0.250019
144.000000,259.908997,-0.212678,-0.234748
145.000000,259.908997,-0.194711,-0.241282
146.000000,259.908997,-0.175451,-0.225142
147.000000,259.908997,-0.155018,-0.214142
148.000000,259.908997,-0.133552,-0.201535
149.000000,259.908997,-0.111199,-0.185830
150.000000,259.908997,-0.088102,-0.175943
151.000000,259.908997,-0.064419,-0.155642
152.000000,259.908997,-0.040308,-0.128933
153.000000,259.908997,-0.015926,-0.124460
154.000000,259.908997,0.008560,-0.100455
155.000000,259.908997,0.032991,-0.073892
156.000000,259.908997,0.057200,-0.062978
157.000000,259.908997,0.081029,-0.033254
158.000000,259.908997,0.104319,-0.007264
159.000000,259.908997,0.126911,-0.001499
160.000000,259.908997,0.148660,0.012497
161.000000,259.908997,0.169418,0.048215
162.000000,259.908997,0.189045,0.062127
163.000000,259.908997,0.207415,0.081268
164.000000,259.908997,0.224403,0.105419
165.000000,259.908997,0.239892,0.120034
166.000000,259.908997,0.253787,0.142032
167.000000,259.908997,0.265989,0.150050
168.000000,259.908997,0.276416,0.173220
169.000000,259.908997,0.285006,0.192925
170.000000,259.908997,0.291694,0.194389
171.000000,259.908997,0.296437,0.210962
172.000000,259.908997,0.299210,0.227804
173.000000,259.908997,0.299983,0.230418
174.000000,259.908997,0.298759,0.244987
175.000000,259.908997,0.295549,0.255252
176.000000,259.908997,0.290362,0.253582
177.000000,259.908997,0.283244,0.259141
178.000000,259.908997,0.274242,0.263260
179.000000,259.908997,0.263405,0.256726
180.000000,259.908997,0.250817,0.255991
181.000000,259.908997,0.236561,0.253973
182.000000,259.908997,0.220722,0.241571
183.000000,259.908997,0.203416,0.241409
184.000000,259.908997,0.184756,0.224537
185.000000,259.908997,0.164860,0.212543
186.000000,259.908997,0.143869,0.205939
187.000000,259.908997,0.121919,0.191099
188.000000,259.908997,0.099155,0.172074
189.000000,259.908997,0.075732,0.159748
190.000000,259.908997,0.051804,0.134765
191.000000,259.908997,0.027531,0.126316
192.000000,259.908997,0.003074,0.117705
193.000000,259.908997,-0.021403,0.083574
194.000000,259.908997,-0.045738,0.065974
195.000000,259.908997,-0.069768,0.054934
196.000000,259.908997,-0.093333,0.021092
197.000000,259.908997,-0.116275,0.004488
198.000000,259.908997,-0.138445,0.003044
199.000000,259.908997,-0.159690,-0.040248
200.000000,259.908997,-0.179871,-0.054423
201.000000,259.908997,-0.198857,-0.075459
202.000000,259.908997,-0.216512,-0.102877
203.000000,259.908997,-0.232727,-0.114623
204.000000,259.908997,-0.247396,-0.139778
205.000000,259.908997,-0.260407,-0.153353
206.000000,259.908997,-0.271688,-0.160814
207.000000,259.908997,-0.281163,-0.185800
208.000000,259.908997,-0.288755,-0.195395
209.000000,259.908997,-0.294429,-0.200859
210.000000,259.908997,-0.298143,-0.224980
211.000000,259.908997,-0.299863,-0.231000
212.000000,259.908997,-0.299590,-0.224881
213.000000,259.908997,-0.297322,-0.250003
214.000000,259.908997,-0.293067,-0.251450
215.000000,259.908997,-0.286865,-0.250334
216.000000,259.908997,-0.278750,-0.265303
217.000000,259.908997,-0.268774,-0.263173
218.000000,259.908997,-0.257012,-0.259038
219.000000,259.908997,-0.243535,-0.259442
220.000000,259.908997,-0.228434,-0.246596
221.000000,259.908997,-0.211815,-0.246146
222.000000,259.908997,-0.193780,-0.235570
223.000000,259.908997,-0.174455,-0.216153
224.000000,259.908997,-0.153970,-0.215398
225.000000,259.908997,-0.132456,-0.198112
226.000000,259.908997,-0.110061,-0.184703
227.000000,259.908997,-0.086933,-0.171076
228.000000,259.908997,-0.063224,-0.154360
229.000000,259.908997,-0.039095,-0.125510
230.000000,259.908997,-0.014705,-0.122747
231.000000,259.908997,0.009783,-0.096028
232.000000,259.908997,0.034205,-0.070747
233.000000,259.908997,0.058401,-0.060980
234.000000,259.908997,0.082206,-0.037548
235.000000,259.908997,0.105464,-0.015690
236.000000,259.908997,0.128020,-0.000929
237.000000,259.908997,0.149720,0.026217
238.000000,259.908997,0.170425,0.042095
239.000000,259.908997,0.189995,0.063124
240.000000,259.908997,0.208296,0.091122
241.000000,259.908997,0.225212,0.100592
242.000000,259.908997,0.240626,0.123315
243.000000,259.908997,0.254435,0.144732
244.000000,259.908997,0.266552,0.152064
245.000000,259.908997,0.276891,0.175215
246.000000,259.908997,0.285383,0.196487
247.000000,259.908997,0.291979,0.194959
248.000000,259.908997,0.296624,0.211814
249.000000,259.908997,0.299292,0.236522
250.000000,259.908997,0.299972,0.230849
251.000000,259.908997,0.298646,0.244129
252.000000,259.908997,0.295333,0.257399
253.000000,259.908997,0.290056,0.251007
254.000000,259.908997,0.282839,0.259569
255.000000,259.908997,0.273740,0.255838
256.000000,259.908997,0.262822,0.255580
257.000000,259.908997,0.250144,0.258131
258.000000,259.908997,0.235804,0.240709
259.000000,259.908997,0.219895,0.244424
260.000000,259.908997,0.202514,0.244109
261.000000,259.908997,0.183788,0.224988
262.000000,259.908997,0.163839,0.217682
263.000000,259.908997,0.142794,0.213504
264.000000,259.908997,0.120800,0.184664
265.000000,259.908997,0.098001,0.176215
266.000000,259.908997,0.074548,0.164029
267.000000,259.908997,0.050599,0.137479
268.000000,259.908997,0.026313,0.124309
269.000000,259.908997,0.001851,0.114558
270.000000,259.908997,-0.022623,0.082574
271.000000,259.908997,-0.046946,0.058966
272.000000,259.908997,-0.070956,0.047366
273.000000,259.908997,-0.094495,0.022519
274.000000,259.908997,-0.117402,0.008199
275.000000,259.908997,-0.139527,-0.020670
276.000000,259.908997,-0.160725,-0.037823
277.000000,259.908997,-0.180849,-0.049575
278.000000,259.908997,-0.199768,-0.083424
279.000000,259.908997,-0.217360,-0.097596
280.000000,259.908997,-0.233497,-0.106203
281.000000,259.908997,-0.248081,-0.137902
282.000000,259.908997,-0.261017,-0.149072
283.000000,259.908997,-0.272204,-0.156536
284.000000,259.908997,-0.281583,-0.186946
285.000000,259.908997,-0.289089,-0.195972
286.000000,259.908997,-0.294660,-0.199146
287.000000,259.908997,-0.298273,-0.221120
288.000000,259.908997,-0.299900,-0.227856
289.000000,259.908997,-0.299523,-0.242173
290.000000,259.908997,-0.297155,-0.249860
291.000000,259.908997,-0.292806,-0.249025
292.000000,259.908997,-0.286503,-0.258021
293.000000,259.908997,-0.278295,-0.263163
294.000000,259.908997,-0.268231,-0.255612
295.000000,259.908997,-0.256377,-0.259724
296.000000,259.908997,-0.242819,-0.254018
297.000000,259.908997,-0.227641,-0.240321
298.000000,259.908997,-0.210944,-0.246570
299.000000,259.908997,-0.192846,-0.233860
300.000000,259.908997,-0.173460,-0.215159
301.000000,259.908997,-0.152917,-0.215971
302.000000,259.908997,-0.131359,-0.194971
303.000000,259.908997,-0.108922,-0.173550
304.000000,259.908997,-0.085761,-0.170933
305.000000,259.908997,-0.062029,-0.150076
306.000000,259.908997,-0.037882,-0.129934
307.000000,259.908997,-0.013483,-0.120176
308.000000,259.908997,0.011005,-0.093030
309.000000,259.908997,0.035420,-0.080442
310.000000,259.908997,0.059599,-0.059698
311.000000,259.908997,0.083382,-0.031842
312.000000,259.908997,0.106607,-0.022230
313.000000,259.908997,0.129124,0.003352
314.000000,259.908997,0.150781,0.029345
315.000000,259.908997,0.171429,0.042254
316.000000,259.908997,0.190939,0.061971
317.000000,259.908997,0.209176,0.096828
318.000000,259.908997,0.226016,0.101592
319.000000,259.908997,0.241354,0.126025
320.000000,259.908997,0.255083,0.149732
321.000000,259.908997,0.267109,0.153207
322.000000,259.908997,0.277360,0.174923
323.000000,259.908997,0.285759,0.193922
324.000000,259.908997,0.292254,0.199246
325.000000,259.908997,0.296806,0.216956
326.000000,259.908997,0.299375,0.222678
327.000000,259.908997,0.299950,0.232274
328.000000,259.908997,0.298531,0.246117
329.000000,259.908997,0.295116,0.246289
330.000000,259.908997,0.289737,0.254430
331.000000,259.908997,0.282433,0.268270
332.000000,259.908997,0.273237,0.254012
333.000000,259.908997,0.262226,0.250994
334.000000,259.908997,0.249471,0.263976
335.000000,259.908997,0.235045,0.239858
336.000000,259.908997,0.219058,0.246276
337.000000,259.908997,0.201613,0.252108
338.000000,259.908997,0.182820,0.226416
339.000000,259.908997,0.162811,0.218106
340.000000,259.908997,0.141719,0.211357
341.000000,259.908997,0.119679,0.186950
342.000000,259.908997,0.096844,0.165772
343.000000,259.908997,0.073363,0.161316
344.000000,259.908997,0.049393,0.138337
345.000000,259.908997,0.025094,0.127738
346.000000,259.908997,0.000628,0.107139
347.000000,259.908997,-0.023842,0.084860
348.000000,259.908997,-0.048154,0.068396
349.000000,259.908997,-0.072145,0.039961
350.000000,259.908997,-0.095654,0.024660
351.000000,259.908997,-0.118528,0.012192
352.000000,259.908997,-0.140610,-0.022373
353.000000,259.908997,-0.161755,-0.038542
354.000000,259.908997,-0.181825,-0.051156
355.000000,259.908997,-0.200679,-0.082139
356.000000,259.908997,-0.218198,-0.097168
357.000000,259.908997,-0.234266,-0.112926
358.000000,259.908997,-0.248767,-0.134473
359.000000,259.908997,-0.261613,-0.148929
360.000000,259.908997,-0.272721,-0.159538
361.000000,259.908997,-0.282002,-0.186377
362.000000,259.908997,-0.289409,-0.196687
363.000000,259.908997,-0.294891,-0.203861
364.000000,259.908997,-0.298400,-0.224410
365.000000,259.908997,-0.299927,-0.228290
366.000000,259.908997,-0.299455,-0.241444
367.000000,259.908997,-0.296983,-0.249863
368.000000,259.908997,-0.292537,-0.248601
369.000000,259.908997,-0.286140,-0.262013
370.000000,259.908997,-0.277834,-0.267026
371.000000,259.908997,-0.267681,-0.249469
372.000000,259.908997,-0.255742,-0.259151
373.000000,259.908997,-0.242097,-0.252590
374.000000,259.908997,-0.226843,-0.243183
375.000000,259.908997,-0.210074,-0.246142
376.000000,259.908997,-0.191906,-0.228429
377.000000,259.908997,-0.172461,-0.216160
378.000000,259.908997,-0.151865,-0.214258
379.000000,259.908997,-0.130257,-0.194401
380.000000,259.908997,-0.107783,-0.175976
381.000000,259.908997,-0.084588,-0.170648
382.000000,259.908997,-0.060831,-0.144360
383.000000,259.908997,-0.036669,-0.135772
0.000000,271.441986,0.015269,-0.097599
1.000000,271.441986,0.040732,-0.068746
2.000000,271.441986,0.065899,-0.061981
3.000000,271.441986,0.090588,-0.034831
4.000000,271.441986,0.114617,-0.004974
5.000000,271.441986,0.137813,0.004362
6.000000,271.441986,0.160008,0.029938
7.000000,271.441986,0.181040,0.053231
8.000000,271.441986,0.200756,0.068989
9.000000,271.441986,0.219013,0.097421
10.000000,271.441986,0.235678,0.105442
11.000000,271.441986,0.250631,0.129610
12.000000,271.441986,0.263762,0.155318
13.000000,271.441986,0.274977,0.155069
14.000000,271.441986,0.284193,0.180649
15.000000,271.441986,0.291343,0.207500
16.000000,271.441986,0.296377,0.207397
17.000000,271.441986,0.299257,0.221966
18.000000,271.441986,0.299962,0.240239
19.000000,271.441986,0.298487,0.237138
20.000000,271.441986,0.294843,0.247701
21.000000,271.441986,0.289056,0.258260
22.000000,271.441986,0.281169,0.247290
23.000000,271.441986,0.271237,0.258134
24.000000,271.441986,0.259333,0.249563
25.000000,271.441986,0.245544,0.251574
26.000000,271.441986,0.229972,0.256839
27.000000,271.441986,0.212728,0.238711
28.000000,271.441986,0.193938,0.238128
29.000000,271.441986,0.173739,0.230806
30.000000,271.441986,0.152277,0.208686
31.000000,271.441986,0.129709,0.199091
32.000000,271.441986,0.106198,0.188909
33.000000,271.441986,0.081915,0.159499
34.000000,271.441986,0.057037,0.149331
35.000000,271.441986,0.031745,0.137148
36.000000,271.441986,0.006222,0.104879
37.000000,271.441986,-0.019347,0.092424
38.000000,271.441986,-0.044775,0.075245
39.000000,271.441986,-0.069878,0.048973
40.000000,271.441986,-0.094473,0.031509
41.000000,271.441986,-0.118381,0.005771
42.000000,271.441986,-0.141430,-0.019232
43.000000,271.441986,-0.163450,-0.033840
44.000000,271.441986,-0.184281,-0.060980
45.000000,271.441986,-0.203774,-0.078146
46.000000,271.441986,-0.221785,-0.088470
47.000000,271.441986,-0.238185,-0.119315
48.000000,271.441986,-0.252853,-0.134625
49.000000,271.441986,-0.265684,-0.144953
50.000000,271.441986,-0.276584,-0.175363
51.000000,271.441986,-0.285475,-0.184531
52.000000,271.441986,-0.292290,-0.191996
53.000000,271.441986,-0.296982,-0.216259
54.000000,271.441986,-0.299515,-0.221995
55.000000,271.441986,-0.299871,-0.228028
56.000000,271.441986,-0.298049,-0.249860
57.000000,271.441986,-0.294060,-0.250735
58.000000,271.441986,-0.287934,-0.251901
59.000000,271.441986,-0.279716,-0.260012
60.000000,271.441986,-0.269465,-0.256457
61.000000,271.441986,-0.257256,-0.258458
62.000000,271.441986,-0.243176,-0.260158
63.000000,271.441986,-0.227328,-0.246885
64.000000,271.441986,-0.209828,-0.246716
65.000000,271.441986,-0.190804,-0.236428
66.000000,271.441986,-0.170392,-0.215868
67.000000,271.441986,-0.148743,-0.212684
68.000000,271.441986,-0.126013,-0.197112
69.000000,271.441986,-0.102367,-0.173265
70.000000,271.441986,-0.077977,-0.171076
71.000000,271.441986,-0.053020,-0.147643
72.000000,271.441986,-0.027679,-0.122078
73.000000,271.441986,-0.002136,-0.113596
74.000000,271.441986,0.023423,-0.090306
75.000000,271.441986,0.048811,-0.066884
76.000000,271.441986,0.073845,-0.047253
77.000000,271.441986,0.098342,-0.026541
78.000000,271.441986,0.122124,-0.005107
79.000000,271.441986,0.145020,0.012225
80.000000,271.441986,0.166861,0.040942
81.000000,271.441986,0.187490,0.051399
82.000000,271.441986,0.206755,0.078565
83.000000,271.441986,0.224518,0.105274
84.000000,271.441986,0.240648,0.111317
85.000000,271.441986,0.255030,0.136041
86.000000,271.441986,0.267558,0.161316
87.000000,271.441986,0.278142,0.158360
88.000000,271.441986,0.286704,0.184651
89.000000,271.441986,0.293183,0.211930
90.000000,271.441986,0.297532,0.210257
91.000000,271.441986,0.299718,0.229974
92.000000,271.441986,0.299726,0.241097
93.000000,271.441986,0.297556,0.237280
94.000000,271.441986,0.293223,0.247843
95.000000,271.441986,0.286759,0.255971
96.000000,271.441986,0.278212,0.249861
97.000000,271.441986,0.267643,0.257992
98.000000,271.441986,0.255128,0.253280
99.000000,271.441986,0.240760,0.251289
100.000000,271.441986,0.224641,0.252121
101.000000,271.441986,0.206890,0.234566
102.000000,271.441986,0.187634,0.227406
103.000000,271.441986,0.167015,0.225803
104.000000,271.441986,0.145182,0.201393
105.000000,271.441986,0.122294,0.191656
106.000000,271.441986,0.098517,0.184476
107.000000,271.441986,0.074025,0.154924
108.000000,271.441986,0.048995,0.142038
109.000000,271.441986,0.023608,0.131429
110.000000,271.441986,-0.001950,0.102020
111.000000,271.441986,-0.027493,0.085559
112.000000,271.441986,-0.052837,0.069095
113.000000,271.441986,-0.077797,0.039106
114.000000,271.441986,-0.102192,0.027506
115.000000,271.441986,-0.125844,-0.006230
116.000000,271.441986,-0.148581,-0.024811
117.000000,271.441986,-0.170239,-0.039708
118.000000,271.441986,-0.190660,-0.069555
119.000000,271.441986,-0.209695,-0.096449
120.000000,271.441986,-0.227207,-0.094908
121.000000,271.441986,-0.243067,-0.123748
122.000000,271.441986,-0.257159,-0.138204
123.000000,271.441986,-0.269382,-0.143810
124.000000,271.441986,-0.279648,-0.176794
125.000000,271.441986,-0.287881,-0.189537
126.000000,271.441986,-0.294022,-0.197287
127.000000,271.441986,-0.298027,-0.222837
128.000000,271.441986,-0.299866,-0.227286
129.000000,271.441986,-0.299525,-0.233313
130.000000,271.441986,-0.297008,-0.250148
131.000000,271.441986,-0.292332,-0.250310
132.000000,271.441986,-0.285532,-0.261168
133.000000,271.441986,-0.276657,-0.261447
134.000000,271.441986,-0.265771,-0.262616
135.000000,271.441986,-0.252954,-0.261583
136.000000,271.441986,-0.238298,-0.254015
137.000000,271.441986,-0.221911,-0.231454
138.000000,271.441986,-0.203911,-0.240563
139.000000,271.441986,-0.184429,-0.230142
140.000000,271.441986,-0.163606,-0.208582
141.000000,271.441986,-0.141594,-0.210252
142.000000,271.441986,-0.118552,-0.194113
143.000000,271.441986,-0.094649,-0.166403
144.000000,271.441986,-0.070059,-0.163070
145.000000,271.441986,-0.044959,-0.142925
146.000000,271.441986,-0.019533,-0.120212
147.000000,271.441986,0.006036,-0.104020
148.000000,271.441986,0.031560,-0.080734
149.000000,271.441986,0.056855,-0.065711
150.000000,271.441986,0.081736,-0.046116
151.000000,271.441986,0.106024,-0.014398
152.000000,271.441986,0.129541,-0.006929
153.000000,271.441986,0.152117,0.018365
154.000000,271.441986,0.173587,0.051078
155.000000,271.441986,0.193796,0.057840
156.000000,271.441986,0.212597,0.081845
157.000000,271.441986,0.229853,0.109124
158.000000,271.441986,0.245438,0.119464
159.000000,271.441986,0.259240,0.140610
160.000000,271.441986,0.271158,0.168320
161.000000,271.441986,0.281103,0.171795
162.000000,271.441986,0.289006,0.197517
163.000000,271.441986,0.294808,0.208504
164.000000,271.441986,0.298468,0.212973
165.000000,271.441986,0.299958,0.226823
166.000000,271.441986,0.299269,0.236402
167.000000,271.441986,0.296405,0.240852
168.000000,271.441986,0.291387,0.255126
169.000000,271.441986,0.284252,0.251292
170.000000,271.441986,0.275051,0.256146
171.000000,271.441986,0.263851,0.263552
172.000000,271.441986,0.250733,0.249864
173.000000,271.441986,0.235793,0.250136
174.000000,271.441986,0.219140,0.252966
175.000000,271.441986,0.200894,0.234709
176.000000,271.441986,0.181188,0.229116
177.000000,271.441986,0.160166,0.220508
178.000000,271.441986,0.137979,0.195105
179.000000,271.441986,0.114789,0.190512
180.000000,271.441986,0.090764,0.176756
181.000000,271.441986,0.066080,0.148489
182.000000,271.441986,0.040916,0.134461
183.000000,271.441986,0.015454,0.123424
184.000000,271.441986,-0.010119,0.094727
185.000000,271.441986,-0.035619,0.079695
186.000000,271.441986,-0.060860,0.059245
187.000000,271.441986,-0.085659,0.039534
188.000000,271.441986,-0.109835,0.020207
189.000000,271.441986,-0.133214,-0.015084
190.000000,271.441986,-0.155623,-0.034821
191.000000,271.441986,-0.176902,-0.039284
192.000000,271.441986,-0.196896,-0.081708
193.000000,271.441986,-0.215458,-0.089591
194.000000,271.441986,-0.232455,-0.097913
195.000000,271.441986,-0.247763,-0.131756
196.000000,271.441986,-0.261270,-0.145927
197.000000,271.441986,-0.272879,-0.155393
198.000000,271.441986,-0.282505,-0.185518
199.000000,271.441986,-0.290076,-0.195972
200.000000,271.441986,-0.295539,-0.202572
201.000000,271.441986,-0.298853,-0.222409
202.000000,271.441986,-0.299996,-0.229864
203.000000,271.441986,-0.298959,-0.248442
204.000000,271.441986,-0.295749,-0.252295
205.000000,271.441986,-0.290389,-0.248747
206.000000,271.441986,-0.282920,-0.260294
207.000000,271.441986,-0.273394,-0.260307
208.000000,271.441986,-0.261882,-0.257335
209.000000,271.441986,-0.248466,-0.252146
210.000000,271.441986,-0.233245,-0.247872
211.000000,271.441986,-0.216329,-0.204156
212.000000,271.441986,-0.197841,-0.239708
213.000000,271.441986,-0.177914,-0.232432
214.000000,271.441986,-0.156695,-0.212300
215.000000,271.441986,-0.134337,-0.211969
216.000000,271.441986,-0.111003,-0.196257
217.000000,271.441986,-0.086861,-0.168398
218.000000,271.441986,-0.062089,-0.157637
219.000000,271.441986,-0.036864,-0.136067
220.000000,271.441986,-0.011372,-0.112761
221.000000,271.441986,0.014202,-0.102446
222.000000,271.441986,0.039674,-0.071016
223.000000,271.441986,0.064856,-0.062411
224.000000,271.441986,0.089568,-0.038827
225.000000,271.441986,0.113628,-0.006542
226.000000,271.441986,0.136863,0.003365
227.000000,271.441986,0.159102,0.030803
228.000000,271.441986,0.180186,0.060226
229.000000,271.441986,0.199960,0.073432
230.000000,271.441986,0.218281,0.089996
231.000000,271.441986,0.235016,0.115558
232.000000,271.441986,0.250043,0.121466
233.000000,271.441986,0.263253,0.144613
234.000000,271.441986,0.274550,0.171464
235.000000,271.441986,0.283852,0.175513
236.000000,271.441986,0.291090,0.195943
237.000000,271.441986,0.296214,0.215790
238.000000,271.441986,0.299184,0.217122
239.000000,271.441986,0.299979,0.229829
240.000000,271.441986,0.298593,0.245537
241.000000,271.441986,0.295038,0.241998
242.000000,271.441986,0.289338,0.258419
243.000000,271.441986,0.281536,0.252707
244.000000,271.441986,0.271688,0.257869
245.000000,271.441986,0.259865,0.258128
246.000000,271.441986,0.246154,0.246720
247.000000,271.441986,0.230654,0.247853
248.000000,271.441986,0.213478,0.250540
249.000000,271.441986,0.194751,0.228848
250.000000,271.441986,0.174608,0.225544
251.000000,271.441986,0.153196,0.220223
252.000000,271.441986,0.130671,0.192099
253.000000,271.441986,0.107196,0.179502
254.000000,271.441986,0.082942,0.174897
255.000000,271.441986,0.058086,0.145630
256.000000,271.441986,0.032807,0.132459
257.000000,271.441986,0.007289,0.124852
258.000000,271.441986,-0.018282,0.087865
259.000000,271.441986,-0.043719,0.073837
260.000000,271.441986,-0.068839,0.054510
261.000000,271.441986,-0.093458,0.026668
262.000000,271.441986,-0.117398,0.010920
263.000000,271.441986,-0.140485,-0.014109
264.000000,271.441986,-0.162551,-0.040679
265.000000,271.441986,-0.183436,-0.054572
266.000000,271.441986,-0.202987,-0.084147
267.000000,271.441986,-0.221063,-0.097735
268.000000,271.441986,-0.237533,-0.108486
269.000000,271.441986,-0.252276,-0.139904
270.000000,271.441986,-0.265187,-0.160937
271.000000,271.441986,-0.276170,-0.148385
272.000000,271.441986,-0.285146,-0.182083
273.000000,271.441986,-0.292050,-0.200829
274.000000,271.441986,-0.296831,-0.206866
275.000000,271.441986,-0.299456,-0.232558
276.000000,271.441986,-0.299904,-0.232147
277.000000,271.441986,-0.298173,-0.231746
278.000000,271.441986,-0.294272,-0.253863
279.000000,271.441986,-0.288234,-0.255453
280.000000,271.441986,-0.280100,-0.253614
281.000000,271.441986,-0.269931,-0.264303
282.000000,271.441986,-0.257800,-0.255744
283.000000,271.441986,-0.243796,-0.256447
284.000000,271.441986,-0.228021,-0.250009
285.000000,271.441986,-0.210588,-0.240599
286.000000,271.441986,-0.191625,-0.236988
287.000000,271.441986,-0.171269,-0.222704
288.000000,271.441986,-0.149669,-0.201144
289.000000,271.441986,-0.126981,-0.200100
290.000000,271.441986,-0.103370,-0.179813
291.000000,271.441986,-0.079008,-0.155536
292.000000,271.441986,-0.054071,-0.151487
293.000000,271.441986,-0.028742,-0.129771
294.000000,271.441986,-0.003203,-0.103205
295.000000,271.441986,0.022359,-0.093437
296.000000,271.441986,0.047758,-0.076867
297.000000,271.441986,0.072810,-0.044145
298.000000,271.441986,0.097333,-0.026525
299.000000,271.441986,0.121149,-0.003381
300.000000,271.441986,0.144084,0.008501
301.000000,271.441986,0.165971,0.031668
302.000000,271.441986,0.186653,0.070676
303.000000,271.441986,0.205977,0.068707
304.000000,271.441986,0.223805,0.098435
305.000000,271.441986,0.240007,0.124998
306.000000,271.441986,0.254464,0.131475
307.000000,271.441986,0.267072,0.155196
308.000000,271.441986,0.277739,0.178899
309.000000,271.441986,0.286388,0.180231
310.000000,271.441986,0.292956,0.197944
311.000000,271.441986,0.297394,0.219650
312.000000,271.441986,0.299672,0.222410
313.000000,271.441986,0.299772,0.235405
314.000000,271.441986,0.297693,0.244397
315.000000,271.441986,0.293450,0.243857
316.000000,271.441986,0.287076,0.257704
317.000000,271.441986,0.278613,0.258581
318.000000,271.441986,0.268125,0.254718
319.000000,271.441986,0.255688,0.262697
320.000000,271.441986,0.241394,0.247866
321.000000,271.441986,0.225345,0.244420
322.000000,271.441986,0.207659,0.247247
323.000000,271.441986,0.188464,0.227131
324.000000,271.441986,0.167899,0.221111
325.000000,271.441986,0.146114,0.216217
326.000000,271.441986,0.123267,0.187666
327.000000,271.441986,0.099525,0.177498
328.000000,271.441986,0.075059,0.171322
329.000000,271.441986,0.050048,0.143771
330.000000,271.441986,0.024673,0.129027
331.000000,271.441986,-0.000882,0.113560
332.000000,271.441986,-0.026430,0.078144
333.000000,271.441986,-0.051786,0.065398
334.000000,271.441986,-0.076766,0.048943
335.000000,271.441986,-0.101189,0.018659
336.000000,271.441986,-0.124875,-0.001522
337.000000,271.441986,-0.147654,-0.025673
338.000000,271.441986,-0.169359,-0.009229
339.000000,271.441986,-0.189834,-0.054293
340.000000,271.441986,-0.208929,-0.093149
341.000000,271.441986,-0.226505,-0.111462
342.000000,271.441986,-0.242436,-0.118499
343.000000,271.441986,-0.256604,-0.145622
344.000000,271.441986,-0.268908,-0.158793
345.000000,271.441986,-0.279258,-0.168259
346.000000,271.441986,-0.287578,-0.193381
347.000000,271.441986,-0.293808,-0.209411
348.000000,271.441986,-0.297903,-0.207581
349.000000,271.441986,-0.299833,-0.231557
350.000000,271.441986,-0.299584,-0.236007
351.000000,271.441986,-0.297158,-0.237892
352.000000,271.441986,-0.292572,-0.254863
353.000000,271.441986,-0.285861,-0.254883
354.000000,271.441986,-0.277072,-0.253041
355.000000,271.441986,-0.266269,-0.260728
356.000000,271.441986,-0.253529,-0.254313
357.000000,271.441986,-0.238947,-0.258027
358.000000,271.441986,-0.222628,-0.248720
359.000000,271.441986,-0.204692,-0.232302
360.000000,271.441986,-0.185268,-0.246567
361.000000,271.441986,-0.164498,-0.222416
362.000000,271.441986,-0.142532,-0.200425
363.000000,271.441986,-0.119531,-0.192380
364.000000,271.441986,-0.095661,-0.174664
365.000000,271.441986,-0.071096,-0.150244
366.000000,271.441986,-0.046014,-0.145195
367.000000,271.441986,-0.020598,-0.126766
0.000000,283.485992,0.006658,-0.108467
1.000000,283.485992,0.033308,-0.086748
2.000000,283.485992,0.059692,-0.065556
3.000000,283.485992,0.085604,-0.038698
4.000000,283.485992,0.110839,-0.026389
5.000000,283.485992,0.135194,-0.000505
6.000000,283.485992,0.158476,0.017772
7.000000,283.485992,0.180504,0.043543
8.000000,283.485992,0.201102,0.068979
9.000000,283.485992,0.220105,0.097974
10.000000,283.485992,0.237360,0.109028
11.000000,283.485992,0.252737,0.125455
12.000000,283.485992,0.266113,0.155451
13.000000,283.485992,0.277376,0.166650
14.000000,283.485992,0.286439,0.191225
15.000000,283.485992,0.293234,0.202779
16.000000,283.485992,0.297708,0.203822
17.000000,283.485992,0.299817,0.223821
18.000000,283.485992,0.299549,0.234106
19.000000,283.485992,0.296910,0.236849
20.000000,283.485992,0.291920,0.252270
21.000000,283.485992,0.284610,0.246425
22.000000,283.485992,0.275045,0.254002
23.000000,283.485992,0.263303,0.263982
24.000000,283.485992,0.249476,0.248009
25.000000,283.485992,0.233665,0.248850
26.000000,283.485992,0.216004,0.245534
27.000000,283.485992,0.196633,0.234136
28.000000,283.485992,0.175705,0.228258
29.000000,283.485992,0.153379,0.219935
30.000000,283.485992,0.129839,0.195244
31.000000,283.485992,0.105272,0.182358
32.000000,283.485992,0.079870,0.170324
33.000000,283.485992,0.053833,0.144341
34.000000,283.485992,0.027370,0.125733
35.000000,283.485992,0.000691,0.104289
36.000000,283.485992,-0.025994,0.087431
37.000000,283.485992,-0.052473,0.076255
38.000000,283.485992,-0.078536,0.040968
39.000000,283.485992,-0.103977,0.017510
40.000000,283.485992,-0.128594,0.011901
41.000000,283.485992,-0.152189,-0.025375
42.000000,283.485992,-0.174580,-0.042120
43.000000,283.485992,-0.195588,-0.051301
44.000000,283.485992,-0.215045,-0.092148
45.000000,283.485992,-0.232795,-0.105750
46.000000,283.485992,-0.248702,-0.119076
47.000000,283.485992,-0.262640,-0.144483
48.000000,283.485992,-0.274493,-0.160370
49.000000,283.485992,-0.284169,-0.174833
50.000000,283.485992,-0.291595,-0.199673
51.000000,283.485992,-0.296713,-0.206843
52.000000,283.485992,-0.299473,-0.221710
53.000000,283.485992,-0.299860,-0.233708
54.000000,283.485992,-0.297872,-0.234019
55.000000,283.485992,-0.293527,-0.252289
56.000000,283.485992,-0.286848,-0.254446
57.000000,283.485992,-0.277897,-0.246039
58.000000,283.485992,-0.266746,-0.259439
59.000000,283.485992,-0.253483,-0.257166
60.000000,283.485992,-0.238204,-0.247759
61.000000,283.485992,-0.221039,-0.251288
62.000000,283.485992,-0.202124,-0.241583
63.000000,283.485992,-0.181608,-0.223595
64.000000,283.485992,-0.159648,-0.219977
65.000000,283.485992,-0.136425,-0.208410
66.000000,283.485992,-0.112121,-0.188126
67.000000,283.485992,-0.086929,-0.176798
68.000000,283.485992,-0.061046,-0.151941
69.000000,283.485992,-0.034680,-0.142637
70.000000,283.485992,-0.008039,-0.118609
71.000000,283.485992,0.018665,-0.092755
72.000000,283.485992,0.045222,-0.082566
73.000000,283.485992,0.071420,-0.054270
74.000000,283.485992,0.097052,-0.023416
75.000000,283.485992,0.121916,-0.015369
76.000000,283.485992,0.145811,0.015356
77.000000,283.485992,0.168551,0.042923
78.000000,283.485992,0.189958,0.045116
79.000000,283.485992,0.209857,0.078697
80.000000,283.485992,0.228090,0.107268
81.000000,283.485992,0.244518,0.116317
82.000000,283.485992,0.259010,0.142893
83.000000,283.485992,0.271446,0.154901
84.000000,283.485992,0.281728,0.170218
85.000000,283.485992,0.289781,0.191642
86.000000,283.485992,0.295539,0.194959
87.000000,283.485992,0.298949,0.215684
88.000000,283.485992,0.299990,0.233526
89.000000,283.485992,0.298656,0.229275
90.000000,283.485992,0.294957,0.244275
91.000000,283.485992,0.288914,0.251395
92.000000,283.485992,0.280582,0.251292
93.000000,283.485992,0.270028,0.257998
94.000000,283.485992,0.257337,0.264688
95.000000,283.485992,0.242599,0.249861
96.000000,283.485992,0.225941,0.243841
97.000000,283.485992,0.207494,0.242959
98.000000,283.485992,0.187403,0.226846
99.000000,283.485992,0.165822,0.218676
100.000000,283.485992,0.142929,0.206930
101.000000,283.485992,0.118904,0.187093
102.000000,283.485992,0.093936,0.178352
103.000000,283.485992,0.068223,0.159191
104.000000,283.485992,0.041969,0.130186
105.000000,283.485992,0.015383,0.126585
106.000000,283.485992,-0.011325,0.096301
107.000000,283.485992,-0.037943,0.080851
108.000000,283.485992,-0.064261,0.063665
109.000000,283.485992,-0.090070,0.030531
110.000000,283.485992,-0.115165,0.016933
111.000000,283.485992,-0.139345,0.000460
112.000000,283.485992,-0.162422,-0.036100
113.000000,283.485992,-0.184213,-0.053846
114.000000,283.485992,-0.204542,-0.063312
115.000000,283.485992,-0.223248,-0.095866
116.000000,283.485992,-0.240187,-0.113042
117.000000,283.485992,-0.255225,-0.125653
118.000000,283.485992,-0.268235,-0.156636
119.000000,283.485992,-0.279119,-0.169379
120.000000,283.485992,-0.287792,-0.184123
121.000000,283.485992,-0.294188,-0.206392
122.000000,283.485992,-0.298246,-0.215567
123.000000,283.485992,-0.299940,-0.231706
124.000000,283.485992,-0.299260,-0.239569
125.000000,283.485992,-0.296210,-0.173942
126.000000,283.485992,-0.290806,-0.254724
127.000000,283.485992,-0.283098,-0.266463
128.000000,283.485992,-0.273149,-0.262059
129.000000,283.485992,-0.261037,-0.268309
130.000000,283.485992,-0.246850,-0.260029
131.000000,283.485992,-0.230707,-0.246189
132.000000,283.485992,-0.212739,-0.308201
133.000000,283.485992,-0.193085,-0.237723
134.000000,283.485992,-0.171896,-0.209583
135.000000,283.485992,-0.149347,-0.206962
136.000000,283.485992,-0.125615,-0.200690
137.000000,283.485992,-0.100888,-0.178981
138.000000,283.485992,-0.075358,-0.162497
139.000000,283.485992,-0.049233,-0.143071
140.000000,283.485992,-0.022718,-0.125497
141.000000,283.485992,0.003978,-0.110597
142.000000,283.485992,0.030642,-0.081022
143.000000,283.485992,0.057063,-0.072994
144.000000,283.485992,0.083033,-0.044973
145.000000,283.485992,0.108344,-0.014547
146.000000,283.485992,0.132795,-0.009646
147.000000,283.485992,0.156194,0.008786
148.000000,283.485992,0.178357,0.055368
149.000000,283.485992,0.199105,0.066136
150.000000,283.485992,0.218273,0.089711
151.000000,283.485992,0.235712,0.113699
152.000000,283.485992,0.251286,0.123609
153.000000,283.485992,0.264864,0.148473
154.000000,283.485992,0.276342,0.171322
155.000000,283.485992,0.285632,0.173511
156.000000,283.485992,0.292660,0.193657
157.000000,283.485992,0.297364,0.217506
158.000000,283.485992,0.299710,0.224129
159.000000,283.485992,0.299684,0.232688
160.000000,283.485992,0.297286,0.248393
161.000000,283.485992,0.292524,0.243141
162.000000,283.485992,0.285445,0.252416
163.000000,283.485992,0.276106,0.246992
164.000000,283.485992,0.264581,0.251577
165.000000,283.485992,0.250951,0.255411
166.000000,283.485992,0.235335,0.242850
167.000000,283.485992,0.217856,0.244135
168.000000,283.485992,0.198652,0.244106
169.000000,283.485992,0.177867,0.224129
170.000000,283.485992,0.155675,0.216535
171.000000,283.485992,0.132251,0.213076
172.000000,283.485992,0.107778,0.180089
173.000000,283.485992,0.082449,0.168919
174.000000,283.485992,0.056467,0.158595
175.000000,283.485992,0.030038,0.126326
176.000000,283.485992,0.003371,0.110297
177.000000,283.485992,-0.023323,0.098690
178.000000,283.485992,-0.049832,0.063986
179.000000,283.485992,-0.075947,0.048238
180.000000,283.485992,-0.101459,0.026221
181.000000,283.485992,-0.126166,0.002358
182.000000,283.485992,-0.149874,-0.009391
183.000000,283.485992,-0.172395,-0.041822
184.000000,283.485992,-0.193548,-0.065565
185.000000,283.485992,-0.213166,-0.078461
186.000000,283.485992,-0.231096,-0.109451
187.000000,283.485992,-0.247196,-0.123907
188.000000,283.485992,-0.261334,-0.134231
189.000000,283.485992,-0.273399,-0.167066
190.000000,283.485992,-0.283299,-0.180383
191.000000,283.485992,-0.290957,-0.184415
192.000000,283.485992,-0.296303,-0.218831
193.000000,283.485992,-0.299301,-0.219563
194.000000,283.485992,-0.299929,-0.219450
195.000000,283.485992,-0.298183,-0.241424
196.000000,283.485992,-0.294066,-0.246017
197.000000,283.485992,-0.287620,-0.247898
198.000000,283.485992,-0.278897,-0.257868
199.000000,283.485992,-0.267966,-0.257030
200.000000,283.485992,-0.254903,-0.261314
201.000000,283.485992,-0.239822,-0.257013
202.000000,283.485992,-0.222843,-0.243455
203.000000,283.485992,-0.204099,-0.247428
204.000000,283.485992,-0.183732,-0.236713
205.000000,283.485992,-0.161910,-0.208864
206.000000,283.485992,-0.138807,-0.207966
207.000000,283.485992,-0.114604,-0.190107
208.000000,283.485992,-0.089490,-0.164972
209.000000,283.485992,-0.063667,-0.161639
210.000000,283.485992,-0.037341,-0.138207
211.000000,283.485992,-0.010718,-0.112641
212.000000,283.485992,0.015990,-0.106018
213.000000,283.485992,0.042570,-0.052978
214.000000,283.485992,0.068814,-0.051013
215.000000,283.485992,0.094513,-0.042395
216.000000,283.485992,0.119461,-0.013960
217.000000,283.485992,0.143463,0.003902
218.000000,283.485992,0.166329,0.025949
219.000000,283.485992,0.187876,0.054523
220.000000,283.485992,0.207931,0.067703
221.000000,283.485992,0.226341,0.094436
222.000000,283.485992,0.242958,0.125005
223.000000,283.485992,0.257647,0.130905
224.000000,283.485992,0.270292,0.147621
225.000000,283.485992,0.280797,0.179761
226.000000,283.485992,0.289079,0.181235
227.000000,283.485992,0.295065,0.205383
228.000000,283.485992,0.298712,0.223368
229.000000,283.485992,0.299994,0.219266
230.000000,283.485992,0.298901,0.234262
231.000000,283.485992,0.295431,0.249676
232.000000,283.485992,0.289622,0.245573
233.000000,283.485992,0.281520,0.253135
234.000000,283.485992,0.271189,0.262694
235.000000,283.485992,0.258701,0.253582
236.000000,283.485992,0.244165,0.258423
237.000000,283.485992,0.227696,0.245123
238.000000,283.485992,0.209423,0.237277
239.000000,283.485992,0.189486,0.234964
240.000000,283.485992,0.168048,0.214836
241.000000,283.485992,0.145280,0.206675
242.000000,283.485992,0.121361,0.200496
243.000000,283.485992,0.096477,0.173511
244.000000,283.485992,0.070829,0.162631
245.000000,283.485992,0.044621,0.148589
246.000000,283.485992,0.018059,0.113749
247.000000,283.485992,-0.008647,0.099290
248.000000,283.485992,-0.035283,0.090393
249.000000,283.485992,-0.061641,0.057982
250.000000,283.485992,-0.087510,0.038808
251.000000,283.485992,-0.112684,0.025479
252.000000,283.485992,-0.136966,-0.009077
253.000000,283.485992,-0.160164,-0.028824
254.000000,283.485992,-0.182090,-0.041434
255.000000,283.485992,-0.202572,-0.073422
256.000000,283.485992,-0.221450,-0.091456
257.000000,283.485992,-0.238575,-0.119198
258.000000,283.485992,-0.253805,-0.134619
259.000000,283.485992,-0.267022,-0.140215
260.000000,283.485992,-0.278126,-0.173653
261.000000,283.485992,-0.287028,-0.185956
262.000000,283.485992,-0.293649,-0.192990
263.000000,283.485992,-0.297943,-0.217403
264.000000,283.485992,-0.299878,-0.227568
265.000000,283.485992,-0.299440,-0.229887
266.000000,283.485992,-0.296620,-0.248286
267.000000,283.485992,-0.291451,-0.250877
268.000000,283.485992,-0.283975,-0.245758
269.000000,283.485992,-0.274250,-0.257438
270.000000,283.485992,-0.262344,-0.255453
271.000000,283.485992,-0.248362,-0.252043
272.000000,283.485992,-0.232413,-0.258438
273.000000,283.485992,-0.214622,-0.244019
274.000000,283.485992,-0.195126,-0.237584
275.000000,283.485992,-0.174085,-0.223983
276.000000,283.485992,-0.151666,-0.204991
277.000000,283.485992,-0.128045,-0.204679
278.000000,283.485992,-0.103406,-0.181380
279.000000,283.485992,-0.077949,-0.157388
280.000000,283.485992,-0.051875,-0.157063
281.000000,283.485992,-0.025389,-0.130911
282.000000,283.485992,0.001298,-0.099915
283.000000,283.485992,0.027975,-0.092864
284.000000,283.485992,0.054431,-0.070433
285.000000,283.485992,0.080454,-0.042150
286.000000,283.485992,0.105840,-0.029235
287.000000,283.485992,0.130387,-0.005515
288.000000,283.485992,0.153902,0.030485
289.000000,283.485992,0.176195,0.045256
290.000000,283.485992,0.197091,0.063396
291.000000,283.485992,0.216426,0.089399
292.000000,283.485992,0.234048,0.101732
293.000000,283.485992,0.249811,0.128020
294.000000,283.485992,0.263593,0.137330
295.000000,283.485992,0.275288,0.162067
296.000000,283.485992,0.284805,0.182915
297.000000,283.485992,0.292057,0.192103
298.000000,283.485992,0.296996,0.206102
299.000000,283.485992,0.299583,0.227947
300.000000,283.485992,0.299799,0.228420
301.000000,283.485992,0.297630,0.239841
302.000000,283.485992,0.293105,0.251249
303.000000,283.485992,0.286259,0.247432
304.000000,283.485992,0.277146,0.258714
305.000000,283.485992,0.265830,0.263688
306.000000,283.485992,0.252409,0.249861
307.000000,283.485992,0.236990,0.253135
308.000000,283.485992,0.219692,0.250825
309.000000,283.485992,0.200649,0.232989
310.000000,283.485992,0.180018,0.228536
311.000000,283.485992,0.157961,0.200668
312.000000,283.485992,0.134652,0.198242
313.000000,283.485992,0.110273,0.195642
314.000000,283.485992,0.085022,0.164075
315.000000,283.485992,0.059097,0.155199
316.000000,283.485992,0.032704,0.144444
317.000000,283.485992,0.006051,0.110886
318.000000,283.485992,-0.020650,0.095429
319.000000,283.485992,-0.047188,0.081100
320.000000,283.485992,-0.073351,0.048831
321.000000,283.485992,-0.098932,0.033086
322.000000,283.485992,-0.123729,0.015330
323.000000,283.485992,-0.147548,-0.020229
324.000000,283.485992,-0.170194,-0.044695
325.000000,283.485992,-0.191491,-0.055016
326.000000,283.485992,-0.211272,-0.084001
327.000000,283.485992,-0.229380,-0.098175
328.000000,283.485992,-0.245667,-0.120776
329.000000,283.485992,-0.260005,-0.141338
330.000000,283.485992,-0.272285,-0.156374
331.000000,283.485992,-0.282410,-0.180376
332.000000,283.485992,-0.290290,-0.193103
333.000000,283.485992,-0.295870,-0.200422
334.000000,283.485992,-0.299108,-0.221117
335.000000,283.485992,-0.299978,-0.234857
336.000000,283.485992,-0.298462,-0.232027
337.000000,283.485992,-0.294583,-0.244854
338.000000,283.485992,-0.288371,-0.248730
339.000000,283.485992,-0.279877,-0.247043
340.000000,283.485992,-0.269156,-0.257580
341.000000,283.485992,-0.256305,-0.253451
342.000000,283.485992,-0.241424,-0.243899
343.000000,283.485992,-0.224631,-0.252577
344.000000,283.485992,-0.206052,-0.239297
345.000000,283.485992,-0.185842,-0.226020
346.000000,283.485992,-0.164161,-0.225126
347.000000,283.485992,-0.141179,-0.205557
348.000000,283.485992,-0.117074,-0.201830
349.000000,283.485992,-0.092044,-0.177802
350.000000,283.485992,-0.066284,-0.152090
351.000000,283.485992,-0.039999,-0.141762
0.000000,296.065002,0.006611,-0.107350
1.000000,296.065002,0.034439,-0.094865
2.000000,296.065002,0.061969,-0.065572
3.000000,296.065002,0.088962,-0.033429
4.000000,296.065002,0.115189,-0.022519
5.000000,296.065002,0.140417,0.007348
6.000000,296.065002,0.164432,0.035064
7.000000,296.065002,0.187027,0.044540
8.000000,296.065002,0.208002,0.069543
9.000000,296.065002,0.227185,0.087706
10.000000,296.065002,0.244396,0.111738
11.000000,296.065002,0.259500,0.137449
12.000000,296.065002,0.272358,0.146345
13.000000,296.065002,0.282861,0.170642
14.000000,296.065002,0.290923,0.198064
15.000000,296.065002,0.296463,0.199107
16.000000,296.065002,0.299449,0.213391
17.000000,296.065002,0.299837,0.231233
18.000000,296.065002,0.297638,0.230276
19.000000,296.065002,0.292866,0.244987
20.000000,296.065002,0.285560,0.258254
21.000000,296.065002,0.275790,0.252435
22.000000,296.065002,0.263628,0.257853
23.000000,296.065002,0.249195,0.254543
24.000000,296.065002,0.232602,0.242426
25.000000,296.065002,0.214000,0.249699
26.000000,296.065002,0.193550,0.227549
27.000000,296.065002,0.171423,0.219832
28.000000,296.065002,0.147819,0.214514
29.000000,296.065002,0.122932,0.192388
30.000000,296.065002,0.096986,0.179936
31.000000,296.065002,0.070199,0.170182
32.000000,296.065002,0.042807,0.142201
33.000000,296.065002,0.015044,0.123739
34.000000,296.065002,-0.012849,0.114988
35.000000,296.065002,-0.040631,0.076570
36.000000,296.065002,-0.068061,0.060683
37.000000,296.065002,-0.094904,0.044925
38.000000,296.065002,-0.120925,0.009223
39.000000,296.065002,-0.145901,-0.011240
40.000000,296.065002,-0.169618,-0.025991
41.000000,296.065002,-0.191864,-0.056692
42.000000,296.065002,-0.212456,-0.075585
43.000000,296.065002,-0.231208,-0.105319
44.000000,296.065002,-0.247963,-0.123897
45.000000,296.065002,-0.262576,-0.136219
46.000000,296.065002,-0.274914,-0.162640
47.000000,296.065002,-0.284883,-0.178521
48.000000,296.065002,-0.292380,-0.180840
49.000000,296.065002,-0.297356,-0.206532
50.000000,296.065002,-0.299759,-0.221276
51.000000,296.065002,-0.299570,-0.225739
52.000000,296.065002,-0.296795,-0.242567
53.000000,296.065002,-0.291448,-0.249161
54.000000,296.065002,-0.283589,-0.242898
55.000000,296.065002,-0.273271,-0.259154
56.000000,296.065002,-0.260594,-0.255453
57.000000,296.065002,-0.245665,-0.248614
58.000000,296.065002,-0.228610,-0.254293
59.000000,296.065002,-0.209583,-0.240301
60.000000,296.065002,-0.188738,-0.238154
61.000000,296.065002,-0.166266,-0.226988
62.000000,296.065002,-0.142354,-0.205706
63.000000,296.065002,-0.117212,-0.200816
64.000000,296.065002,-0.091058,-0.174233
65.000000,296.065002,-0.064115,-0.152100
66.000000,296.065002,-0.036620,-0.142190
67.000000,296.065002,-0.008807,-0.123476
68.000000,296.065002,0.019082,-0.094481
69.000000,296.065002,0.046806,-0.087145
70.000000,296.065002,0.074126,-0.055705
71.000000,296.065002,0.100805,-0.033717
72.000000,296.065002,0.126611,-0.019944
73.000000,296.065002,0.151325,0.015499
74.000000,296.065002,0.174728,0.043642
75.000000,296.065002,0.196622,0.055693
76.000000,296.065002,0.216817,0.081696
77.000000,296.065002,0.235135,0.097716
78.000000,296.065002,0.251426,0.125750
79.000000,296.065002,0.265535,0.141883
80.000000,296.065002,0.277356,0.153638
81.000000,296.065002,0.286774,0.176361
82.000000,296.065002,0.293715,0.204356
83.000000,296.065002,0.298119,0.205684
84.000000,296.065002,0.299940,0.220253
85.000000,296.065002,0.299177,0.239954
86.000000,296.065002,0.295818,0.235136
87.000000,296.065002,0.289908,0.247273
88.000000,296.065002,0.281489,0.259685
89.000000,296.065002,0.270636,0.249433
90.000000,296.065002,0.257448,0.252992
91.000000,296.065002,0.242028,0.255832
92.000000,296.065002,0.224521,0.245000
93.000000,296.065002,0.205069,0.241405
94.000000,296.065002,0.183846,0.227261
95.000000,296.065002,0.161035,0.216400
96.000000,296.065002,0.136829,0.204793
97.000000,296.065002,0.111444,0.185811
98.000000,296.065002,0.085091,0.173502
99.000000,296.065002,0.058005,0.163605
100.000000,296.065002,0.030417,0.124898
101.000000,296.065002,0.002567,0.116592
102.000000,296.065002,-0.025307,0.100831
103.000000,296.065002,-0.052960,0.068992
104.000000,296.065002,-0.080158,0.050958
105.000000,296.065002,-0.106660,0.032914
106.000000,296.065002,-0.132242,-0.003931
107.000000,296.065002,-0.156680,-0.021677
108.000000,296.065002,-0.179763,-0.042143
109.000000,296.065002,-0.201295,-0.070416
110.000000,296.065002,-0.221081,-0.085021
111.000000,296.065002,-0.238962,-0.110180
112.000000,296.065002,-0.254772,-0.131763
113.000000,296.065002,-0.268383,-0.143512
114.000000,296.065002,-0.279674,-0.171076
115.000000,296.065002,-0.288543,-0.181383
116.000000,296.065002,-0.294926,-0.192851
117.000000,296.065002,-0.298749,-0.219689
118.000000,296.065002,-0.299997,-0.223708
119.000000,296.065002,-0.298647,-0.225454
120.000000,296.065002,-0.294716,-0.246855
121.000000,296.065002,-0.288241,-0.250019
122.000000,296.065002,-0.279268,-0.249760
123.000000,296.065002,-0.267889,-0.261728
124.000000,296.065002,-0.254185,-0.249303
125.000000,296.065002,-0.238289,-0.249038
126.000000,296.065002,-0.220332,-0.250433
127.000000,296.065002,-0.200469,-0.235013
128.000000,296.065002,-0.178876,-0.234002
129.000000,296.065002,-0.155732,-0.221412
130.000000,296.065002,-0.131246,-0.197274
131.000000,296.065002,-0.105623,-0.194809
132.000000,296.065002,-0.079088,-0.174091
133.000000,296.065002,-0.051869,-0.145238
134.000000,296.065002,-0.024201,-0.136332
135.000000,296.065002,0.003676,-0.115471
136.000000,296.065002,0.031520,-0.084475
137.000000,296.065002,0.059093,-0.069701
138.000000,296.065002,0.086155,-0.046411
139.000000,296.065002,0.112471,-0.015269
140.000000,296.065002,0.137817,-0.000498
141.000000,296.065002,0.161968,0.025936
142.000000,296.065002,0.184724,0.046081
143.000000,296.065002,0.205877,0.063413
144.000000,296.065002,0.225254,0.089701
145.000000,296.065002,0.242683,0.103869
146.000000,296.065002,0.258013,0.130468
147.000000,296.065002,0.271117,0.157750
148.000000,296.065002,0.281869,0.079562
149.000000,296.065002,0.290192,0.187083
150.000000,296.065002,0.296001,0.221088
151.000000,296.065002,0.299253,0.226416
152.000000,296.065002,0.299920,0.240984
153.000000,296.065002,0.297990,0.251249
154.000000,296.065002,0.293492,0.245431
155.000000,296.065002,0.286445,0.248989
156.000000,296.065002,0.276930,0.262833
157.000000,296.065002,0.265018,0.252293
158.000000,296.065002,0.250815,0.254705
159.000000,296.065002,0.234447,0.247555
160.000000,296.065002,0.216047,0.242568
161.000000,296.065002,0.195785,0.238827
162.000000,296.065002,0.173825,0.195665
163.000000,296.065002,0.150365,0.207960
164.000000,296.065002,0.125605,0.211794
165.000000,296.065002,0.099758,0.184525
166.000000,296.065002,0.073051,0.167495
167.000000,296.065002,0.045710,0.154311
168.000000,296.065002,0.017975,0.124040
169.000000,296.065002,-0.009915,0.112013
170.000000,296.065002,-0.037720,0.093395
171.000000,296.065002,-0.065199,0.059553
172.000000,296.065002,-0.092113,0.039948
173.000000,296.065002,-0.118234,0.021768
174.000000,296.065002,-0.143329,-0.011081
175.000000,296.065002,-0.167187,-0.030262
176.000000,296.065002,-0.189599,-0.056845
177.000000,296.065002,-0.210372,-0.078001
178.000000,296.065002,-0.229329,-0.095041
179.000000,296.065002,-0.246298,-0.124460
180.000000,296.065002,-0.261144,-0.137912
181.000000,296.065002,-0.273726,-0.144092
182.000000,296.065002,-0.283946,-0.178511
183.000000,296.065002,-0.291711,-0.190823
184.000000,296.065002,-0.296951,-0.198430
185.000000,296.065002,-0.299631,-0.223980
186.000000,296.065002,-0.299711,-0.226570
187.000000,296.065002,-0.297208,-0.229887
188.000000,296.065002,-0.292131,-0.250861
189.000000,296.065002,-0.284530,-0.255453
190.000000,296.065002,-0.274471,-0.252186
191.000000,296.065002,-0.262035,-0.258296
192.000000,296.065002,-0.247341,-0.251311
193.000000,296.065002,-0.230500,-0.255599
194.000000,296.065002,-0.211672,-0.250864
195.000000,296.065002,-0.191012,-0.231872
196.000000,296.065002,-0.168700,-0.227555
197.000000,296.065002,-0.144933,-0.215696
198.000000,296.065002,-0.119909,-0.188560
199.000000,296.065002,-0.093852,-0.183802
200.000000,296.065002,-0.066981,-0.161082
201.000000,296.065002,-0.039532,-0.134088
202.000000,296.065002,-0.011741,-0.132326
203.000000,296.065002,0.016152,-0.104749
204.000000,296.065002,0.043905,-0.069747
205.000000,296.065002,0.071277,-0.061838
206.000000,296.065002,0.098035,-0.032972
207.000000,296.065002,0.123944,-0.008685
208.000000,296.065002,0.148782,0.007937
209.000000,296.065002,0.172334,0.036227
210.000000,296.065002,0.194394,0.051816
211.000000,296.065002,0.214779,0.076278
212.000000,296.065002,0.233300,0.105708
213.000000,296.065002,0.249810,0.112029
214.000000,296.065002,0.264158,0.141044
215.000000,296.065002,0.276221,0.154884
216.000000,296.065002,0.285901,0.171225
217.000000,296.065002,0.293102,0.198093
218.000000,296.065002,0.297777,0.218365
219.000000,296.065002,0.299871,0.216694
220.000000,296.065002,0.299377,0.227688
221.000000,296.065002,0.296294,0.244815
222.000000,296.065002,0.290647,0.244861
223.000000,296.065002,0.282494,0.256282
224.000000,296.065002,0.271890,0.261829
225.000000,296.065002,0.258942,0.248575
226.000000,296.065002,0.243752,0.251276
227.000000,296.065002,0.226456,0.249970
228.000000,296.065002,0.207204,0.228987
229.000000,296.065002,0.186157,0.242833
230.000000,296.065002,0.163505,0.214107
231.000000,296.065002,0.139435,0.204246
232.000000,296.065002,0.114163,0.195927
233.000000,296.065002,0.087903,0.167365
234.000000,296.065002,0.060883,0.153767
235.000000,296.065002,0.033337,0.144586
236.000000,296.065002,0.005502,0.114604
237.000000,296.065002,-0.022380,0.097288
238.000000,296.065002,-0.050068,0.081958
239.000000,296.065002,-0.077324,0.048688
240.000000,296.065002,-0.103911,0.026366
241.000000,296.065002,-0.129600,0.009753
242.000000,296.065002,-0.154170,-0.022661
243.000000,296.065002,-0.177404,-0.034831
244.000000,296.065002,-0.199107,-0.057872
245.000000,296.065002,-0.219087,-0.085575
246.000000,296.065002,-0.237174,-0.105325
247.000000,296.065002,-0.253212,-0.132488
248.000000,296.065002,-0.267057,-0.151063
249.000000,296.065002,-0.278600,-0.158952
250.000000,296.065002,-0.287726,-0.190949
251.000000,296.065002,-0.294371,-0.197682
252.000000,296.065002,-0.298469,-0.201429
253.000000,296.065002,-0.299985,-0.225696
254.000000,296.065002,-0.298914,-0.235861
255.000000,296.065002,-0.295250,-0.232889
256.000000,296.065002,-0.289042,-0.254717
257.000000,296.065002,-0.280328,-0.252020
258.000000,296.065002,-0.269194,-0.246616
259.000000,296.065002,-0.255734,-0.259581
260.000000,296.065002,-0.240060,-0.247445
261.000000,296.065002,-0.222316,-0.243180
262.000000,296.065002,-0.202643,-0.246000
263.000000,296.065002,-0.181224,-0.230861
264.000000,296.065002,-0.158235,-0.217720
265.000000,296.065002,-0.133879,-0.207396
266.000000,296.065002,-0.108367,-0.186257
267.000000,296.065002,-0.081916,-0.177944
268.000000,296.065002,-0.054758,-0.156212
269.000000,296.065002,-0.027126,-0.130219
270.000000,296.065002,0.000740,-0.119315
271.000000,296.065002,0.028600,-0.094733
272.000000,296.065002,0.056212,-0.061593
273.000000,296.065002,0.083339,-0.052398
274.000000,296.065002,0.109744,-0.022532
275.000000,296.065002,0.135203,0.007037
276.000000,296.065002,0.159490,0.015088
277.000000,296.065002,0.182400,0.042522
278.000000,296.065002,0.203733,0.075523
279.000000,296.065002,0.223303,0.087292
280.000000,296.065002,0.240948,0.112298
281.000000,296.065002,0.256502,0.134580
282.000000,296.065002,0.269845,0.144056
283.000000,296.065002,0.280852,0.169628
284.000000,296.065002,0.289431,0.183362
285.000000,296.065002,0.295512,0.222831
286.000000,296.065002,0.299031,0.216092
287.000000,296.065002,0.299974,0.211830
288.000000,296.065002,0.298315,0.230408
289.000000,296.065002,0.294082,0.249967
290.000000,296.065002,0.287306,0.243430
291.000000,296.065002,0.278044,0.249420
292.000000,296.065002,0.266384,0.261544
293.000000,296.065002,0.252413,0.247720
294.000000,296.065002,0.236267,0.249848
295.000000,296.065002,0.218074,0.251249
296.000000,296.065002,0.197998,0.231561
297.000000,296.065002,0.176211,0.226257
298.000000,296.065002,0.152898,0.217228
299.000000,296.065002,0.128267,0.197530
300.000000,296.065002,0.102522,0.188501
301.000000,296.065002,0.075895,0.164632
302.000000,296.065002,0.048610,0.144623
303.000000,296.065002,0.020905,0.142025
304.000000,296.065002,-0.006981,0.102450
305.000000,296.065002,-0.034805,0.082849
306.000000,296.065002,-0.062330,0.072667
307.000000,296.065002,-0.089315,0.036535
308.000000,296.065002,-0.115529,0.023650
309.000000,296.065002,-0.140743,0.004890
310.000000,296.065002,-0.164740,-0.030951
311.000000,296.065002,-0.187317,-0.051560
312.000000,296.065002,-0.208268,-0.066456
313.000000,296.065002,-0.227425,-0.097871
314.000000,296.065002,-0.244610,-0.110040
315.000000,296.065002,-0.259684,-0.137501
316.000000,296.065002,-0.272514,-0.158498
317.000000,296.065002,-0.282984,-0.169816
318.000000,296.065002,-0.291015,-0.195670
319.000000,296.065002,-0.296520,-0.204971
320.000000,296.065002,-0.299469,-0.208433
321.000000,296.065002,-0.299826,-0.233128
322.000000,296.065002,-0.297591,-0.239721
323.000000,296.065002,-0.292787,-0.233459
324.000000,296.065002,-0.285446,-0.256580
325.000000,296.065002,-0.275644,-0.252878
326.000000,296.065002,-0.263452,-0.246901
327.000000,296.065002,-0.248987,-0.258153
328.000000,296.065002,-0.232369,-0.249592
329.000000,296.065002,-0.213741,-0.241749
330.000000,296.065002,-0.193268,-0.235421
331.000000,296.065002,-0.171120,-0.225288
332.000000,296.065002,-0.147496,-0.218128
333.000000,296.065002,-0.122595,-0.198106
334.000000,296.065002,-0.096635,-0.174684
335.000000,296.065002,-0.069840,-0.172646
336.000000,296.065002,-0.042440,-0.149353
0.000000,309.203003,0.017111,-0.113884
1.000000,309.203003,0.046078,-0.083878
2.000000,309.203003,0.074611,-0.063998
3.000000,309.203003,0.102441,-0.037250
4.000000,309.203003,0.129304,-0.006820
5.000000,309.203003,0.154949,0.003792
6.000000,309.203003,0.179134,0.035667
7.000000,309.203003,0.201629,0.068380
8.000000,309.203003,0.222223,0.077716
9.000000,309.203003,0.240721,0.104723
10.000000,309.203003,0.256948,0.144590
11.000000,309.203003,0.270753,0.143771
12.000000,309.203003,0.282006,0.166918
13.000000,309.203003,0.290600,0.186334
14.000000,309.203003,0.296454,0.193527
15.000000,309.203003,0.299514,0.210240
16.000000,309.203003,0.299749,0.227374
17.000000,309.203003,0.297159,0.229272
18.000000,309.203003,0.291768,0.244122
19.000000,309.203003,0.283625,0.245275
20.000000,309.203003,0.272808,0.250573
21.000000,309.203003,0.259416,0.256839
22.000000,309.203003,0.243579,0.242860
23.000000,309.203003,0.225446,0.243135
24.000000,309.203003,0.205187,0.244676
25.000000,309.203003,0.182994,0.226273
26.000000,309.203003,0.159076,0.217536
27.000000,309.203003,0.133659,0.211072
28.000000,309.203003,0.106981,0.185665
29.000000,309.203003,0.079294,0.172637
30.000000,309.203003,0.050860,0.158595
31.000000,309.203003,0.021946,0.131903
32.000000,309.203003,-0.007176,0.111297
33.000000,309.203003,-0.036229,0.092971
34.000000,309.203003,-0.064941,0.062270
35.000000,309.203003,-0.093040,0.047665
36.000000,309.203003,-0.120262,0.016072
37.000000,309.203003,-0.146350,-0.008367
38.000000,309.203003,-0.171058,0.010472
39.000000,309.203003,-0.194154,-0.057547
40.000000,309.203003,-0.215419,-0.084866
41.000000,309.203003,-0.234654,-0.094762
42.000000,309.203003,-0.251676,-0.132753
43.000000,309.203003,-0.266327,-0.145066
44.000000,309.203003,-0.278463,-0.152819
45.000000,309.203003,-0.287974,-0.185658
46.000000,309.203003,-0.294770,-0.194255
47.000000,309.203003,-0.298787,-0.202005
48.000000,309.203003,-0.299986,-0.226696
49.000000,309.203003,-0.298358,-0.237008
50.000000,309.203003,-0.293917,-0.238747
51.000000,309.203003,-0.286706,-0.254721
52.000000,309.203003,-0.276791,-0.251308
53.000000,309.203003,-0.264266,-0.252742
54.000000,309.203003,-0.249251,-0.254867
55.000000,309.203003,-0.231885,-0.244452
56.000000,309.203003,-0.212330,-0.248578
57.000000,309.203003,-0.190774,-0.236285
58.000000,309.203003,-0.167419,-0.216153
59.000000,309.203003,-0.142487,-0.217830
60.000000,309.203003,-0.116211,-0.196254
61.000000,309.203003,-0.088839,-0.171834
62.000000,309.203003,-0.060630,-0.165784
63.000000,309.203003,-0.031849,-0.140636
64.000000,309.203003,-0.002768,-0.113642
65.000000,309.203003,0.026339,-0.106588
66.000000,309.203003,0.055198,-0.084869
67.000000,309.203003,0.083538,-0.045009
68.000000,309.203003,0.111088,-0.032668
69.000000,309.203003,0.137591,-0.003374
70.000000,309.203003,0.162797,0.028911
71.000000,309.203003,0.186468,0.040253
72.000000,309.203003,0.208380,0.070547
73.000000,309.203003,0.228329,0.095403
74.000000,309.203003,0.246124,0.105737
75.000000,309.203003,0.261600,0.135458
76.000000,309.203003,0.274609,0.149752
77.000000,309.203003,0.285029,0.162929
78.000000,309.203003,0.292763,0.191500
79.000000,309.203003,0.297735,0.197676
80.000000,309.203003,0.299898,0.212539
81.000000,309.203003,0.299234,0.230239
82.000000,309.203003,0.295748,0.233566
83.000000,309.203003,0.289474,0.244417
84.000000,309.203003,0.280472,0.260116
85.000000,309.203003,0.268825,0.246862
86.000000,309.203003,0.254644,0.250563
87.000000,309.203003,0.238062,0.255825
88.000000,309.203003,0.219236,0.243430
89.000000,309.203003,0.198343,0.239122
90.000000,309.203003,0.175579,0.234805
91.000000,309.203003,0.151160,0.207540
92.000000,309.203003,0.125314,0.191222
93.000000,309.203003,0.098287,0.184489
94.000000,309.203003,0.070334,0.167789
95.000000,309.203003,0.041718,0.151753
96.000000,309.203003,0.012709,0.120740
97.000000,309.203003,-0.016420,0.101871
98.000000,309.203003,-0.045395,0.090118
99.000000,309.203003,-0.073941,0.054838
100.000000,309.203003,-0.101791,0.033662
101.000000,309.203003,-0.128681,0.019621
102.000000,309.203003,-0.154358,-0.019514
103.000000,309.203003,-0.178579,-0.042120
104.000000,309.203003,-0.201115,-0.050016
105.000000,309.203003,-0.221756,-0.084998
106.000000,309.203003,-0.240305,-0.105892
107.000000,309.203003,-0.256589,-0.121362
108.000000,309.203003,-0.270454,-0.151202
109.000000,309.203003,-0.281769,-0.165661
110.000000,309.203003,-0.290428,-0.177974
111.000000,309.203003,-0.296348,-0.201104
112.000000,309.203003,-0.299475,-0.211419
113.000000,309.203003,-0.299779,-0.229857
114.000000,309.203003,-0.297257,-0.237140
115.000000,309.203003,-0.291929,-0.235162
116.000000,309.203003,-0.283849,-0.256149
117.000000,309.203003,-0.273092,-0.255446
118.000000,309.203003,-0.259761,-0.245466
119.000000,309.203003,-0.243981,-0.257580
120.000000,309.203003,-0.225901,-0.250874
121.000000,309.203003,-0.205691,-0.233605
122.000000,309.203003,-0.183543,-0.239993
123.000000,309.203003,-0.159663,-0.221279
124.000000,309.203003,-0.134279,-0.196429
125.000000,309.203003,-0.107628,-0.193951
126.000000,309.203003,-0.079962,-0.173378
127.000000,309.203003,-0.051542,-0.146242
128.000000,309.203003,-0.022636,-0.135904
129.000000,309.203003,0.006484,-0.114331
130.000000,309.203003,0.035542,-0.089753
131.000000,309.203003,0.064264,-0.076997
132.000000,309.203003,0.092381,-0.042988
133.000000,309.203003,0.119627,-0.023950
134.000000,309.203003,0.145745,-0.003795
135.000000,309.203003,0.170490,0.032639
136.000000,309.203003,0.193627,0.044974
137.000000,309.203003,0.214939,0.069983
138.000000,309.203003,0.234225,0.102693
139.000000,309.203003,0.251300,0.112029
140.000000,309.203003,0.266005,0.143473
141.000000,309.203003,0.278203,0.166319
142.000000,309.203003,0.287777,0.171938
143.000000,309.203003,0.294639,0.192510
144.000000,309.203003,0.298723,0.214074
145.000000,309.203003,0.299991,0.211115
146.000000,309.203003,0.298430,0.230544
147.000000,309.203003,0.294057,0.243105
148.000000,309.203003,0.286910,0.245573
149.000000,309.203003,0.277059,0.254132
150.000000,309.203003,0.264596,0.249841
151.000000,309.203003,0.249635,0.249003
152.000000,309.203003,0.232321,0.252840
153.000000,309.203003,0.212817,0.236564
154.000000,309.203003,0.191306,0.231697
155.000000,309.203003,0.167992,0.229809
156.000000,309.203003,0.143095,0.205111
157.000000,309.203003,0.116848,0.195804
158.000000,309.203003,0.089500,0.186765
159.000000,309.203003,0.061308,0.152210
160.000000,309.203003,0.032538,0.138609
161.000000,309.203003,0.003460,0.128000
162.000000,309.203003,-0.025650,0.091155
163.000000,309.203003,-0.054518,0.077269
164.000000,309.203003,-0.082872,0.057651
165.000000,309.203003,-0.110444,0.023666
166.000000,309.203003,-0.136975,0.004061
167.000000,309.203003,-0.162214,-0.015411
168.000000,309.203003,-0.185925,-0.051259
169.000000,309.203003,-0.207882,-0.068435
170.000000,309.203003,-0.227880,-0.095604
171.000000,309.203003,-0.245729,-0.113172
172.000000,309.203003,-0.261262,-0.131640
173.000000,309.203003,-0.274332,-0.157925
174.000000,309.203003,-0.284815,-0.170516
175.000000,309.203003,-0.292610,-0.185840
176.000000,309.203003,-0.297646,-0.211250
177.000000,309.203003,-0.299877,-0.218416
178.000000,309.203003,-0.299280,-0.216160
179.000000,309.203003,-0.295862,-0.243426
180.000000,309.203003,-0.289655,-0.246301
181.000000,309.203003,-0.280717,-0.242898
182.000000,309.203003,-0.269132,-0.255579
183.000000,309.203003,-0.255011,-0.255310
184.000000,309.203003,-0.238485,-0.248180
185.000000,309.203003,-0.219710,-0.250864
186.000000,309.203003,-0.198863,-0.238730
187.000000,309.203003,-0.176139,-0.236143
188.000000,309.203003,-0.151756,-0.217409
189.000000,309.203003,-0.125942,-0.191840
190.000000,309.203003,-0.098941,-0.189660
191.000000,309.203003,-0.071007,-0.166225
192.000000,309.203003,-0.042403,-0.140520
193.000000,309.203003,-0.013400,-0.134473
194.000000,309.203003,0.015729,-0.109752
195.000000,309.203003,0.044711,-0.077039
196.000000,309.203003,0.073271,-0.065841
197.000000,309.203003,0.101140,-0.037548
198.000000,309.203003,0.128056,-0.005548
199.000000,309.203003,0.153763,0.007795
200.000000,309.203003,0.178021,0.032801
201.000000,309.203003,0.200600,0.062376
202.000000,309.203003,0.221288,0.079141
203.000000,309.203003,0.239889,0.104571
204.000000,309.203003,0.256229,0.119590
205.000000,309.203003,0.270154,0.142194
206.000000,309.203003,0.281532,0.166905
207.000000,309.203003,0.290255,0.176944
208.000000,309.203003,0.296243,0.194233
209.000000,309.203003,0.299437,0.221658
210.000000,309.203003,0.299805,0.219266
211.000000,309.203003,0.297347,0.232834
212.000000,309.203003,0.292085,0.247817
213.000000,309.203003,0.284070,0.244288
214.000000,309.203003,0.273376,0.254566
215.000000,309.203003,0.260106,0.260828
216.000000,309.203003,0.244383,0.246431
217.000000,309.203003,0.226356,0.237979
218.000000,309.203003,0.206196,0.243821
219.000000,309.203003,0.184091,0.225842
220.000000,309.203003,0.160250,0.223248
221.000000,309.203003,0.134899,0.203514
222.000000,309.203003,0.108274,0.184804
223.000000,309.203003,0.080628,0.173913
224.000000,309.203003,0.052223,0.145772
225.000000,309.203003,0.023326,0.133182
226.000000,309.203003,-0.005792,0.118282
227.000000,309.203003,-0.034854,0.085721
228.000000,309.203003,-0.063588,0.072269
229.000000,309.203003,-0.091723,0.052790
230.000000,309.203003,-0.118993,0.015230
231.000000,309.203003,-0.145141,-0.002516
232.000000,309.203003,-0.169921,-0.014271
233.000000,309.203003,-0.193100,-0.059260
234.000000,309.203003,-0.214455,-0.078150
235.000000,309.203003,-0.233789,-0.092907
236.000000,309.203003,-0.250919,-0.123602
237.000000,309.203003,-0.265682,-0.140782
238.000000,309.203003,-0.277942,-0.149529
239.000000,309.203003,-0.287580,-0.183375
240.000000,309.203003,-0.294508,-0.193116
241.000000,309.203003,-0.298659,-0.209421
242.000000,309.203003,-0.299995,-0.223983
243.000000,309.203003,-0.298502,-0.229582
244.000000,309.203003,-0.294196,-0.244860
245.000000,309.203003,-0.287114,-0.211558
246.000000,309.203003,-0.277323,-0.247610
247.000000,309.203003,-0.264918,-0.266155
248.000000,309.203003,-0.250016,-0.259879
249.000000,309.203003,-0.232757,-0.246613
250.000000,309.203003,-0.213303,-0.247713
251.000000,309.203003,-0.191839,-0.237008
252.000000,309.203003,-0.168566,-0.217876
253.000000,309.203003,-0.143703,-0.217403
254.000000,309.203003,-0.117486,-0.199689
255.000000,309.203003,-0.090161,-0.176549
256.000000,309.203003,-0.061986,-0.169790
257.000000,309.203003,-0.033226,-0.141786
258.000000,309.203003,-0.004152,-0.123768
259.000000,309.203003,0.024960,-0.102735
260.000000,309.203003,0.053837,-0.069014
261.000000,309.203003,0.082206,-0.058979
262.000000,309.203003,0.109800,-0.031965
263.000000,309.203003,0.136359,-0.051017
264.000000,309.203003,0.161632,0.014229
265.000000,309.203003,0.185382,0.054251
266.000000,309.203003,0.207384,0.085964
267.000000,309.203003,0.227431,0.086010
268.000000,309.203003,0.245334,0.117304
269.000000,309.203003,0.260923,0.144871
270.000000,309.203003,0.274050,0.150921
271.000000,309.203003,0.284593,0.173638
272.000000,309.203003,0.292454,0.194631
273.000000,309.203003,0.297557,0.196960
274.000000,309.203003,0.299856,0.215816
275.000000,309.203003,0.299327,0.228099
276.000000,309.203003,0.295976,0.235849
277.000000,309.203003,0.289835,0.247552
278.000000,309.203003,0.280962,0.243569
279.000000,309.203003,0.269440,0.251859
280.000000,309.203003,0.255377,0.259407
281.000000,309.203003,0.238905,0.243145
282.000000,309.203003,0.220179,0.239702
283.000000,309.203003,0.199378,0.242959
284.000000,309.203003,0.176698,0.230706
285.000000,309.203003,0.152352,0.216250
286.000000,309.203003,0.126569,0.211072
287.000000,309.203003,0.099594,0.178230
288.000000,309.203003,0.071679,0.166202
289.000000,309.203003,0.043089,0.154735
290.000000,309.203003,0.014092,0.122036
291.000000,309.203003,-0.015038,0.116585
292.000000,309.203003,-0.044027,0.087683
293.000000,309.203003,-0.072600,0.053834
294.000000,309.203003,-0.100488,0.035369
295.000000,309.203003,-0.127428,-0.001655
296.000000,309.203003,-0.153167,-0.014944
297.000000,309.203003,-0.177462,-0.036849
298.000000,309.203003,-0.200084,-0.065552
299.000000,309.203003,-0.220820,-0.085724
300.000000,309.203003,-0.239474,-0.092476
301.000000,309.203003,-0.255870,-0.128466
302.000000,309.203003,-0.269854,-0.148356
303.000000,309.203003,-0.281294,-0.151961
304.000000,309.203003,-0.290083,-0.184230
305.000000,309.203003,-0.296133,-0.192539
306.000000,309.203003,-0.299391,-0.202005
307.000000,309.203003,-0.299827,-0.227412
308.000000,309.203003,-0.297436,-0.235722
309.000000,309.203003,-0.292241,-0.240748
310.000000,309.203003,-0.284291,-0.255009
311.000000,309.203003,-0.273661,-0.249167
312.000000,309.203003,-0.260450,-0.254449
313.000000,309.203003,-0.244785,-0.257013
314.000000,309.203003,-0.226812,-0.242312
315.000000,309.203003,-0.206700,-0.244996
316.000000,309.203003,-0.184638,-0.235285
317.000000,309.203003,-0.160835,-0.214298
318.000000,309.203003,-0.135515,-0.212254
319.000000,309.203003,-0.108918,-0.193825
320.000000,309.203003,-0.081294,-0.162828
321.000000,309.203003,-0.052904,-0.156205
322.000000,309.203003,-0.024015,-0.135490
0.000000,322.923004,0.009991,-0.116886
1.000000,322.923004,0.040305,-0.089163
2.000000,322.923004,0.070204,-0.058451
3.000000,322.923004,0.099381,-0.086721
4.000000,322.923004,0.127538,-0.016243
5.000000,322.923004,0.154383,0.030054
6.000000,322.923004,0.179638,0.033818
7.000000,322.923004,0.203047,0.059824
8.000000,322.923004,0.224370,0.084545
9.000000,322.923004,0.243385,0.101304
10.000000,322.923004,0.259894,0.134312
11.000000,322.923004,0.273733,0.144619
12.000000,322.923004,0.284760,0.163495
13.000000,322.923004,0.292854,0.187345
14.000000,322.923004,0.297936,0.193103
15.000000,322.923004,0.299958,0.215107
16.000000,322.923004,0.298899,0.233951
17.000000,322.923004,0.294757,0.233566
18.000000,322.923004,0.287588,0.239268
19.000000,322.923004,0.277464,0.255252
20.000000,322.923004,0.264487,0.250437
21.000000,322.923004,0.248785,0.254566
22.000000,322.923004,0.230528,0.256968
23.000000,322.923004,0.209902,0.234851
24.000000,322.923004,0.187117,0.235262
25.000000,322.923004,0.162405,0.225806
26.000000,322.923004,0.136025,0.203822
27.000000,322.923004,0.108247,0.195367
28.000000,322.923004,0.079355,0.169204
29.000000,322.923004,0.049646,0.152488
30.000000,322.923004,0.019428,0.138023
31.000000,322.923004,-0.010990,0.102023
32.000000,322.923004,-0.041295,0.089429
33.000000,322.923004,-0.071176,0.077389
34.000000,322.923004,-0.100325,0.035249
35.000000,322.923004,-0.128443,0.015790
36.000000,322.923004,-0.155238,-0.001542
37.000000,322.923004,-0.180437,-0.039102
38.000000,322.923004,-0.203784,-0.060708
39.000000,322.923004,-0.225033,-0.075466
40.000000,322.923004,-0.243965,-0.108593
41.000000,322.923004,-0.260392,-0.127054
42.000000,322.923004,-0.274143,-0.138807
43.000000,322.923004,-0.285071,-0.167789
44.000000,322.923004,-0.293067,-0.181532
45.000000,322.923004,-0.298053,-0.204997
46.000000,322.923004,-0.299977,-0.212969
47.000000,322.923004,-0.298808,-0.224718
48.000000,322.923004,-0.294568,-0.241437
49.000000,322.923004,-0.287303,-0.246434
50.000000,322.923004,-0.277085,-0.244744
51.000000,322.923004,-0.264011,-0.256006
52.000000,322.923004,-0.248225,-0.254161
53.000000,322.923004,-0.229889,-0.240894
54.000000,322.923004,-0.209188,-0.242995
55.000000,322.923004,-0.186333,-0.234861
56.000000,322.923004,-0.161564,-0.215017
57.000000,322.923004,-0.135136,-0.209967
58.000000,322.923004,-0.107315,-0.194971
59.000000,322.923004,-0.078391,-0.168690
60.000000,322.923004,-0.048661,-0.161639
61.000000,322.923004,-0.018432,-0.139350
62.000000,322.923004,0.011988,-0.109205
63.000000,322.923004,0.042284,-0.095869
64.000000,322.923004,0.072146,-0.062858
65.000000,322.923004,0.101266,-0.042561
66.000000,322.923004,0.129343,-0.019374
67.000000,322.923004,0.156091,0.014203
68.000000,322.923004,0.181236,0.025379
69.000000,322.923004,0.204515,0.058545
70.000000,322.923004,0.225690,0.080825
71.000000,322.923004,0.244545,0.098590
72.000000,322.923004,0.260889,0.127602
73.000000,322.923004,0.274546,0.159457
74.000000,322.923004,0.285379,0.161789
75.000000,322.923004,0.293280,0.183793
76.000000,322.923004,0.298169,0.211503
77.000000,322.923004,0.299983,0.211403
78.000000,322.923004,0.298716,0.225399
79.000000,322.923004,0.294380,0.244957
80.000000,322.923004,0.287017,0.245288
81.000000,322.923004,0.276697,0.246415
82.000000,322.923004,0.263534,0.255683
83.000000,322.923004,0.247665,0.242999
84.000000,322.923004,0.229246,0.247127
85.000000,322.923004,0.208468,0.239686
86.000000,322.923004,0.185549,0.231415
87.000000,322.923004,0.160723,0.217811
88.000000,322.923004,0.134241,0.199101
89.000000,322.923004,0.106380,0.191235
90.000000,322.923004,0.077425,0.181195
91.000000,322.923004,0.047675,0.146345
92.000000,322.923004,0.017433,0.133748
93.000000,322.923004,-0.012987,0.117990
94.000000,322.923004,-0.043274,0.082146
95.000000,322.923004,-0.073117,0.066544
96.000000,322.923004,-0.102206,0.047499
97.000000,322.923004,-0.130245,0.010939
98.000000,322.923004,-0.156946,-0.012241
99.000000,322.923004,-0.182032,-0.033280
100.000000,322.923004,-0.205244,-0.066271
101.000000,322.923004,-0.226348,-0.082020
102.000000,322.923004,-0.245126,-0.112757
103.000000,322.923004,-0.261380,-0.131617
104.000000,322.923004,-0.274945,-0.142935
105.000000,322.923004,-0.285687,-0.170791
106.000000,322.923004,-0.293493,-0.187387
107.000000,322.923004,-0.298273,-0.188702
108.000000,322.923004,-0.299989,-0.220974
109.000000,322.923004,-0.298624,-0.227425
110.000000,322.923004,-0.294188,-0.227313
111.000000,322.923004,-0.286721,-0.250145
112.000000,322.923004,-0.276308,-0.250019
113.000000,322.923004,-0.263058,-0.246901
114.000000,322.923004,-0.247100,-0.256152
115.000000,322.923004,-0.228598,-0.249592
116.000000,322.923004,-0.207749,-0.239890
117.000000,322.923004,-0.184765,-0.237422
118.000000,322.923004,-0.159877,-0.220428
119.000000,322.923004,-0.133346,-0.203977
120.000000,322.923004,-0.105446,-0.195246
121.000000,322.923004,-0.076461,-0.168961
122.000000,322.923004,-0.046688,-0.159350
123.000000,322.923004,-0.016436,-0.136342
124.000000,322.923004,0.013985,-0.104202
125.000000,322.923004,0.044262,-0.092006
126.000000,322.923004,0.074084,-0.062709
127.000000,322.923004,0.103144,-0.032714
128.000000,322.923004,0.131145,-0.021230
129.000000,322.923004,0.157796,0.007921
130.000000,322.923004,0.182823,0.044497
131.000000,322.923004,0.205971,0.057551
132.000000,322.923004,0.227004,0.081984
133.000000,322.923004,0.245699,0.104565
134.000000,322.923004,0.261867,0.121893
135.000000,322.923004,0.275344,0.150752
136.000000,322.923004,0.285994,0.157916
137.000000,322.923004,0.293694,0.183657
138.000000,322.923004,0.298377,0.201645
139.000000,322.923004,0.299996,0.208259
140.000000,322.923004,0.298529,0.227834
141.000000,322.923004,0.293987,0.247678
142.000000,322.923004,0.286425,0.243430
143.000000,322.923004,0.275920,0.250278
144.000000,322.923004,0.262576,0.257826
145.000000,322.923004,0.246529,0.245288
146.000000,322.923004,0.227950,0.246415
147.000000,322.923004,0.207029,0.242814
148.000000,322.923004,0.183975,0.227986
149.000000,322.923004,0.159030,0.219819
150.000000,322.923004,0.132451,0.208792
151.000000,322.923004,0.104511,0.186520
152.000000,322.923004,0.075493,0.175632
153.000000,322.923004,0.045700,0.152913
154.000000,322.923004,0.015438,0.127035
155.000000,322.923004,-0.014984,0.113713
156.000000,322.923004,-0.045251,0.081434
157.000000,322.923004,-0.075052,0.060832
158.000000,322.923004,-0.104083,0.043785
159.000000,322.923004,-0.132043,0.010369
160.000000,322.923004,-0.158644,-0.008089
161.000000,322.923004,-0.183615,-0.027853
162.000000,322.923004,-0.206700,-0.067842
163.000000,322.923004,-0.227655,-0.088736
164.000000,322.923004,-0.246270,-0.102204
165.000000,322.923004,-0.262354,-0.136759
166.000000,322.923004,-0.275744,-0.152650
167.000000,322.923004,-0.286290,-0.169114
168.000000,322.923004,-0.293895,-0.190667
169.000000,322.923004,-0.298481,-0.202983
170.000000,322.923004,-0.299998,-0.221995
171.000000,322.923004,-0.298425,-0.230848
172.000000,322.923004,-0.293786,-0.228297
173.000000,322.923004,-0.286129,-0.250861
174.000000,322.923004,-0.275526,-0.253445
175.000000,322.923004,-0.262089,-0.246325
176.000000,322.923004,-0.245959,-0.256722
177.000000,322.923004,-0.227302,-0.247729
178.000000,322.923004,-0.206303,-0.233747
179.000000,322.923004,-0.183184,-0.238134
180.000000,322.923004,-0.158182,-0.220994
181.000000,322.923004,-0.131556,-0.200289
182.000000,322.923004,-0.103572,-0.194812
183.000000,322.923004,-0.074526,-0.168378
184.000000,322.923004,-0.044713,-0.151378
185.000000,322.923004,-0.014441,-0.137906
186.000000,322.923004,0.015981,-0.113191
187.000000,322.923004,0.046237,-0.090439
188.000000,322.923004,0.076019,-0.065135
189.000000,322.923004,0.105019,-0.031418
190.000000,322.923004,0.132938,-0.019225
191.000000,322.923004,0.159491,0.009498
192.000000,322.923004,0.184406,0.044212
193.000000,322.923004,0.207421,0.057697
194.000000,322.923004,0.228303,0.085135
195.000000,322.923004,0.246839,0.114843
196.000000,322.923004,0.262841,0.124325
197.000000,322.923004,0.276132,0.147472
198.000000,322.923004,0.286586,0.178614
199.000000,322.923004,0.294096,0.186092
200.000000,322.923004,0.298582,0.206526
201.000000,322.923004,0.299992,0.216946
202.000000,322.923004,0.298321,0.230130
203.000000,322.923004,0.293585,0.166617
204.000000,322.923004,0.285827,0.235842
205.000000,322.923004,0.275127,0.259151
206.000000,322.923004,0.261602,0.267130
207.000000,322.923004,0.245388,0.254586
208.000000,322.923004,0.226647,0.254142
209.000000,322.923004,0.205575,0.253254
210.000000,322.923004,0.182392,0.228132
211.000000,322.923004,0.157334,0.220680
212.000000,322.923004,0.130655,0.214074
213.000000,322.923004,0.102633,0.183236
214.000000,322.923004,0.073557,0.167776
215.000000,322.923004,0.043724,0.159026
216.000000,322.923004,0.013442,0.127327
217.000000,322.923004,-0.016979,0.110724
218.000000,322.923004,-0.047226,0.084400
219.000000,322.923004,-0.076986,0.059410
220.000000,322.923004,-0.105954,0.039514
221.000000,322.923004,-0.133834,0.165020
222.000000,322.923004,-0.160339,-0.016518
223.000000,322.923004,-0.185192,-0.067722
224.000000,322.923004,-0.208141,-0.099289
225.000000,322.923004,-0.228951,-0.108884
226.000000,322.923004,-0.247410,-0.116780
227.000000,322.923004,-0.263317,-0.146623
228.000000,322.923004,-0.276520,-0.160363
229.000000,322.923004,-0.286882,-0.166831
230.000000,322.923004,-0.294293,-0.193381
231.000000,322.923004,-0.298674,-0.206266
232.000000,322.923004,-0.299986,-0.215444
233.000000,322.923004,-0.298217,-0.236706
234.000000,322.923004,-0.293377,-0.243015
235.000000,322.923004,-0.285519,-0.261036
236.000000,322.923004,-0.274728,-0.256440
237.000000,322.923004,-0.261114,-0.248170
238.000000,322.923004,-0.244810,-0.255440
239.000000,322.923004,-0.225989,-0.247581
240.000000,322.923004,-0.204847,-0.233883
241.000000,322.923004,-0.181600,-0.235845
242.000000,322.923004,-0.156481,-0.213268
243.000000,322.923004,-0.129754,-0.199000
244.000000,322.923004,-0.101695,-0.193666
245.000000,322.923004,-0.072589,-0.173378
246.000000,322.923004,-0.042736,-0.144956
247.000000,322.923004,-0.012444,-0.134473
248.000000,322.923004,0.017976,-0.110040
249.000000,322.923004,0.048211,-0.082901
250.000000,322.923004,0.077950,-0.065413
251.000000,322.923004,0.106888,-0.030113
252.000000,322.923004,0.134728,-0.014394
253.000000,322.923004,0.161180,0.013225
254.000000,322.923004,0.185975,0.043086
255.000000,322.923004,0.208859,0.056975
256.000000,322.923004,0.229598,0.083140
257.000000,322.923004,0.247969,0.113852
258.000000,322.923004,0.263793,0.127904
259.000000,322.923004,0.276908,0.148907
260.000000,322.923004,0.287174,0.178044
261.000000,322.923004,0.294482,0.185380
262.000000,322.923004,0.298766,0.204094
263.000000,322.923004,0.299980,0.227228
264.000000,322.923004,0.298106,0.227416
265.000000,322.923004,0.293164,0.237837
266.000000,322.923004,0.285211,0.250391
267.000000,322.923004,0.274329,0.242857
268.000000,322.923004,0.260618,0.255709
269.000000,322.923004,0.244230,0.250404
270.000000,322.923004,0.225332,0.243284
271.000000,322.923004,0.204119,0.241260
272.000000,322.923004,0.180801,0.221833
273.000000,322.923004,0.155626,0.216684
274.000000,322.923004,0.128853,0.209650
275.000000,322.923004,0.100754,0.182093
276.000000,322.923004,0.071618,0.168780
277.000000,322.923004,0.041746,0.156597
278.000000,322.923004,0.011445,0.123325
279.000000,322.923004,-0.018974,0.106294
280.000000,322.923004,-0.049198,0.090536
281.000000,322.923004,-0.078916,0.050689
282.000000,322.923004,-0.107823,0.033802
283.000000,322.923004,-0.135620,0.017474
284.000000,322.923004,-0.162022,-0.019944
285.000000,322.923004,-0.186760,-0.044267
286.000000,322.923004,-0.209579,-0.065015
287.000000,322.923004,-0.230237,-0.088434
288.000000,322.923004,-0.248530,-0.110332
289.000000,322.923004,-0.264270,-0.135623
290.000000,322.923004,-0.277292,-0.156358
291.000000,322.923004,-0.287458,-0.163819
292.000000,322.923004,-0.294671,-0.195236
293.000000,322.923004,-0.298858,-0.205832
294.000000,322.923004,-0.299967,-0.210438
295.000000,322.923004,-0.297989,-0.235275
296.000000,322.923004,-0.292951,-0.240152
297.000000,322.923004,-0.284904,-0.237180
298.000000,322.923004,-0.273920,-0.255721
299.000000,322.923004,-0.260121,-0.251735
300.000000,322.923004,-0.243649,-0.241040
301.000000,322.923004,-0.224674,-0.252577
302.000000,322.923004,-0.203382,-0.234291
303.000000,322.923004,-0.180002,-0.236163
304.000000,322.923004,-0.154773,-0.219550
305.000000,322.923004,-0.127951,-0.200985
306.000000,322.923004,-0.099812,-0.194676
307.000000,322.923004,-0.070647,-0.173087
308.000000,322.923004,-0.040757,-0.140086
0.000000,337.252014,0.015431,-0.114742
1.000000,337.252014,0.047028,-0.090310
2.000000,337.252014,0.078097,-0.062017
3.000000,337.252014,0.108292,-0.043250
4.000000,337.252014,0.137270,-0.008672
5.000000,337.252014,0.164709,0.011788
6.000000,337.252014,0.190304,0.036671
7.000000,337.252014,0.213759,0.069102
8.000000,337.252014,0.234820,0.084436
9.000000,337.252014,0.253250,0.116880
10.000000,337.252014,0.268834,0.141300
11.000000,337.252014,0.281408,0.150206
12.000000,337.252014,0.290823,0.184936
13.000000,337.252014,0.296976,0.198488
14.000000,337.252014,0.299804,0.198534
15.000000,337.252014,0.299262,0.217533
16.000000,337.252014,0.295367,0.239096
17.000000,337.252014,0.288164,0.235279
18.000000,337.252014,0.277721,0.246558
19.000000,337.252014,0.264168,0.256117
20.000000,337.252014,0.247653,0.253863
21.000000,337.252014,0.228357,0.246697
22.000000,337.252014,0.206504,0.238837
23.000000,337.252014,0.182332,0.228414
24.000000,337.252014,0.156116,0.217808
25.000000,337.252014,0.128151,0.197245
26.000000,337.252014,0.098746,0.188657
27.000000,337.252014,0.068235,0.175473
28.000000,337.252014,0.036959,0.144629
29.000000,337.252014,0.005268,0.127314
30.000000,337.252014,-0.026482,0.114273
31.000000,337.252014,-0.057936,0.074854
32.000000,337.252014,-0.088738,0.051674
33.000000,337.252014,-0.118547,0.037205
34.000000,337.252014,-0.147025,-0.001499
35.000000,337.252014,-0.173854,-0.023536
36.000000,337.252014,-0.198737,-0.042717
37.000000,337.252014,-0.221385,-0.076708
38.000000,337.252014,-0.241554,-0.097890
39.000000,337.252014,-0.259015,-0.124623
40.000000,337.252014,-0.273566,-0.144344
41.000000,337.252014,-0.285054,-0.152802
42.000000,337.252014,-0.293343,-0.185803
43.000000,337.252014,-0.298341,-0.199398
44.000000,337.252014,-0.299998,-0.208006
45.000000,337.252014,-0.298284,-0.228983
46.000000,337.252014,-0.293228,-0.234718
47.000000,337.252014,-0.284887,-0.237607
48.000000,337.252014,-0.273343,-0.253004
49.000000,337.252014,-0.258738,-0.251735
50.000000,337.252014,-0.241233,-0.243899
51.000000,337.252014,-0.221017,-0.248286
52.000000,337.252014,-0.198328,-0.238296
53.000000,337.252014,-0.173412,-0.225301
54.000000,337.252014,-0.146551,-0.215120
55.000000,337.252014,-0.118048,-0.196694
56.000000,337.252014,-0.088219,-0.201969
57.000000,337.252014,-0.057402,-0.165363
58.000000,337.252014,-0.025941,-0.135649
59.000000,337.252014,0.005811,-0.125461
60.000000,337.252014,0.037498,-0.091874
61.000000,337.252014,0.068765,-0.063309
62.000000,337.252014,0.099259,-0.048396
63.000000,337.252014,0.128642,-0.025391
64.000000,337.252014,0.156580,0.009323
65.000000,337.252014,0.182763,0.024955
66.000000,337.252014,0.206900,0.054533
67.000000,337.252014,0.228709,0.088677
68.000000,337.252014,0.247958,0.100446
69.000000,337.252014,0.264427,0.128169
70.000000,337.252014,0.277925,0.152598
71.000000,337.252014,0.288312,0.164072
72.000000,337.252014,0.295463,0.188216
73.000000,337.252014,0.299299,0.197805
74.000000,337.252014,0.299784,0.213540
75.000000,337.252014,0.296900,0.234964
76.000000,337.252014,0.290688,0.231565
77.000000,337.252014,0.281222,0.240133
78.000000,337.252014,0.268592,0.256113
79.000000,337.252014,0.252956,0.251153
80.000000,337.252014,0.234483,0.249278
81.000000,337.252014,0.213377,0.251392
82.000000,337.252014,0.189882,0.226558
83.000000,337.252014,0.164255,0.222251
84.000000,337.252014,0.136786,0.217076
85.000000,337.252014,0.107785,0.187809
86.000000,337.252014,0.077572,0.178498
87.000000,337.252014,0.046491,0.159460
88.000000,337.252014,0.014888,0.131330
89.000000,337.252014,-0.016882,0.114723
90.000000,337.252014,-0.048462,0.081987
91.000000,337.252014,-0.079499,0.060550
92.000000,337.252014,-0.109644,0.038934
93.000000,337.252014,-0.138561,-0.049973
94.000000,337.252014,-0.165922,-0.025388
95.000000,337.252014,-0.191422,-0.022127
96.000000,337.252014,-0.214779,-0.056113
97.000000,337.252014,-0.235721,-0.081009
98.000000,337.252014,-0.254023,-0.099915
99.000000,337.252014,-0.269479,-0.137475
100.000000,337.252014,-0.281906,-0.152362
101.000000,337.252014,-0.291177,-0.167404
102.000000,337.252014,-0.297180,-0.196529
103.000000,337.252014,-0.299849,-0.207555
104.000000,337.252014,-0.299160,-0.218585
105.000000,337.252014,-0.295110,-0.232846
106.000000,337.252014,-0.287752,-0.236298
107.000000,337.252014,-0.277173,-0.256447
108.000000,337.252014,-0.263475,-0.252868
109.000000,337.252014,-0.246829,-0.237736
110.000000,337.252014,-0.227414,-0.254717
111.000000,337.252014,-0.205446,-0.246295
112.000000,337.252014,-0.181177,-0.223734
113.000000,337.252014,-0.154874,-0.222979
114.000000,337.252014,-0.126834,-0.205120
115.000000,337.252014,-0.097374,-0.191711
116.000000,337.252014,-0.066819,-0.175794
117.000000,337.252014,-0.035516,-0.151073
118.000000,337.252014,-0.003815,-0.119934
119.000000,337.252014,0.027929,-0.103590
120.000000,337.252014,0.059360,-0.078441
121.000000,337.252014,0.090126,-0.046152
122.000000,337.252014,0.119879,-0.037816
123.000000,337.252014,0.148291,-0.000803
124.000000,337.252014,0.175037,0.024783
125.000000,337.252014,0.199820,0.050544
126.000000,337.252014,0.222366,0.075543
127.000000,337.252014,0.242412,0.090006
128.000000,337.252014,0.259743,0.119600
129.000000,337.252014,0.274163,0.147880
130.000000,337.252014,0.285502,0.155069
131.000000,337.252014,0.293644,0.181076
132.000000,337.252014,0.298492,0.207212
133.000000,337.252014,0.299989,0.208971
134.000000,337.252014,0.298128,0.219680
135.000000,337.252014,0.292918,0.242814
136.000000,337.252014,0.284424,0.236710
137.000000,337.252014,0.272746,0.251276
138.000000,337.252014,0.257999,0.250395
139.000000,337.252014,0.240365,0.240855
140.000000,337.252014,0.220035,0.243552
141.000000,337.252014,0.197234,0.232396
142.000000,337.252014,0.172225,0.222980
143.000000,337.252014,0.145282,0.220667
144.000000,337.252014,0.116710,0.194243
145.000000,337.252014,0.086831,0.180652
146.000000,337.252014,0.055975,0.169612
147.000000,337.252014,0.024493,0.131906
148.000000,337.252014,-0.007264,0.114017
149.000000,337.252014,-0.038939,0.105979
150.000000,337.252014,-0.070177,0.067134
151.000000,337.252014,-0.100630,0.044527
152.000000,337.252014,-0.129951,0.025194
153.000000,337.252014,-0.157818,-0.012794
154.000000,337.252014,-0.183913,-0.031972
155.000000,337.252014,-0.207945,-0.055304
156.000000,337.252014,-0.229650,-0.087719
157.000000,337.252014,-0.248772,-0.102605
158.000000,337.252014,-0.265108,-0.125782
159.000000,337.252014,-0.278473,-0.151490
160.000000,337.252014,-0.288708,-0.169670
161.000000,337.252014,-0.295711,-0.200392
162.000000,337.252014,-0.299397,-0.207830
163.000000,337.252014,-0.299721,-0.211004
164.000000,337.252014,-0.296690,-0.234128
165.000000,337.252014,-0.290326,-0.242007
166.000000,337.252014,-0.280708,-0.237176
167.000000,337.252014,-0.267946,-0.252289
168.000000,337.252014,-0.252171,-0.254306
169.000000,337.252014,-0.233573,-0.239038
170.000000,337.252014,-0.212356,-0.250145
171.000000,337.252014,-0.188753,-0.237866
172.000000,337.252014,-0.163038,-0.220020
173.000000,337.252014,-0.135492,-0.215401
174.000000,337.252014,-0.106426,-0.194971
175.000000,337.252014,-0.076168,-0.171112
176.000000,337.252014,-0.045055,-0.160784
177.000000,337.252014,-0.013437,-0.133638
178.000000,337.252014,0.018332,-0.118042
179.000000,337.252014,0.049895,-0.088868
180.000000,337.252014,0.080899,-0.051861
181.000000,337.252014,0.110996,-0.045106
182.000000,337.252014,0.139846,-0.008374
183.000000,337.252014,0.167131,0.023338
184.000000,337.252014,0.192539,0.032675
185.000000,337.252014,0.215788,0.064831
186.000000,337.252014,0.236620,0.098544
187.000000,337.252014,0.254793,0.110313
188.000000,337.252014,0.270111,0.136319
189.000000,337.252014,0.282404,0.163602
190.000000,337.252014,0.291521,0.171080
191.000000,337.252014,0.297375,0.193511
192.000000,337.252014,0.299893,0.211224
193.000000,337.252014,0.299044,0.220409
194.000000,337.252014,0.294847,0.234398
195.000000,337.252014,0.287339,0.234699
196.000000,337.252014,0.276609,0.243708
197.000000,337.252014,0.262782,0.251259
198.000000,337.252014,0.245999,0.246007
199.000000,337.252014,0.226462,0.245563
200.000000,337.252014,0.204387,0.249394
201.000000,337.252014,0.180015,0.222125
202.000000,337.252014,0.153628,0.216535
203.000000,337.252014,0.125517,0.207497
204.000000,337.252014,0.095997,0.181089
205.000000,337.252014,0.065403,0.166345
206.000000,337.252014,0.034073,0.152591
207.000000,337.252014,0.002362,0.122894
208.000000,337.252014,-0.029376,0.105148
209.000000,337.252014,-0.060783,0.081683
210.000000,337.252014,-0.091510,0.051114
211.000000,337.252014,-0.121211,0.027788
212.000000,337.252014,-0.149550,-0.006366
213.000000,337.252014,-0.176215,-0.030245
214.000000,337.252014,-0.200902,-0.046716
215.000000,337.252014,-0.223335,-0.083567
216.000000,337.252014,-0.243268,-0.102599
217.000000,337.252014,-0.260466,-0.119357
218.000000,337.252014,-0.274746,-0.148770
219.000000,337.252014,-0.285949,-0.163226
220.000000,337.252014,-0.293936,-0.171407
221.000000,337.252014,-0.298633,-0.203390
222.000000,337.252014,-0.299981,-0.213701
223.000000,337.252014,-0.297959,-0.219877
224.000000,337.252014,-0.292603,-0.242567
225.000000,337.252014,-0.283960,-0.236010
226.000000,337.252014,-0.272133,-0.241603
227.000000,337.252014,-0.257259,-0.255151
228.000000,337.252014,-0.239492,-0.248594
229.000000,337.252014,-0.219043,-0.253160
230.000000,337.252014,-0.196140,-0.242859
231.000000,337.252014,-0.171032,-0.222296
232.000000,337.252014,-0.144009,-0.221690
233.000000,337.252014,-0.115371,-0.200829
234.000000,337.252014,-0.085438,-0.172977
235.000000,337.252014,-0.054548,-0.164641
236.000000,337.252014,-0.023045,-0.140921
237.000000,337.252014,0.008716,-0.110209
238.000000,337.252014,0.040380,-0.096582
239.000000,337.252014,0.071589,-0.071291
240.000000,337.252014,0.101997,-0.037289
241.000000,337.252014,0.131261,-0.022661
242.000000,337.252014,0.159051,0.008633
243.000000,337.252014,0.185060,0.033928
244.000000,337.252014,0.208992,0.057406
245.000000,337.252014,0.230578,0.084694
246.000000,337.252014,0.249584,0.105022
247.000000,337.252014,0.265785,0.125319
248.000000,337.252014,0.279007,0.152744
249.000000,337.252014,0.289104,0.161219
250.000000,337.252014,0.295951,0.182365
251.000000,337.252014,0.299484,0.211645
252.000000,337.252014,0.299659,0.215263
253.000000,337.252014,0.296468,0.228831
254.000000,337.252014,0.289959,0.247817
255.000000,337.252014,0.280193,0.240713
256.000000,337.252014,0.267285,0.250275
257.000000,337.252014,0.251385,0.256968
258.000000,337.252014,0.232658,0.241856
259.000000,337.252014,0.211325,0.241982
260.000000,337.252014,0.187625,0.237105
261.000000,337.252014,0.161815,0.215260
262.000000,337.252014,0.134194,0.212950
263.000000,337.252014,0.105067,0.190092
264.000000,337.252014,0.074761,0.171931
265.000000,337.252014,0.043618,0.156461
266.000000,337.252014,0.011985,0.123185
267.000000,337.252014,-0.019782,0.110015
268.000000,337.252014,-0.051328,0.094257
269.000000,337.252014,-0.082297,0.054122
270.000000,337.252014,-0.112344,0.033374
271.000000,337.252014,-0.141132,0.013899
272.000000,337.252014,-0.168334,-0.021372
273.000000,337.252014,-0.193651,-0.043124
274.000000,337.252014,-0.216796,-0.061311
275.000000,337.252014,-0.237507,-0.095869
276.000000,337.252014,-0.255560,-0.112757
277.000000,337.252014,-0.270740,-0.136361
278.000000,337.252014,-0.282887,-0.157637
279.000000,337.252014,-0.291865,-0.175104
280.000000,337.252014,-0.297562,-0.196386
281.000000,337.252014,-0.299926,-0.214265
282.000000,337.252014,-0.298928,-0.218154
283.000000,337.252014,-0.294573,-0.242422
284.000000,337.252014,-0.286919,-0.243008
285.000000,337.252014,-0.276045,-0.239893
286.000000,337.252014,-0.262073,-0.254863
287.000000,337.252014,-0.245168,-0.252448
288.000000,337.252014,-0.225506,-0.238323
289.000000,337.252014,-0.203319,-0.243568
290.000000,337.252014,-0.178854,-0.229430
291.000000,337.252014,-0.152377,-0.209583
292.000000,337.252014,-0.124196,-0.209683
293.000000,337.252014,-0.094620,-0.188537
294.000000,337.252014,-0.063983,-0.161390
295.000000,337.252014,-0.032629,-0.156493
0.000000,352.217010,0.002773,-0.120361
1.000000,352.217010,0.035882,-0.103447
2.000000,352.217010,0.068553,-0.072722
3.000000,352.217010,0.100384,-0.041580
4.000000,352.217010,0.130988,-0.028095
5.000000,352.217010,0.159990,0.003488
6.000000,352.217010,0.187035,0.033066
7.000000,352.217010,0.211793,0.131455
8.000000,352.217010,0.233960,0.084125
9.000000,352.217010,0.253265,0.087570
10.000000,352.217010,0.269473,0.111025
11.000000,352.217010,0.282384,0.152608
12.000000,352.217010,0.291842,0.158645
13.000000,352.217010,0.297730,0.183223
14.000000,352.217010,0.299977,0.214650
15.000000,352.217010,0.298554,0.212119
16.000000,352.217010,0.293479,0.225829
17.000000,352.217010,0.284814,0.245531
18.000000,352.217010,0.272666,0.239712
19.000000,352.217010,0.257182,0.246558
20.000000,352.217010,0.238553,0.248533
21.000000,352.217010,0.217006,0.238711
22.000000,352.217010,0.192805,0.242128
23.000000,352.217010,0.166246,0.224951
24.000000,352.217010,0.137653,0.199104
25.000000,352.217010,0.107377,0.199081
26.000000,352.217010,0.075787,0.175503
27.000000,352.217010,0.043271,0.155202
28.000000,352.217010,0.010225,0.185619
29.000000,352.217010,-0.022945,0.103882
30.000000,352.217010,-0.055835,0.076703
31.000000,352.217010,-0.088043,0.058228
32.000000,352.217010,-0.119173,0.021668
33.000000,352.217010,-0.148845,0.005207
34.000000,352.217010,-0.176697,-0.018416
35.000000,352.217010,-0.202388,-0.046683
36.000000,352.217010,-0.225603,-0.076009
37.000000,352.217010,-0.246058,-0.089189
38.000000,352.217010,-0.263504,-0.127323
39.000000,352.217010,-0.277727,-0.146643
40.000000,352.217010,-0.288553,-0.162245
41.000000,352.217010,-0.295850,-0.189093
42.000000,352.217010,-0.299528,-0.202267
43.000000,352.217010,-0.299543,-0.220564
44.000000,352.217010,-0.295893,-0.233992
45.000000,352.217010,-0.288625,-0.236878
46.000000,352.217010,-0.277826,-0.249429
47.000000,352.217010,-0.263629,-0.248296
48.000000,352.217010,-0.246207,-0.242892
49.000000,352.217010,-0.225774,-0.248140
50.000000,352.217010,-0.202580,-0.237004
51.000000,352.217010,-0.176907,-0.224022
52.000000,352.217010,-0.149071,-0.218688
53.000000,352.217010,-0.119411,-0.203119
54.000000,352.217010,-0.088291,-0.173981
55.000000,352.217010,-0.056091,-0.169074
56.000000,352.217010,-0.023205,-0.135765
57.000000,352.217010,0.009965,-0.112499
58.000000,352.217010,0.043013,-0.101876
59.000000,352.217010,0.075535,-0.072295
60.000000,352.217010,0.107134,-0.045291
61.000000,352.217010,0.137422,-0.021376
62.000000,352.217010,0.166029,0.009488
63.000000,352.217010,0.192605,0.031655
64.000000,352.217010,0.216826,0.059122
65.000000,352.217010,0.238394,0.097845
66.000000,352.217010,0.257047,0.103163
67.000000,352.217010,0.272556,0.131608
68.000000,352.217010,0.284731,0.160461
69.000000,352.217010,0.293423,0.171795
70.000000,352.217010,0.298527,0.190370
71.000000,352.217010,0.299979,0.218650
72.000000,352.217010,0.297762,0.217549
73.000000,352.217010,0.291903,0.231687
74.000000,352.217010,0.282473,0.249533
75.000000,352.217010,0.269588,0.249433
76.000000,352.217010,0.253406,0.246558
77.000000,352.217010,0.234124,0.243682
78.000000,352.217010,0.211978,0.237423
79.000000,352.217010,0.187240,0.234398
80.000000,352.217010,0.160211,0.215681
81.000000,352.217010,0.131223,0.205247
82.000000,352.217010,0.100630,0.198355
83.000000,352.217010,0.068806,0.167365
84.000000,352.217010,0.036141,0.147906
85.000000,352.217010,0.003034,0.136008
86.000000,352.217010,-0.030111,0.099734
87.000000,352.217010,-0.062887,0.080559
88.000000,352.217010,-0.094894,0.065086
89.000000,352.217010,-0.125740,0.022665
90.000000,352.217010,-0.155048,0.000628
91.000000,352.217010,-0.182459,-0.018701
92.000000,352.217010,-0.207639,-0.056404
93.000000,352.217010,-0.230279,-0.077152
94.000000,352.217010,-0.250103,-0.100051
95.000000,352.217010,-0.266867,-0.135901
96.000000,352.217010,-0.280367,-0.147077
97.000000,352.217010,-0.290438,-0.172238
98.000000,352.217010,-0.296957,-0.189955
99.000000,352.217010,-0.299843,-0.201419
100.000000,352.217010,-0.299062,-0.224265
101.000000,352.217010,-0.294623,-0.230281
102.000000,352.217010,-0.286580,-0.232312
103.000000,352.217010,-0.275032,-0.252004
104.000000,352.217010,-0.260120,-0.248588
105.000000,352.217010,-0.242027,-0.238608
106.000000,352.217010,-0.220973,-0.248714
107.000000,352.217010,-0.197216,-0.237723
108.000000,352.217010,-0.171047,-0.218304
109.000000,352.217010,-0.142786,-0.215686
110.000000,352.217010,-0.112778,-0.201406
111.000000,352.217010,-0.081392,-0.178693
112.000000,352.217010,-0.049009,-0.168647
113.000000,352.217010,-0.016027,-0.139927
114.000000,352.217010,0.017151,-0.120626
115.000000,352.217010,0.050119,-0.095157
116.000000,352.217010,0.082475,-0.062153
117.000000,352.217010,0.113821,-0.044967
118.000000,352.217010,0.143776,-0.013520
119.000000,352.217010,0.171972,0.022483
120.000000,352.217010,0.198064,0.039252
121.000000,352.217010,0.221734,0.067690
122.000000,352.217010,0.242692,0.102119
123.000000,352.217010,0.260681,0.107029
124.000000,352.217010,0.275482,0.138609
125.000000,352.217010,0.286914,0.171037
126.000000,352.217010,0.294836,0.180377
127.000000,352.217010,0.299152,0.195231
128.000000,352.217010,0.299809,0.218650
129.000000,352.217010,0.296798,0.217118
130.000000,352.217010,0.290158,0.237121
131.000000,352.217010,0.279968,0.244109
132.000000,352.217010,0.266355,0.242426
133.000000,352.217010,0.249483,0.243834
134.000000,352.217010,0.229559,0.237847
135.000000,352.217010,0.206828,0.240706
136.000000,352.217010,0.181566,0.230528
137.000000,352.217010,0.154084,0.211549
138.000000,352.217010,0.124717,0.207818
139.000000,352.217010,0.093825,0.197775
140.000000,352.217010,0.061785,0.162074
141.000000,352.217010,0.028990,0.148476
142.000000,352.217010,-0.004160,0.130717
143.000000,352.217010,-0.037259,0.093726
144.000000,352.217010,-0.069902,0.071978
145.000000,352.217010,-0.101690,0.058509
146.000000,352.217010,-0.132234,0.014799
147.000000,352.217010,-0.161161,-0.005521
148.000000,352.217010,-0.188117,-0.026846
149.000000,352.217010,-0.212771,-0.062126
150.000000,352.217010,-0.234823,-0.081592
151.000000,352.217010,-0.254003,-0.116753
152.000000,352.217010,-0.270076,-0.135623
153.000000,352.217010,-0.282846,-0.149946
154.000000,352.217010,-0.292156,-0.179081
155.000000,352.217010,-0.297893,-0.189388
156.000000,352.217010,-0.299986,-0.201286
157.000000,352.217010,-0.298409,-0.225981
158.000000,352.217010,-0.293183,-0.234861
159.000000,352.217010,-0.284371,-0.231603
160.000000,352.217010,-0.272081,-0.249144
161.000000,352.217010,-0.256462,-0.250735
162.000000,352.217010,-0.237707,-0.242183
163.000000,352.217010,-0.216044,-0.249860
164.000000,352.217010,-0.191739,-0.234864
165.000000,352.217010,-0.165089,-0.222299
166.000000,352.217010,-0.136419,-0.213258
167.000000,352.217010,-0.106081,-0.191260
168.000000,352.217010,-0.074445,-0.182099
169.000000,352.217010,-0.041899,-0.159929
170.000000,352.217010,-0.008840,-0.123638
171.000000,352.217010,0.024327,-0.115455
172.000000,352.217010,0.057197,-0.091446
173.000000,352.217010,0.089367,-0.053873
174.000000,352.217010,0.120444,-0.037959
175.000000,352.217010,0.150047,-0.009663
176.000000,352.217010,0.177816,0.019906
177.000000,352.217010,0.203409,0.043254
178.000000,352.217010,0.226515,0.075980
179.000000,352.217010,0.246850,0.110128
180.000000,352.217010,0.264166,0.117891
181.000000,352.217010,0.278250,0.146899
182.000000,352.217010,0.288932,0.166613
183.000000,352.217010,0.296079,0.179085
184.000000,352.217010,0.299605,0.202656
185.000000,352.217010,0.299466,0.210243
186.000000,352.217010,0.295664,0.224981
187.000000,352.217010,0.288246,0.243112
188.000000,352.217010,0.277303,0.237283
189.000000,352.217010,0.262967,0.243847
190.000000,352.217010,0.245415,0.253254
191.000000,352.217010,0.224862,0.238711
192.000000,352.217010,0.201558,0.239984
193.000000,352.217010,0.175788,0.235521
194.000000,352.217010,0.147868,0.212403
195.000000,352.217010,0.118140,0.200946
196.000000,352.217010,0.086966,0.184333
197.000000,352.217010,0.054729,0.157352
198.000000,352.217010,0.021822,0.142323
199.000000,352.217010,-0.011351,0.118862
200.000000,352.217010,-0.044386,0.094011
201.000000,352.217010,-0.076877,0.073257
202.000000,352.217010,-0.108428,0.037241
203.000000,352.217010,-0.138653,0.011648
204.000000,352.217010,-0.167182,-0.012973
205.000000,352.217010,-0.193666,-0.042389
206.000000,352.217010,-0.217781,-0.063995
207.000000,352.217010,-0.239233,-0.080754
208.000000,352.217010,-0.257758,-0.117028
209.000000,352.217010,-0.273131,-0.145927
210.000000,352.217010,-0.285162,-0.148959
211.000000,352.217010,-0.293706,-0.185373
212.000000,352.217010,-0.298657,-0.195114
213.000000,352.217010,-0.299956,-0.204434
214.000000,352.217010,-0.297585,-0.233131
215.000000,352.217010,-0.291575,-0.234579
216.000000,352.217010,-0.281998,-0.238883
217.000000,352.217010,-0.268973,-0.252150
218.000000,352.217010,-0.252657,-0.246735
219.000000,352.217010,-0.233251,-0.252302
220.000000,352.217010,-0.210992,-0.237428
221.000000,352.217010,-0.186152,-0.227157
222.000000,352.217010,-0.159035,-0.224834
223.000000,352.217010,-0.129974,-0.209977
224.000000,352.217010,-0.099322,-0.185700
225.000000,352.217010,-0.067455,-0.181512
226.000000,352.217010,-0.034764,-0.155933
227.000000,352.217010,-0.001647,-0.120361
228.000000,352.217010,0.031490,-0.106446
229.000000,352.217010,0.064241,-0.079581
230.000000,352.217010,0.096207,-0.044439
231.000000,352.217010,0.126997,-0.032240
232.000000,352.217010,0.156232,-0.001373
233.000000,352.217010,0.183558,0.033629
234.000000,352.217010,0.208637,0.050832
235.000000,352.217010,0.231165,0.076839
236.000000,352.217010,0.250866,0.105844
237.000000,352.217010,0.267498,0.124610
238.000000,352.217010,0.280858,0.147896
239.000000,352.217010,0.290783,0.164201
240.000000,352.217010,0.297152,0.188806
241.000000,352.217010,0.299886,0.208226
242.000000,352.217010,0.298951,0.214262
243.000000,352.217010,0.294361,0.233268
244.000000,352.217010,0.286169,0.243533
245.000000,352.217010,0.274478,0.236710
246.000000,352.217010,0.259429,0.246561
247.000000,352.217010,0.241207,0.253536
248.000000,352.217010,0.220035,0.240855
249.000000,352.217010,0.196171,0.235836
250.000000,352.217010,0.169908,0.234663
251.000000,352.217010,0.141567,0.209398
252.000000,352.217010,0.111494,0.201662
253.000000,352.217010,0.080057,0.179913
254.000000,352.217010,0.047641,0.153920
255.000000,352.217010,0.014642,0.136740
256.000000,352.217010,-0.018536,0.106016
257.000000,352.217010,-0.051487,0.086142
258.000000,352.217010,-0.083808,0.071100
259.000000,352.217010,-0.115104,0.029103
260.000000,352.217010,-0.144992,0.007924
261.000000,352.217010,-0.173107,-0.007118
262.000000,352.217010,-0.199104,-0.047538
263.000000,352.217010,-0.222666,-0.071861
264.000000,352.217010,-0.243505,-0.086618
265.000000,352.217010,-0.261365,-0.123605
266.000000,352.217010,-0.276028,-0.143210
267.000000,352.217010,-0.287315,-0.155532
268.000000,352.217010,-0.295087,-0.185518
269.000000,352.217010,-0.299251,-0.198404
270.000000,352.217010,-0.299754,-0.214145
271.000000,352.217010,-0.296590,-0.229844
272.000000,352.217010,-0.289799,-0.233727
273.000000,352.217010,-0.279464,-0.251156
274.000000,352.217010,-0.265710,-0.253011
275.000000,352.217010,-0.248706,-0.242030
276.000000,352.217010,-0.228660,-0.248286
277.000000,352.217010,-0.205818,-0.294630
278.000000,352.217010,-0.180458,-0.225878
279.000000,352.217010,-0.152891,-0.212111
280.000000,352.217010,-0.123453,-0.205123
281.000000,352.217010,-0.092506,-0.172122
282.000000,352.217010,-0.060427,-0.169502
0.000000,367.845001,0.005078,-0.124765
1.000000,367.845001,0.039631,-0.091621
2.000000,367.845001,0.073654,-0.091005
3.000000,367.845001,0.106695,-0.052703
4.000000,367.845001,0.138314,-0.009265
5.000000,367.845001,0.168085,0.002934
6.000000,367.845001,0.195617,0.034660
7.000000,367.845001,0.220536,0.068522
8.000000,367.845001,0.242516,0.085864
9.000000,367.845001,0.261261,0.116585
10.000000,367.845001,0.276517,0.132735
11.000000,367.845001,0.288092,0.155921
12.000000,367.845001,0.295815,0.182063
13.000000,367.845001,0.299598,0.190095
14.000000,367.845001,0.299382,0.210107
15.000000,367.845001,0.295171,0.236817
16.000000,367.845001,0.287029,0.229706
17.000000,367.845001,0.275049,0.247277
18.000000,367.845001,0.259407,0.253254
19.000000,367.845001,0.240300,0.242432
20.000000,367.845001,0.217990,0.241558
21.000000,367.845001,0.192773,0.243529
22.000000,367.845001,0.164981,0.219839
23.000000,367.845001,0.134993,0.209670
24.000000,367.845001,0.103199,0.200204
25.000000,367.845001,0.070031,0.171507
26.000000,367.845001,0.035929,0.156193
27.000000,367.845001,0.001347,0.137297
28.000000,367.845001,-0.033253,0.101732
29.000000,367.845001,-0.067408,0.081981
30.000000,367.845001,-0.100666,0.050676
31.000000,367.845001,-0.132579,0.024517
32.000000,367.845001,-0.162725,0.007762
33.000000,367.845001,-0.190700,-0.039387
34.000000,367.845001,-0.216129,-0.063276
35.000000,367.845001,-0.238681,-0.076605
36.000000,367.845001,-0.258041,-0.120169
37.000000,367.845001,-0.273964,-0.134771
38.000000,367.845001,-0.286231,-0.143667
39.000000,367.845001,-0.294678,-0.176367
40.000000,367.845001,-0.299200,-0.191111
41.000000,367.845001,-0.299722,-0.201863
42.000000,367.845001,-0.296254,-0.227270
43.000000,367.845001,-0.288828,-0.233005
44.000000,367.845001,-0.277552,-0.236030
45.000000,367.845001,-0.262575,-0.251434
46.000000,367.845001,-0.244091,-0.245735
47.000000,367.845001,-0.222357,-0.245586
48.000000,367.845001,-0.197650,-0.239857
49.000000,367.845001,-0.170311,-0.223724
50.000000,367.845001,-0.140698,-0.221548
51.000000,367.845001,-0.109209,-0.201111
52.000000,367.845001,-0.076264,-0.174120
53.000000,367.845001,-0.042299,-0.164068
54.000000,367.845001,-0.007772,-0.133055
55.000000,367.845001,0.026859,-0.101489
56.000000,367.845001,0.061132,-0.089862
57.000000,367.845001,0.094590,-0.058137
58.000000,367.845001,0.126785,-0.023850
59.000000,367.845001,0.157291,-0.007648
60.000000,367.845001,0.185695,0.024219
61.000000,367.845001,0.211625,0.051508
62.000000,367.845001,0.234731,0.076282
63.000000,367.845001,0.254705,0.106002
64.000000,367.845001,0.271285,0.132893
65.000000,367.845001,0.284240,0.150199
66.000000,367.845001,0.293409,0.175768
67.000000,367.845001,0.298660,0.181378
68.000000,367.845001,0.299928,0.208103
69.000000,367.845001,0.297198,0.228089
70.000000,367.845001,0.290498,0.226558
71.000000,367.845001,0.279931,0.234123
72.000000,367.845001,0.265620,0.250676
73.000000,367.845001,0.247772,0.241713
74.000000,367.845001,0.226617,0.240839
75.000000,367.845001,0.202438,0.242814
76.000000,367.845001,0.175562,0.226127
77.000000,367.845001,0.146340,0.221247
78.000000,367.845001,0.115169,0.201215
79.000000,367.845001,0.082459,0.180374
80.000000,367.845001,0.048651,0.166912
81.000000,367.845001,0.014193,0.132893
82.000000,367.845001,-0.020453,0.115313
83.000000,367.845001,-0.054828,0.095125
84.000000,367.845001,-0.088470,0.057697
85.000000,367.845001,-0.120933,0.036522
86.000000,367.845001,-0.151782,0.014760
87.000000,367.845001,-0.180606,-0.025375
88.000000,367.845001,-0.207024,-0.047982
89.000000,367.845001,-0.230675,-0.063170
90.000000,367.845001,-0.251254,-0.106018
91.000000,367.845001,-0.268477,-0.126912
92.000000,367.845001,-0.282121,-0.138949
93.000000,367.845001,-0.292002,-0.171649
94.000000,367.845001,-0.297985,-0.192970
95.000000,367.845001,-0.300000,-0.201710
96.000000,367.845001,-0.298003,-0.225838
97.000000,367.845001,-0.292037,-0.229006
98.000000,367.845001,-0.282174,-0.243869
99.000000,367.845001,-0.268546,-0.248435
100.000000,367.845001,-0.251340,-0.240884
101.000000,367.845001,-0.230774,-0.250145
102.000000,367.845001,-0.207136,-0.241149
103.000000,367.845001,-0.180730,-0.220301
104.000000,367.845001,-0.151916,-0.224122
105.000000,367.845001,-0.121075,-0.207694
106.000000,367.845001,-0.088618,-0.183845
107.000000,367.845001,-0.054981,-0.171649
108.000000,367.845001,-0.020608,-0.146215
109.000000,367.845001,0.014038,-0.111352
110.000000,367.845001,0.048498,-0.098729
111.000000,367.845001,0.082310,-0.069008
112.000000,367.845001,0.115026,-0.044990
113.000000,367.845001,0.146204,-0.016087
114.000000,367.845001,0.175436,0.015631
115.000000,367.845001,0.202324,0.035819
116.000000,367.845001,0.226515,0.067982
117.000000,367.845001,0.247685,0.104555
118.000000,367.845001,0.265548,0.113176
119.000000,367.845001,0.279875,0.137181
120.000000,367.845001,0.290459,0.176613
121.000000,367.845001,0.297176,0.178945
122.000000,367.845001,0.299925,0.197663
123.000000,367.845001,0.298674,0.222509
124.000000,367.845001,0.293443,0.225985
125.000000,367.845001,0.284289,0.235690
126.000000,367.845001,0.271351,0.248821
127.000000,367.845001,0.254787,0.247863
128.000000,367.845001,0.234827,0.248270
129.000000,367.845001,0.211736,0.236548
130.000000,367.845001,0.185817,0.225408
131.000000,367.845001,0.157424,0.223812
132.000000,367.845001,0.126925,0.195817
133.000000,367.845001,0.094737,0.186086
134.000000,367.845001,0.061284,0.176905
135.000000,367.845001,0.027014,0.142486
136.000000,367.845001,-0.007617,0.125455
137.000000,367.845001,-0.042146,0.107696
138.000000,367.845001,-0.076113,0.069135
139.000000,367.845001,-0.109064,0.049245
140.000000,367.845001,-0.140561,0.027195
141.000000,367.845001,-0.170183,-0.019371
142.000000,367.845001,-0.197533,-0.038549
143.000000,367.845001,-0.222253,-0.058879
144.000000,367.845001,-0.244001,-0.095154
145.000000,367.845001,-0.262499,-0.114759
146.000000,367.845001,-0.277494,-0.139791
147.000000,367.845001,-0.288786,-0.169220
148.000000,367.845001,-0.296230,-0.179253
149.000000,367.845001,-0.299716,-0.203109
150.000000,367.845001,-0.299211,-0.217698
151.000000,367.845001,-0.294708,-0.219155
152.000000,367.845001,-0.286277,-0.246136
153.000000,367.845001,-0.274028,-0.244724
154.000000,367.845001,-0.258120,-0.234174
155.000000,367.845001,-0.238775,-0.260585
156.000000,367.845001,-0.216237,-0.242011
157.000000,367.845001,-0.190820,-0.222737
158.000000,367.845001,-0.162855,-0.225123
159.000000,367.845001,-0.132718,-0.209841
160.000000,367.845001,-0.100812,-0.184560
161.000000,367.845001,-0.067559,-0.181943
162.000000,367.845001,-0.033407,-0.153793
163.000000,367.845001,0.001192,-0.126213
164.000000,367.845001,0.035775,-0.108738
165.000000,367.845001,0.069881,-0.077447
166.000000,367.845001,0.103053,-0.052836
167.000000,367.845001,0.134854,-0.022810
168.000000,367.845001,0.164851,0.009760
169.000000,367.845001,0.192653,0.025528
170.000000,367.845001,0.217884,0.055110
171.000000,367.845001,0.240207,0.089681
172.000000,367.845001,0.259330,0.105310
173.000000,367.845001,0.274987,0.129173
174.000000,367.845001,0.286983,0.162886
175.000000,367.845001,0.295144,0.173084
176.000000,367.845001,0.299372,0.193226
177.000000,367.845001,0.299606,0.217649
178.000000,367.845001,0.295841,0.218407
179.000000,367.845001,0.288136,0.235547
180.000000,367.845001,0.276578,0.245825
181.000000,367.845001,0.261337,0.237423
182.000000,367.845001,0.242607,0.246839
183.000000,367.845001,0.220641,0.237837
184.000000,367.845001,0.195735,0.232844
185.000000,367.845001,0.168213,0.228099
186.000000,367.845001,0.138451,0.204110
187.000000,367.845001,0.106840,0.194806
188.000000,367.845001,0.073804,0.182766
189.000000,367.845001,0.039784,0.154639
190.000000,367.845001,0.005233,0.132605
191.000000,367.845001,-0.029388,0.117275
192.000000,367.845001,-0.063616,0.079144
193.000000,367.845001,-0.096996,0.056107
194.000000,367.845001,-0.129082,0.036919
195.000000,367.845001,-0.159446,-0.005929
196.000000,367.845001,-0.187685,-0.032399
197.000000,367.845001,-0.213416,-0.049728
198.000000,367.845001,-0.236305,-0.084143
199.000000,367.845001,-0.256037,-0.108039
200.000000,367.845001,-0.272357,-0.129072
201.000000,367.845001,-0.285044,-0.156066
202.000000,367.845001,-0.293925,-0.173103
203.000000,367.845001,-0.298893,-0.202821
204.000000,367.845001,-0.299863,-0.210975
205.000000,367.845001,-0.296841,-0.216866
206.000000,367.845001,-0.289855,-0.237846
207.000000,367.845001,-0.279003,-0.243293
208.000000,367.845001,-0.264433,-0.237176
209.000000,367.845001,-0.246330,-0.249144
210.000000,367.845001,-0.224947,-0.245013
211.000000,367.845001,-0.200557,-0.231888
212.000000,367.845001,-0.173495,-0.232273
213.000000,367.845001,-0.144119,-0.215275
214.000000,367.845001,-0.112819,-0.190710
215.000000,367.845001,-0.080016,-0.190237
216.000000,367.845001,-0.046144,-0.162229
217.000000,367.845001,-0.011657,-0.135941
218.000000,367.845001,0.022986,-0.117174
219.000000,367.845001,0.057322,-0.086453
220.000000,367.845001,0.090894,-0.063998
221.000000,367.845001,0.123252,-0.038966
222.000000,367.845001,0.153968,0.004336
223.000000,367.845001,0.182627,0.012659
224.000000,367.845001,0.208852,0.044673
225.000000,367.845001,0.232292,0.080387
226.000000,367.845001,0.252630,0.094300
227.000000,367.845001,0.269605,0.126171
228.000000,367.845001,0.282973,0.154450
229.000000,367.845001,0.292574,0.162074
230.000000,367.845001,0.298269,0.189651
231.000000,367.845001,0.299985,0.214647
232.000000,367.845001,0.297703,0.213832
233.000000,367.845001,0.291444,0.230113
234.000000,367.845001,0.281304,0.241823
235.000000,367.845001,0.267404,0.246998
236.000000,367.845001,0.249942,0.246551
237.000000,367.845001,0.229145,0.238993
238.000000,367.845001,0.205289,0.236989
239.000000,367.845001,0.178700,0.236104
240.000000,367.845001,0.149720,0.209832
241.000000,367.845001,0.118748,0.194949
242.000000,367.845001,0.086189,0.191914
243.000000,367.845001,0.052482,0.159642
244.000000,367.845001,0.018074,0.140610
245.000000,367.845001,-0.016574,0.125853
246.000000,367.845001,-0.051002,0.091298
247.000000,367.845001,-0.084749,0.066116
248.000000,367.845001,-0.117366,0.046498
249.000000,367.845001,-0.148418,0.006221
250.000000,367.845001,-0.177488,-0.016674
251.000000,367.845001,-0.204195,-0.040000
252.000000,367.845001,-0.228171,-0.078140
253.000000,367.845001,-0.249109,-0.095889
254.000000,367.845001,-0.266721,-0.139778
255.000000,367.845001,-0.280775,-0.145775
256.000000,367.845001,-0.291088,-0.155092
257.000000,367.845001,-0.297510,-0.187944
258.000000,367.845001,-0.299972,-0.208404
259.000000,367.845001,-0.298425,-0.212296
260.000000,367.845001,-0.292901,-0.227266
261.000000,367.845001,-0.283470,-0.237720
262.000000,367.845001,-0.270255,-0.233747
263.000000,367.845001,-0.253441,-0.251003
264.000000,367.845001,-0.233238,-0.253021
265.000000,367.845001,-0.209929,-0.231746
266.000000,367.845001,-0.183817,-0.234562
267.000000,367.845001,-0.155254,-0.219566
268.000000,367.845001,-0.124621,-0.201140
269.000000,367.845001,-0.092324,-0.182520
270.000000,367.845001,-0.058797,-0.166523
0.000000,384.167999,0.025208,-0.120173
1.000000,384.167999,0.061015,-0.093020
2.000000,384.167999,0.095935,-0.053014
3.000000,384.167999,0.129459,-0.039102
4.000000,384.167999,0.161100,-0.001512
5.000000,384.167999,0.190399,0.031913
6.000000,384.167999,0.216925,0.044828
7.000000,384.167999,0.240295,0.080556
8.000000,384.167999,0.260169,0.102689
9.000000,384.167999,0.276259,0.129186
10.000000,384.167999,0.288332,0.160341
11.000000,384.167999,0.296211,0.175768
12.000000,384.167999,0.299776,0.197388
13.000000,384.167999,0.298980,0.216668
14.000000,384.167999,0.293835,0.221688
15.000000,384.167999,0.284417,0.229696
16.000000,384.167999,0.270862,0.247969
17.000000,384.167999,0.253367,0.236856
18.000000,384.167999,0.232182,0.241415
19.000000,384.167999,0.207619,0.244961
20.000000,384.167999,0.180037,0.229133
21.000000,384.167999,0.149837,0.220253
22.000000,384.167999,0.117457,0.210499
23.000000,384.167999,0.083368,0.180947
24.000000,384.167999,0.048065,0.165344
25.000000,384.167999,0.012063,0.152307
26.000000,384.167999,-0.024114,0.114031
27.000000,384.167999,-0.059941,0.094565
28.000000,384.167999,-0.094895,0.063526
29.000000,384.167999,-0.128470,0.030097
30.000000,384.167999,-0.160175,0.007056
31.000000,384.167999,-0.189548,-0.029964
32.000000,384.167999,-0.216164,-0.059698
33.000000,384.167999,-0.239636,-0.076026
34.000000,384.167999,-0.259623,-0.111449
35.000000,384.167999,-0.275834,-0.133197
36.000000,384.167999,-0.288029,-0.147524
37.000000,384.167999,-0.296032,-0.177368
38.000000,384.167999,-0.299729,-0.196827
39.000000,384.167999,-0.299067,-0.203864
40.000000,384.167999,-0.294056,-0.226839
41.000000,384.167999,-0.284767,-0.234002
42.000000,384.167999,-0.271333,-0.232889
43.000000,384.167999,-0.253949,-0.248571
44.000000,384.167999,-0.232873,-0.244585
45.000000,384.167999,-0.208409,-0.231315
46.000000,384.167999,-0.180914,-0.236564
47.000000,384.167999,-0.150788,-0.219993
48.000000,384.167999,-0.118466,-0.202562
49.000000,384.167999,-0.084420,-0.192384
50.000000,384.167999,-0.049147,-0.163667
51.000000,384.167999,-0.013159,-0.146202
52.000000,384.167999,0.023021,-0.120468
53.000000,384.167999,0.058866,-0.081605
54.000000,384.167999,0.093855,-0.068412
55.000000,384.167999,0.127477,-0.036971
56.000000,384.167999,0.159244,0.001318
57.000000,384.167999,0.188696,0.015946
58.000000,384.167999,0.215403,0.047386
59.000000,384.167999,0.238977,0.088535
60.000000,384.167999,0.259073,0.095873
61.000000,384.167999,0.275398,0.129885
62.000000,384.167999,0.287717,0.083949
63.000000,384.167999,0.295851,0.172365
64.000000,384.167999,0.299682,0.210386
65.000000,384.167999,0.299155,0.222099
66.000000,384.167999,0.294274,0.233563
67.000000,384.167999,0.285108,0.243834
68.000000,384.167999,0.271796,0.240136
69.000000,384.167999,0.254531,0.248284
70.000000,384.167999,0.233563,0.252114
71.000000,384.167999,0.209199,0.234997
72.000000,384.167999,0.181790,0.232121
73.000000,384.167999,0.151734,0.228089
74.000000,384.167999,0.119471,0.205253
75.000000,384.167999,0.085472,0.189081
76.000000,384.167999,0.050228,0.207629
77.000000,384.167999,0.014255,0.134050
78.000000,384.167999,-0.021927,0.111585
79.000000,384.167999,-0.057790,0.091686
80.000000,384.167999,-0.092811,0.056981
81.000000,384.167999,-0.126482,0.034229
82.000000,384.167999,-0.158314,0.005052
83.000000,384.167999,-0.187843,-0.026240
84.000000,384.167999,-0.214640,-0.047995
85.000000,384.167999,-0.238311,-0.086718
86.000000,384.167999,-0.258515,-0.108745
87.000000,384.167999,-0.274960,-0.121070
88.000000,384.167999,-0.287405,-0.157918
89.000000,384.167999,-0.295670,-0.174806
90.000000,384.167999,-0.299634,-0.186416
91.000000,384.167999,-0.299234,-0.214971
92.000000,384.167999,-0.294481,-0.220706
93.000000,384.167999,-0.285446,-0.223452
94.000000,384.167999,-0.272259,-0.243141
95.000000,384.167999,-0.255112,-0.247017
96.000000,384.167999,-0.234254,-0.238893
97.000000,384.167999,-0.209983,-0.241997
98.000000,384.167999,-0.182659,-0.228575
99.000000,384.167999,-0.152678,-0.223144
100.000000,384.167999,-0.120477,-0.210971
101.000000,384.167999,-0.086523,-0.180538
102.000000,384.167999,-0.051310,-0.167361
103.000000,384.167999,-0.015350,-0.144347
104.000000,384.167999,0.020833,-0.114636
105.000000,384.167999,0.056713,-0.102446
106.000000,384.167999,0.091767,-0.069860
107.000000,384.167999,0.125488,-0.028138
108.000000,384.167999,0.157384,-0.014222
109.000000,384.167999,0.186987,0.017931
110.000000,384.167999,0.213869,0.056220
111.000000,384.167999,0.237642,0.070420
112.000000,384.167999,0.257957,0.103004
113.000000,384.167999,0.274521,0.130862
114.000000,384.167999,0.287093,0.140769
115.000000,384.167999,0.295482,0.176351
116.000000,384.167999,0.299574,0.189644
117.000000,384.167999,0.299308,0.207967
118.000000,384.167999,0.294689,0.223815
119.000000,384.167999,0.285784,0.227413
120.000000,384.167999,0.272722,0.239132
121.000000,384.167999,0.255687,0.250255
122.000000,384.167999,0.234934,0.240713
123.000000,384.167999,0.210763,0.237840
124.000000,384.167999,0.183528,0.235094
125.000000,384.167999,0.153622,0.217122
126.000000,384.167999,0.121482,0.205667
127.000000,384.167999,0.087573,0.196487
128.000000,384.167999,0.052390,0.161504
129.000000,384.167999,0.016445,0.139470
130.000000,384.167999,-0.019739,0.126568
131.000000,384.167999,-0.055635,0.084290
132.000000,384.167999,-0.090724,0.064828
133.000000,384.167999,-0.124491,0.042638
134.000000,384.167999,-0.156446,0.004505
135.000000,384.167999,-0.186126,-0.019676
136.000000,384.167999,-0.213099,-0.048283
137.000000,384.167999,-0.236972,-0.075854
138.000000,384.167999,-0.257399,-0.098752
139.000000,384.167999,-0.274078,-0.133191
140.000000,384.167999,-0.286769,-0.153783
141.000000,384.167999,-0.295288,-0.167109
142.000000,384.167999,-0.299513,-0.197238
143.000000,384.167999,-0.299382,-0.211694
144.000000,384.167999,-0.294896,-0.213012
145.000000,384.167999,-0.286116,-0.236560
146.000000,384.167999,-0.273173,-0.240294
147.000000,384.167999,-0.256257,-0.242183
148.000000,384.167999,-0.235614,-0.250145
149.000000,384.167999,-0.211544,-0.241298
150.000000,384.167999,-0.184396,-0.227882
151.000000,384.167999,-0.154564,-0.224553
152.000000,384.167999,-0.122483,-0.209272
153.000000,384.167999,-0.088621,-0.186549
154.000000,384.167999,-0.053469,-0.172079
155.000000,384.167999,-0.017540,-0.143078
156.000000,384.167999,0.018644,-0.126186
157.000000,384.167999,0.054558,-0.096734
158.000000,384.167999,0.089677,-0.061874
159.000000,384.167999,0.123491,-0.044248
160.000000,384.167999,0.155509,-0.010948
161.000000,384.167999,0.185265,0.025482
162.000000,384.167999,0.212328,0.038394
163.000000,384.167999,0.236299,0.073552
164.000000,384.167999,0.256831,0.109982
165.000000,384.167999,0.273627,0.120753
166.000000,384.167999,0.286444,0.149331
167.000000,384.167999,0.295094,0.176613
168.000000,384.167999,0.299452,0.187235
169.000000,384.167999,0.299452,0.210094
170.000000,384.167999,0.295092,0.223391
171.000000,384.167999,0.286441,0.222118
172.000000,384.167999,0.273624,0.242257
173.000000,384.167999,0.256827,0.239427
174.000000,384.167999,0.236294,0.241276
175.000000,384.167999,0.212322,0.247823
176.000000,384.167999,0.185259,0.222559
177.000000,384.167999,0.155502,0.223828
178.000000,384.167999,0.123483,0.213219
179.000000,384.167999,0.089668,0.183090
180.000000,384.167999,0.054549,0.163916
181.000000,384.167999,0.018636,0.156167
182.000000,384.167999,-0.017549,0.118606
183.000000,384.167999,-0.053478,0.094711
184.000000,384.167999,-0.088629,0.076239
185.000000,384.167999,-0.122491,0.038105
186.000000,384.167999,-0.154572,0.011493
187.000000,384.167999,-0.184403,-0.015826
188.000000,384.167999,-0.211550,-0.050974
189.000000,384.167999,-0.235619,-0.070297
190.000000,384.167999,-0.256261,-0.107598
191.000000,384.167999,-0.273177,-0.127044
192.000000,384.167999,-0.286119,-0.149091
193.000000,384.167999,-0.294898,-0.173504
194.000000,384.167999,-0.299382,-0.197397
195.000000,384.167999,-0.299513,-0.200001
196.000000,384.167999,-0.295287,-0.226839
197.000000,384.167999,-0.286766,-0.235434
198.000000,384.167999,-0.274074,-0.231746
199.000000,384.167999,-0.257395,-0.248856
200.000000,384.167999,-0.236967,-0.245013
201.000000,384.167999,-0.213093,-0.236321
202.000000,384.167999,-0.186119,-0.238992
203.000000,384.167999,-0.156439,-0.221852
204.000000,384.167999,-0.124483,-0.200428
205.000000,384.167999,-0.090716,-0.192811
206.000000,384.167999,-0.055627,-0.167951
207.000000,384.167999,-0.019730,-0.152365
208.000000,384.167999,0.016454,-0.125613
209.000000,384.167999,0.052398,-0.093609
210.000000,384.167999,0.087581,-0.079137
211.000000,384.167999,0.121490,-0.044546
212.000000,384.167999,0.153630,-0.007973
213.000000,384.167999,0.183534,0.011943
214.000000,384.167999,0.210769,0.044099
215.000000,384.167999,0.234939,0.084390
216.000000,384.167999,0.255692,0.095585
217.000000,384.167999,0.272725,0.122738
218.000000,384.167999,0.285786,0.152591
219.000000,384.167999,0.294690,0.168220
220.000000,384.167999,0.299308,0.188650
221.000000,384.167999,0.299573,0.210787
222.000000,384.167999,0.295481,0.217834
223.000000,384.167999,0.287091,0.229825
224.000000,384.167999,0.274518,0.238692
225.000000,384.167999,0.257953,0.239851
226.000000,384.167999,0.237636,0.249692
227.000000,384.167999,0.213863,0.232277
228.000000,384.167999,0.186980,0.234842
229.000000,384.167999,0.157376,0.228235
230.000000,384.167999,0.125480,0.192958
231.000000,384.167999,0.091759,0.189084
232.000000,384.167999,0.056704,0.173611
233.000000,384.167999,0.020824,0.142913
234.000000,384.167999,-0.015359,0.125309
235.000000,384.167999,-0.051319,0.106264
236.000000,384.167999,-0.086531,0.066988
237.000000,384.167999,-0.120485,0.039089
238.000000,384.167999,-0.152686,0.016334
239.000000,384.167999,-0.182666,-0.024377
240.000000,384.167999,-0.209989,-0.043128
241.000000,384.167999,-0.234259,-0.076437
242.000000,384.167999,-0.255116,-0.102450
243.000000,384.167999,-0.272262,-0.120633
244.000000,384.167999,-0.285448,-0.154916
245.000000,384.167999,-0.294483,-0.178663
246.000000,384.167999,-0.299234,-0.180982
247.000000,384.167999,-0.299634,-0.215398
248.000000,384.167999,-0.295669,-0.217989
249.000000,384.167999,-0.287402,-0.216587
250.000000,384.167999,-0.274956,-0.245427
251.000000,384.167999,-0.258511,-0.246159
252.000000,384.167999,-0.238306,-0.238323
253.000000,384.167999,-0.214634,-0.244857
254.000000,384.167999,-0.187837,-0.235579
255.000000,384.167999,-0.158307,-0.219013
256.000000,384.167999,-0.126474,-0.211687
257.000000,384.167999,-0.092803,-0.189401
258.000000,384.167999,-0.057781,-0.179233
259.000000,384.167999,-0.021919,-0.154353
0.000000,401.213989,0.028567,-0.123751
1.000000,401.213989,0.065883,-0.093030
2.000000,401.213989,0.102152,-0.067139
3.000000,401.213989,0.136800,-0.032247
4.000000,401.213989,0.169280,0.006476
5.000000,401.213989,0.199073,0.020094
6.000000,401.213989,0.225705,0.056398
7.000000,401.213989,0.248758,0.093114
8.000000,401.213989,0.267867,0.101738
9.000000,401.213989,0.282721,0.136038
10.000000,401.213989,0.293089,0.173900
11.000000,401.213989,0.298810,0.180089
12.000000,401.213989,0.299793,0.202951
13.000000,401.213989,0.296011,0.224796
14.000000,401.213989,0.287536,0.225269
15.000000,401.213989,0.274502,0.236406
16.000000,401.213989,0.257111,0.245103
17.000000,401.213989,0.235637,0.240567
18.000000,401.213989,0.210427,0.243122
19.000000,401.213989,0.181881,0.227973
20.000000,401.213989,0.150445,0.219116
21.000000,401.213989,0.116623,0.209369
22.000000,401.213989,0.080952,0.173084
23.000000,401.213989,0.043996,0.162207
24.000000,401.213989,0.006341,0.151452
25.000000,401.213989,-0.031414,0.107457
26.000000,401.213989,-0.068670,0.087995
27.000000,401.213989,-0.104838,0.073668
28.000000,401.213989,-0.139340,0.027668
29.000000,401.213989,-0.171633,0.005923
30.000000,401.213989,-0.201204,-0.021276
31.000000,401.213989,-0.227581,-0.067988
32.000000,401.213989,-0.250345,-0.088593
33.000000,401.213989,-0.269140,-0.111207
34.000000,401.213989,-0.283668,-0.145772
35.000000,401.213989,-0.293687,-0.159803
36.000000,401.213989,-0.299049,-0.187105
37.000000,401.213989,-0.299670,-0.206541
38.000000,401.213989,-0.295536,-0.214288
39.000000,401.213989,-0.286707,-0.232127
40.000000,401.213989,-0.273333,-0.238002
41.000000,401.213989,-0.255625,-0.232170
42.000000,401.213989,-0.233857,-0.243137
43.000000,401.213989,-0.208378,-0.232428
44.000000,401.213989,-0.179595,-0.222737
45.000000,401.213989,-0.147964,-0.226839
46.000000,401.213989,-0.113982,-0.206982
47.000000,401.213989,-0.078193,-0.178272
48.000000,401.213989,-0.041163,-0.167789
49.000000,401.213989,-0.003480,-0.141640
50.000000,401.213989,0.034258,-0.108917
51.000000,401.213989,0.071452,-0.089150
52.000000,401.213989,0.107514,-0.054568
53.000000,401.213989,0.141869,-0.034685
54.000000,401.213989,0.173971,-0.002075
55.000000,401.213989,0.203315,0.037648
56.000000,401.213989,0.229436,0.053980
57.000000,401.213989,0.251911,0.031800
58.000000,401.213989,0.270391,0.124855
59.000000,401.213989,0.284583,0.154785
60.000000,401.213989,0.294261,0.173213
61.000000,401.213989,0.299264,0.201635
62.000000,401.213989,0.299521,0.201108
63.000000,401.213989,0.295030,0.221108
64.000000,401.213989,0.285855,0.240955
65.000000,401.213989,0.272142,0.234421
66.000000,401.213989,0.254113,0.242840
67.000000,401.213989,0.232056,0.244822
68.000000,401.213989,0.206312,0.235706
69.000000,401.213989,0.177295,0.232111
70.000000,401.213989,0.145467,0.215823
71.000000,401.213989,0.111332,0.206390
72.000000,401.213989,0.075427,0.185490
73.000000,401.213989,0.038327,0.152068
74.000000,401.213989,0.000620,0.134325
75.000000,401.213989,-0.037099,0.119995
76.000000,401.213989,-0.074227,0.081431
77.000000,401.213989,-0.110179,0.055822
78.000000,401.213989,-0.144384,0.032914
79.000000,401.213989,-0.176295,-0.010935
80.000000,401.213989,-0.205409,-0.033973
81.000000,401.213989,-0.231266,-0.058736
82.000000,401.213989,-0.253457,-0.092437
83.000000,401.213989,-0.271619,-0.117618
84.000000,401.213989,-0.285473,-0.140371
85.000000,401.213989,-0.294802,-0.173222
86.000000,401.213989,-0.299453,-0.184826
87.000000,401.213989,-0.299347,-0.207688
88.000000,401.213989,-0.294495,-0.222127
89.000000,401.213989,-0.284974,-0.229874
90.000000,401.213989,-0.270927,-0.243565
91.000000,401.213989,-0.252581,-0.240433
92.000000,401.213989,-0.230230,-0.231597
93.000000,401.213989,-0.204228,-0.242567
94.000000,401.213989,-0.174980,-0.230431
95.000000,401.213989,-0.142958,-0.207154
96.000000,401.213989,-0.108669,-0.203675
97.000000,401.213989,-0.072655,-0.184962
98.000000,401.213989,-0.035488,-0.152676
99.000000,401.213989,0.002242,-0.140765
100.000000,401.213989,0.039936,-0.109467
101.000000,401.213989,0.076997,-0.077745
102.000000,401.213989,0.112835,-0.055834
103.000000,401.213989,0.146883,-0.021395
104.000000,401.213989,0.178604,0.002341
105.000000,401.213989,0.207486,0.032383
106.000000,401.213989,0.233077,0.069248
107.000000,401.213989,0.254973,0.088581
108.000000,401.213989,0.272824,0.117453
109.000000,401.213989,0.286340,0.151024
110.000000,401.213989,0.295317,0.162359
111.000000,401.213989,0.299611,0.188939
112.000000,401.213989,0.299148,0.210214
113.000000,401.213989,0.293936,0.228987
114.000000,401.213989,0.284064,0.229116
115.000000,401.213989,0.269688,0.239099
116.000000,401.213989,0.251027,0.233281
117.000000,401.213989,0.228384,0.240126
118.000000,401.213989,0.202120,0.239954
119.000000,401.213989,0.172650,0.221124
120.000000,401.213989,0.140436,0.216817
121.000000,401.213989,0.105997,0.201784
122.000000,401.213989,0.069876,0.177083
123.000000,401.213989,0.032646,0.161620
124.000000,401.213989,-0.005102,0.130895
125.000000,401.213989,-0.042769,0.105588
126.000000,401.213989,-0.079759,0.083541
127.000000,401.213989,-0.115481,0.043400
128.000000,401.213989,-0.149371,0.018795
129.000000,401.213989,-0.180892,-0.000395
130.000000,401.213989,-0.209546,-0.043963
131.000000,401.213989,-0.234869,-0.071715
132.000000,401.213989,-0.256467,-0.087761
133.000000,401.213989,-0.273999,-0.128181
134.000000,401.213989,-0.287184,-0.153647
135.000000,401.213989,-0.295807,-0.164687
136.000000,401.213989,-0.299740,-0.193381
137.000000,401.213989,-0.298920,-0.207267
138.000000,401.213989,-0.293353,-0.210584
139.000000,401.213989,-0.283131,-0.236991
140.000000,401.213989,-0.268420,-0.238154
141.000000,401.213989,-0.249452,-0.241315
142.000000,401.213989,-0.226520,-0.245715
143.000000,401.213989,-0.199996,-0.232866
144.000000,401.213989,-0.170301,-0.234718
145.000000,401.213989,-0.137903,-0.221839
146.000000,401.213989,-0.103315,-0.193556
147.000000,401.213989,-0.067090,-0.189806
148.000000,401.213989,-0.029800,-0.159790
149.000000,401.213989,0.007963,-0.129075
150.000000,401.213989,0.045599,-0.108593
151.000000,401.213989,0.082512,-0.078438
152.000000,401.213989,0.118118,-0.040149
153.000000,401.213989,0.151846,-0.020083
154.000000,401.213989,0.183166,0.009926
155.000000,401.213989,0.211581,0.047499
156.000000,401.213989,0.236640,0.066564
157.000000,401.213989,0.257940,0.095426
158.000000,401.213989,0.275150,0.132287
159.000000,401.213989,0.287997,0.145772
160.000000,401.213989,0.296272,0.170778
161.000000,401.213989,0.299844,0.195632
162.000000,401.213989,0.298661,0.198961
163.000000,401.213989,0.292743,0.221389
164.000000,401.213989,0.282174,0.223245
165.000000,401.213989,0.267129,0.233274
166.000000,401.213989,0.247848,0.246120
167.000000,401.213989,0.224636,0.235133
168.000000,401.213989,0.197855,0.242134
169.000000,401.213989,0.167937,0.233669
170.000000,401.213989,0.135356,0.204968
171.000000,401.213989,0.100626,0.194088
172.000000,401.213989,0.064298,0.186908
173.000000,401.213989,0.026952,0.154781
174.000000,401.213989,-0.010822,0.126595
175.000000,401.213989,-0.048425,0.109124
176.000000,401.213989,-0.085259,0.071136
177.000000,401.213989,-0.120741,0.046097
178.000000,401.213989,-0.154308,0.021052
179.000000,401.213989,-0.185424,-0.025806
180.000000,401.213989,-0.213598,-0.046845
181.000000,401.213989,-0.238387,-0.073872
182.000000,401.213989,-0.259392,-0.104020
183.000000,401.213989,-0.276278,-0.123632
184.000000,401.213989,-0.288783,-0.158783
185.000000,401.213989,-0.296709,-0.172229
186.000000,401.213989,-0.299923,-0.184839
187.000000,401.213989,-0.298377,-0.208679
188.000000,401.213989,-0.292101,-0.222276
189.000000,401.213989,-0.281193,-0.223022
190.000000,401.213989,-0.265816,-0.244569
191.000000,401.213989,-0.246224,-0.243584
192.000000,401.213989,-0.222728,-0.231746
193.000000,401.213989,-0.195697,-0.241136
194.000000,401.213989,-0.165558,-0.236434
195.000000,401.213989,-0.132795,-0.208151
196.000000,401.213989,-0.097926,-0.194809
197.000000,401.213989,-0.061501,-0.174097
198.000000,401.213989,-0.024101,-0.144376
199.000000,401.213989,0.013681,-0.132044
200.000000,401.213989,0.051247,-0.101896
201.000000,401.213989,0.087998,-0.081294
202.000000,401.213989,0.123354,-0.046116
203.000000,401.213989,0.156753,-0.011541
204.000000,401.213989,0.187666,0.007941
205.000000,401.213989,0.215598,0.042244
206.000000,401.213989,0.240111,0.080675
207.000000,401.213989,0.260817,0.095731
208.000000,401.213989,0.277382,0.127887
209.000000,401.213989,0.289544,0.164748
210.000000,401.213989,0.297115,0.170652
211.000000,401.213989,0.299975,0.190512
212.000000,401.213989,0.298069,0.215217
213.000000,401.213989,0.291435,0.220551
214.000000,401.213989,0.280180,0.232688
215.000000,401.213989,0.264480,0.245961
216.000000,401.213989,0.244579,0.239566
217.000000,401.213989,0.220799,0.240547
218.000000,401.213989,0.193519,0.227257
219.000000,401.213989,0.163166,0.221548
220.000000,401.213989,0.130224,0.214945
221.000000,401.213989,0.095216,0.184952
222.000000,401.213989,0.058699,0.212241
223.000000,401.213989,0.021248,0.156027
224.000000,401.213989,-0.016538,0.110747
225.000000,401.213989,-0.054063,0.090141
226.000000,401.213989,-0.090730,0.066802
227.000000,401.213989,-0.125956,0.032102
228.000000,401.213989,-0.159185,0.009922
229.000000,401.213989,-0.189889,-0.009265
230.000000,401.213989,-0.217580,-0.052402
231.000000,401.213989,-0.241815,-0.078726
232.000000,401.213989,-0.262217,-0.100624
233.000000,401.213989,-0.278461,-0.136905
234.000000,401.213989,-0.290281,-0.155370
235.000000,401.213989,-0.297496,-0.181668
236.000000,401.213989,-0.299994,-0.200823
237.000000,401.213989,-0.297735,-0.199845
238.000000,401.213989,-0.290744,-0.230984
239.000000,401.213989,-0.279143,-0.238432
240.000000,401.213989,-0.263116,-0.231885
241.000000,401.213989,-0.242913,-0.247713
242.000000,401.213989,-0.218853,-0.242153
243.000000,401.213989,-0.191323,-0.220447
244.000000,401.213989,-0.160759,-0.227840
245.000000,401.213989,-0.127641,-0.212558
246.000000,401.213989,-0.092499,-0.187708
247.000000,401.213989,-0.055890,-0.175794
248.000000,401.213989,-0.018394,-0.149217
0.000000,419.016998,0.013666,-0.135186
1.000000,419.016998,0.052883,-0.106031
2.000000,419.016998,0.091187,-0.065883
3.000000,419.016998,0.127912,-0.046252
4.000000,419.016998,0.162422,-0.015097
5.000000,419.016998,0.194123,0.025194
6.000000,419.016998,0.222468,0.044255
7.000000,419.016998,0.246959,0.080841
8.000000,419.016998,0.267177,0.116562
9.000000,419.016998,0.282774,0.130329
10.000000,419.016998,0.293481,0.156763
11.000000,419.016998,0.299102,0.176636
12.000000,419.016998,0.299550,0.193239
13.000000,419.016998,0.294819,0.217092
14.000000,419.016998,0.284984,0.222413
15.000000,419.016998,0.270215,0.237131
16.000000,419.016998,0.250773,0.245106
17.000000,419.016998,0.226994,0.235425
18.000000,419.016998,0.199283,0.235839
19.000000,419.016998,0.168125,0.237810
20.000000,419.016998,0.134059,0.208398
21.000000,419.016998,0.097674,0.194942
22.000000,419.016998,0.059596,0.184333
23.000000,419.016998,0.020488,0.151349
24.000000,419.016998,-0.018974,0.127311
25.000000,419.016998,-0.058108,0.106264
26.000000,419.016998,-0.096236,0.063843
27.000000,419.016998,-0.132699,0.040663
28.000000,419.016998,-0.166868,0.013481
29.000000,419.016998,-0.198147,-0.025093
30.000000,419.016998,-0.225996,-0.049708
31.000000,419.016998,-0.249938,-0.087586
32.000000,419.016998,-0.269557,-0.111886
33.000000,419.016998,-0.284504,-0.131789
34.000000,419.016998,-0.294532,-0.162925
35.000000,419.016998,-0.299466,-0.181526
36.000000,419.016998,-0.299217,-0.190849
37.000000,419.016998,-0.293787,-0.216829
38.000000,419.016998,-0.283276,-0.228426
39.000000,419.016998,-0.267867,-0.228456
40.000000,419.016998,-0.247817,-0.246570
41.000000,419.016998,-0.223480,-0.243584
42.000000,419.016998,-0.195278,-0.224596
43.000000,419.016998,-0.163699,-0.227985
44.000000,419.016998,-0.129282,-0.207128
45.000000,419.016998,-0.092631,-0.195124
46.000000,419.016998,-0.054377,-0.170366
47.000000,419.016998,-0.015182,-0.148512
48.000000,419.016998,0.024276,-0.130759
49.000000,419.016998,0.063314,-0.101452
50.000000,419.016998,0.101257,-0.063591
51.000000,419.016998,0.137446,-0.043389
52.000000,419.016998,0.171257,-0.006230
53.000000,419.016998,0.202107,0.072084
54.000000,419.016998,0.229460,0.051263
55.000000,419.016998,0.252838,0.068548
56.000000,419.016998,0.271843,0.111271
57.000000,419.016998,0.286148,0.141773
58.000000,419.016998,0.295498,0.161199
59.000000,419.016998,0.299733,0.186623
60.000000,419.016998,0.298784,0.210969
61.000000,419.016998,0.292669,0.218245
62.000000,419.016998,0.281483,0.224673
63.000000,419.016998,0.265428,0.227555
64.000000,419.016998,0.244782,0.242976
65.000000,419.016998,0.219902,0.231558
66.000000,419.016998,0.191212,0.229411
67.000000,419.016998,0.159215,0.230239
68.000000,419.016998,0.124466,0.197964
69.000000,419.016998,0.087561,0.188369
70.000000,419.016998,0.049140,0.174327
71.000000,419.016998,0.009870,0.141197
72.000000,419.016998,-0.029571,0.123593
73.000000,419.016998,-0.068500,0.103690
74.000000,419.016998,-0.106244,0.061411
75.000000,419.016998,-0.142150,0.031512
76.000000,419.016998,-0.175598,0.001609
77.000000,419.016998,-0.206003,-0.032813
78.000000,419.016998,-0.232845,-0.055996
79.000000,419.016998,-0.255661,-0.100740
80.000000,419.016998,-0.274051,-0.120610
81.000000,419.016998,-0.287697,-0.133217
82.000000,419.016998,-0.296367,-0.168070
83.000000,419.016998,-0.299912,-0.186671
84.000000,419.016998,-0.298261,-0.196426
85.000000,419.016998,-0.291451,-0.221975
86.000000,419.016998,-0.279600,-0.234861
87.000000,419.016998,-0.262913,-0.226454
88.000000,419.016998,-0.241670,-0.249429
89.000000,419.016998,-0.216248,-0.240725
90.000000,419.016998,-0.187087,-0.226027
91.000000,419.016998,-0.154687,-0.225126
92.000000,419.016998,-0.119608,-0.209699
93.000000,419.016998,-0.082462,-0.183553
94.000000,419.016998,-0.043889,-0.174081
95.000000,419.016998,-0.004556,-0.143932
96.000000,419.016998,0.034856,-0.125335
97.000000,419.016998,0.073665,-0.091012
98.000000,419.016998,0.111200,-0.050430
99.000000,419.016998,0.146808,-0.033811
100.000000,419.016998,0.179877,0.000062
101.000000,419.016998,0.209836,0.041068
102.000000,419.016998,0.236162,0.064132
103.000000,419.016998,0.258400,0.090854
104.000000,419.016998,0.276169,0.127569
105.000000,419.016998,0.289162,0.141197
106.000000,419.016998,0.297145,0.167203
107.000000,419.016998,0.299988,0.197345
108.000000,419.016998,0.297644,0.202679
109.000000,419.016998,0.290150,0.224683
110.000000,419.016998,0.277629,0.233530
111.000000,419.016998,0.260307,0.233563
112.000000,419.016998,0.238484,0.238831
113.000000,419.016998,0.212532,0.234265
114.000000,419.016998,0.182900,0.232128
115.000000,419.016998,0.150106,0.226668
116.000000,419.016998,0.114716,0.198822
117.000000,419.016998,0.077338,0.185940
118.000000,419.016998,0.038623,0.167750
119.000000,419.016998,-0.000760,0.134477
120.000000,419.016998,-0.040131,0.113587
121.000000,419.016998,-0.078806,0.091252
122.000000,419.016998,-0.116118,0.038964
123.000000,419.016998,-0.151422,0.020074
124.000000,419.016998,-0.184105,-0.002827
125.000000,419.016998,-0.213600,-0.038390
126.000000,419.016998,-0.239402,-0.065002
127.000000,419.016998,-0.261064,-0.096608
128.000000,419.016998,-0.278202,-0.123181
129.000000,419.016998,-0.290528,-0.146795
130.000000,419.016998,-0.297830,-0.179087
131.000000,419.016998,-0.299979,-0.196393
132.000000,419.016998,-0.296931,-0.200282
133.000000,419.016998,-0.288749,-0.227694
134.000000,419.016998,-0.275574,-0.234572
135.000000,419.016998,-0.257626,-0.226451
136.000000,419.016998,-0.235219,-0.245142
137.000000,419.016998,-0.208745,-0.232717
138.000000,419.016998,-0.178661,-0.223452
139.000000,419.016998,-0.145481,-0.224125
140.000000,419.016998,-0.109785,-0.204838
141.000000,419.016998,-0.072190,-0.183699
142.000000,419.016998,-0.033346,-0.169363
143.000000,419.016998,0.006076,-0.132922
144.000000,419.016998,0.045392,-0.115037
145.000000,419.016998,0.083924,-0.086151
146.000000,419.016998,0.121002,-0.047001
147.000000,419.016998,0.155986,-0.028519
148.000000,419.016998,0.188272,0.007358
149.000000,419.016998,0.217303,0.050077
150.000000,419.016998,0.242568,0.059698
151.000000,419.016998,0.263638,0.099432
152.000000,419.016998,0.280148,0.133719
153.000000,419.016998,0.291811,0.149205
154.000000,419.016998,0.298420,0.176070
155.000000,419.016998,0.299868,0.206354
156.000000,419.016998,0.296130,0.206396
157.000000,419.016998,0.287264,0.225253
158.000000,419.016998,0.273426,0.159420
159.000000,419.016998,0.254861,0.234706
160.000000,419.016998,0.231887,0.256143
161.000000,419.016998,0.204895,0.247422
162.000000,419.016998,0.174360,0.232565
163.000000,419.016998,0.140809,0.228106
164.000000,419.016998,0.104821,0.199250
165.000000,419.016998,0.067018,0.179936
166.000000,419.016998,0.028057,0.167038
167.000000,419.016998,-0.011390,0.130620
168.000000,419.016998,-0.050640,0.108156
169.000000,419.016998,-0.089013,0.088538
170.000000,419.016998,-0.125847,0.044397
171.000000,419.016998,-0.160505,0.013497
172.000000,419.016998,-0.192381,-0.007264
173.000000,419.016998,-0.220930,-0.051686
174.000000,419.016998,-0.245659,-0.078584
175.000000,419.016998,-0.266136,-0.100624
176.000000,419.016998,-0.282004,-0.129901
177.000000,419.016998,-0.292995,-0.156228
178.000000,419.016998,-0.298920,-0.186244
179.000000,419.016998,-0.299668,-0.203682
180.000000,419.016998,-0.295229,-0.209570
181.000000,419.016998,-0.285686,-0.230553
182.000000,419.016998,-0.271201,-0.232995
183.000000,419.016998,-0.252017,-0.234029
184.000000,419.016998,-0.228474,-0.248714
185.000000,419.016998,-0.200981,-0.242296
186.000000,419.016998,-0.170009,-0.219162
187.000000,419.016998,-0.136092,-0.217545
188.000000,419.016998,-0.099823,-0.199547
189.000000,419.016998,-0.061827,-0.170263
190.000000,419.016998,-0.022760,-0.158495
191.000000,419.016998,0.016700,-0.132346
192.000000,419.016998,0.055871,-0.097195
193.000000,419.016998,0.094077,-0.074280
194.000000,419.016998,0.130653,-0.040841
195.000000,419.016998,0.164968,-0.015812
196.000000,419.016998,0.196431,0.018656
197.000000,419.016998,0.224494,0.047227
198.000000,419.016998,0.248670,0.071567
199.000000,419.016998,0.268545,0.107016
200.000000,419.016998,0.283776,0.140441
201.000000,419.016998,0.294093,0.156070
202.000000,419.016998,0.299320,0.182935
203.000000,419.016998,0.299371,0.209356
204.000000,419.016998,0.294244,0.209402
205.000000,419.016998,0.284018,0.226684
206.000000,419.016998,0.268881,0.241382
207.000000,419.016998,0.249094,0.233705
208.000000,419.016998,0.224996,0.241266
209.000000,419.016998,0.197001,0.237386
210.000000,419.016998,0.165600,0.221837
211.000000,419.016998,0.131335,0.215956
212.000000,419.016998,0.094795,0.191231
213.000000,419.016998,0.056615,0.170072
214.000000,419.016998,0.017456,0.152316
215.000000,419.016998,-0.022005,0.120468
216.000000,419.016998,-0.061085,0.099724
217.000000,419.016998,-0.099109,0.077385
218.000000,419.016998,-0.135418,0.038539
219.000000,419.016998,-0.169384,0.006208
220.000000,419.016998,-0.200416,-0.016700
221.000000,419.016998,-0.227983,-0.062123
222.000000,419.016998,-0.251607,-0.077298
223.000000,419.016998,-0.270874,-0.107207
224.000000,419.016998,-0.285452,-0.143482
225.000000,419.016998,-0.295095,-0.166089
226.000000,419.016998,-0.299634,-0.184696
227.000000,419.016998,-0.298980,-0.204109
228.000000,419.016998,-0.293157,-0.217853
229.000000,419.016998,-0.282264,-0.236716
230.000000,419.016998,-0.266484,-0.240715
231.000000,419.016998,-0.246091,-0.238740
232.000000,419.016998,-0.221442,-0.234417
233.000000,419.016998,-0.192964,-0.232998
234.000000,419.016998,-0.161142,-0.219016
235.000000,419.016998,-0.126533,-0.217972
236.000000,419.016998,-0.089737,-0.199829
237.000000,419.016998,-0.051387,-0.167404
0.000000,437.609985,0.020034,-0.120789
1.000000,437.609985,0.060867,-0.109020
2.000000,437.609985,0.100551,-0.073004
3.000000,437.609985,0.138339,-0.030427
4.000000,437.609985,0.173513,-0.007360
5.000000,437.609985,0.205414,0.026509
6.000000,437.609985,0.233440,0.064086
7.000000,437.609985,0.257062,0.079572
8.000000,437.609985,0.275832,0.120018
9.000000,437.609985,0.289393,0.143022
10.000000,437.609985,0.297495,0.163929
11.000000,437.609985,0.299985,0.188216
12.000000,437.609985,0.296815,0.200664
13.000000,437.609985,0.288043,0.217258
14.000000,437.609985,0.273831,0.232529
15.000000,437.609985,0.254454,0.230849
16.000000,437.609985,0.230277,0.236697
17.000000,437.609985,0.201756,0.242959
18.000000,437.609985,0.169425,0.224557
19.000000,437.609985,0.133896,0.214392
20.000000,437.609985,0.095841,0.204637
21.000000,437.609985,0.055978,0.169367
22.000000,437.609985,0.015059,0.153333
23.000000,437.609985,-0.026145,0.132287
24.000000,437.609985,-0.066855,0.094869
25.000000,437.609985,-0.106303,0.072690
26.000000,437.609985,-0.143746,0.036360
27.000000,437.609985,-0.178478,0.000787
28.000000,437.609985,-0.209840,-0.026544
29.000000,437.609985,-0.237240,-0.072573
30.000000,437.609985,-0.260165,-0.094587
31.000000,437.609985,-0.278182,-0.108483
32.000000,437.609985,-0.290951,-0.154343
33.000000,437.609985,-0.298225,-0.167656
34.000000,437.609985,-0.299871,-0.175691
35.000000,437.609985,-0.295860,-0.210826
36.000000,437.609985,-0.286267,-0.222280
37.000000,437.609985,-0.271274,-0.221451
38.000000,437.609985,-0.251157,-0.237992
39.000000,437.609985,-0.226301,-0.239440
40.000000,437.609985,-0.197176,-0.230457
41.000000,437.609985,-0.164331,-0.226554
42.000000,437.609985,-0.128385,-0.209987
43.000000,437.609985,-0.090014,-0.195269
44.000000,437.609985,-0.049945,-0.174654
45.000000,437.609985,-0.008934,-0.145364
46.000000,437.609985,0.032245,-0.131332
47.000000,437.609985,0.072817,-0.099590
48.000000,437.609985,0.112013,-0.055155
49.000000,437.609985,0.149095,-0.043105
50.000000,437.609985,0.183365,-0.001512
51.000000,437.609985,0.214175,0.041495
52.000000,437.609985,0.240946,0.059983
53.000000,437.609985,0.263164,0.110293
54.000000,437.609985,0.280417,0.133145
55.000000,437.609985,0.292380,0.141627
56.000000,437.609985,0.298827,0.171494
57.000000,437.609985,0.299637,0.195632
58.000000,437.609985,0.294786,0.203394
59.000000,437.609985,0.284374,0.223964
60.000000,437.609985,0.268597,0.230534
61.000000,437.609985,0.247753,0.233705
62.000000,437.609985,0.222234,0.243407
63.000000,437.609985,0.192516,0.227264
64.000000,437.609985,0.159168,0.215972
65.000000,437.609985,0.122817,0.214084
66.000000,437.609985,0.084149,0.187239
67.000000,437.609985,0.043892,0.170212
68.000000,437.609985,0.002807,0.151737
69.000000,437.609985,-0.038331,0.113461
70.000000,437.609985,-0.078746,0.090281
71.000000,437.609985,-0.117676,0.067088
72.000000,437.609985,-0.154385,0.019236
73.000000,437.609985,-0.188178,-0.007804
74.000000,437.609985,-0.218421,-0.035142
75.000000,437.609985,-0.244543,-0.066984
76.000000,437.609985,-0.266052,-0.095170
77.000000,437.609985,-0.282540,-0.115216
78.000000,437.609985,-0.293692,-0.155778
79.000000,437.609985,-0.299304,-0.172666
80.000000,437.609985,-0.299269,-0.194703
81.000000,437.609985,-0.293588,-0.219692
82.000000,437.609985,-0.282366,-0.225003
83.000000,437.609985,-0.265812,-0.241577
84.000000,437.609985,-0.244243,-0.241431
85.000000,437.609985,-0.218067,-0.229304
86.000000,437.609985,-0.187777,-0.239990
87.000000,437.609985,-0.153942,-0.223562
88.000000,437.609985,-0.117200,-0.201144
89.000000,437.609985,-0.078248,-0.191522
90.000000,437.609985,-0.037819,-0.161225
91.000000,437.609985,0.003323,-0.130944
92.000000,437.609985,0.044403,-0.116458
93.000000,437.609985,0.084644,-0.085161
94.000000,437.609985,0.123288,-0.059734
95.000000,437.609985,0.159606,-0.029381
96.000000,437.609985,0.192913,0.016784
97.000000,437.609985,0.222579,0.047366
98.000000,437.609985,0.248042,0.074565
99.000000,437.609985,0.268826,0.104714
100.000000,437.609985,0.284538,0.123315
101.000000,437.609985,0.294883,0.154344
102.000000,437.609985,0.299660,0.186918
103.000000,437.609985,0.298780,0.192103
104.000000,437.609985,0.292264,0.212390
105.000000,437.609985,0.280234,0.233951
106.000000,437.609985,0.262918,0.231134
107.000000,437.609985,0.240636,0.235551
108.000000,437.609985,0.213813,0.243099
109.000000,437.609985,0.182956,0.222983
110.000000,437.609985,0.148648,0.218248
111.000000,437.609985,0.111535,0.213073
112.000000,437.609985,0.072316,0.180374
113.000000,437.609985,0.031732,0.167776
114.000000,437.609985,-0.009450,0.137158
115.000000,437.609985,-0.050454,0.108024
116.000000,437.609985,-0.090507,0.079837
117.000000,437.609985,-0.128850,0.045097
118.000000,437.609985,-0.164761,0.012079
119.000000,437.609985,-0.197564,-0.011253
120.000000,437.609985,-0.226640,-0.055546
121.000000,437.609985,-0.251441,-0.079435
122.000000,437.609985,-0.271492,-0.098053
123.000000,437.609985,-0.286420,-0.138476
124.000000,437.609985,-0.295945,-0.159509
125.000000,437.609985,-0.299887,-0.174408
126.000000,437.609985,-0.298172,-0.202244
127.000000,437.609985,-0.290822,-0.218277
128.000000,437.609985,-0.277987,-0.223595
129.000000,437.609985,-0.259908,-0.238707
130.000000,437.609985,-0.236925,-0.239582
131.000000,437.609985,-0.209472,-0.240741
132.000000,437.609985,-0.178062,-0.230987
133.000000,437.609985,-0.143293,-0.213850
134.000000,437.609985,-0.105821,-0.207837
135.000000,437.609985,-0.066352,-0.184236
136.000000,437.609985,-0.025631,-0.154237
137.000000,437.609985,0.015574,-0.140477
138.000000,437.609985,0.056485,-0.107317
139.000000,437.609985,0.096330,-0.069170
140.000000,437.609985,0.134358,-0.048827
141.000000,437.609985,0.169851,-0.016667
142.000000,437.609985,0.202136,0.026052
143.000000,437.609985,0.230607,0.045113
144.000000,437.609985,0.254728,0.080271
145.000000,437.609985,0.274043,0.115701
146.000000,437.609985,0.288187,0.130905
147.000000,437.609985,0.296888,0.163916
148.000000,437.609985,0.299988,0.194058
149.000000,437.609985,0.297429,0.199962
150.000000,437.609985,0.289259,0.216101
151.000000,437.609985,0.275629,0.232966
152.000000,437.609985,0.256794,0.231273
153.000000,437.609985,0.233115,0.237827
154.000000,437.609985,0.205038,0.230700
155.000000,437.609985,0.173093,0.228410
156.000000,437.609985,0.137880,0.224951
157.000000,437.609985,0.100064,0.193531
158.000000,437.609985,0.060361,0.179648
159.000000,437.609985,0.019519,0.159457
160.000000,437.609985,-0.021692,0.122609
161.000000,437.609985,-0.062493,0.098431
162.000000,437.609985,-0.102114,0.080099
163.000000,437.609985,-0.139809,0.032102
164.000000,437.609985,-0.174866,0.007063
165.000000,437.609985,-0.206624,-0.017558
166.000000,437.609985,-0.234482,-0.062123
167.000000,437.609985,-0.257912,-0.087019
168.000000,437.609985,-0.276477,-0.114493
169.000000,437.609985,-0.289827,-0.140192
170.000000,437.609985,-0.297709,-0.162232
171.000000,437.609985,-0.299969,-0.193546
172.000000,437.609985,-0.296567,-0.207969
173.000000,437.609985,-0.287570,-0.217144
174.000000,437.609985,-0.273149,-0.240997
175.000000,437.609985,-0.253574,-0.239287
176.000000,437.609985,-0.229211,-0.235599
177.000000,437.609985,-0.200521,-0.236991
178.000000,437.609985,-0.168049,-0.227568
179.000000,437.609985,-0.132407,-0.201147
180.000000,437.609985,-0.094267,-0.201674
181.000000,437.609985,-0.054345,-0.178385
182.000000,437.609985,-0.013399,-0.146099
183.000000,437.609985,0.027800,-0.130898
184.000000,437.609985,0.068474,-0.101747
185.000000,437.609985,0.107857,-0.059876
186.000000,437.609985,0.145203,-0.041391
187.000000,437.609985,0.179809,-0.002234
188.000000,437.609985,0.211022,0.028789
189.000000,437.609985,0.238254,0.059122
190.000000,437.609985,0.260993,0.092699
191.000000,437.609985,0.278800,0.109597
192.000000,437.609985,0.291347,0.142333
193.000000,437.609985,0.298398,0.177620
194.000000,437.609985,0.299820,0.186811
195.000000,437.609985,0.295586,0.206671
196.000000,437.609985,0.285767,0.233235
197.000000,437.609985,0.270557,0.229136
198.000000,437.609985,0.250243,0.236124
199.000000,437.609985,0.225208,0.250106
200.000000,437.609985,0.195924,0.226700
201.000000,437.609985,0.162938,0.223825
202.000000,437.609985,0.126879,0.217934
203.000000,437.609985,0.088427,0.189810
204.000000,437.609985,0.048307,0.172922
205.000000,437.609985,0.007274,0.151737
206.000000,437.609985,-0.033896,0.116174
207.000000,437.609985,-0.074426,0.091990
208.000000,437.609985,-0.113552,0.060537
209.000000,437.609985,-0.150536,0.022947
210.000000,437.609985,-0.184680,-0.002957
211.000000,437.609985,-0.215335,-0.042107
212.000000,437.609985,-0.241928,-0.071854
213.000000,437.609985,-0.263956,-0.088043
214.000000,437.609985,-0.281005,-0.127323
215.000000,437.609985,-0.292752,-0.148498
216.000000,437.609985,-0.298969,-0.163971
217.000000,437.609985,-0.299546,-0.199958
218.000000,437.609985,-0.294472,-0.211127
219.000000,437.609985,-0.283843,-0.217734
220.000000,437.609985,-0.267856,-0.238565
221.000000,437.609985,-0.246811,-0.237723
222.000000,437.609985,-0.221110,-0.233740
223.000000,437.609985,-0.191239,-0.237279
224.000000,437.609985,-0.157759,-0.224003
225.000000,437.609985,-0.121301,-0.225994
226.000000,437.609985,-0.082552,-0.195104
227.000000,437.609985,-0.042247,-0.162958
0.000000,457.028015,0.008395,-0.143926
1.000000,457.028015,0.051218,-0.106061
2.000000,457.028015,0.092985,-0.086718
3.000000,457.028015,0.132839,-0.049562
4.000000,457.028015,0.169962,-0.011250
5.000000,457.028015,0.203584,0.015227
6.000000,457.028015,0.233016,0.046091
7.000000,457.028015,0.257656,0.074565
8.000000,457.028015,0.276992,0.106874
9.000000,457.028015,0.290624,0.145879
10.000000,457.028015,0.298279,0.155497
11.000000,457.028015,0.299799,0.189369
12.000000,457.028015,0.295140,0.214932
13.000000,457.028015,0.284412,0.219266
14.000000,457.028015,0.267834,0.232118
15.000000,457.028015,0.245739,0.242956
16.000000,457.028015,0.218588,0.232562
17.000000,457.028015,0.186941,0.230687
18.000000,457.028015,0.151445,0.223802
19.000000,457.028015,0.112831,0.203822
20.000000,457.028015,0.071897,0.190075
21.000000,457.028015,0.029483,0.158197
22.000000,457.028015,-0.013538,0.135617
23.000000,457.028015,-0.056281,0.113143
24.000000,457.028015,-0.097866,0.075997
25.000000,457.028015,-0.137435,0.041101
26.000000,457.028015,-0.174176,0.020194
27.000000,457.028015,-0.207335,-0.023231
28.000000,457.028015,-0.236226,-0.050556
29.000000,457.028015,-0.260252,-0.072891
30.000000,457.028015,-0.278926,-0.116170
31.000000,457.028015,-0.291863,-0.139350
32.000000,457.028015,-0.298785,-0.160396
33.000000,457.028015,-0.299562,-0.194524
34.000000,457.028015,-0.294178,-0.209696
35.000000,457.028015,-0.282735,-0.210580
36.000000,457.028015,-0.265473,-0.234847
37.000000,457.028015,-0.242752,-0.236726
38.000000,457.028015,-0.215033,-0.234870
39.000000,457.028015,-0.182887,-0.235278
40.000000,457.028015,-0.146979,-0.215428
41.000000,457.028015,-0.108048,-0.209971
42.000000,457.028015,-0.066890,-0.184955
43.000000,457.028015,-0.024357,-0.152812
44.000000,457.028015,0.018678,-0.139619
45.000000,457.028015,0.061328,-0.109891
46.000000,457.028015,0.102715,-0.066741
47.000000,457.028015,0.141990,-0.050109
48.000000,457.028015,0.178342,-0.011664
49.000000,457.028015,0.211022,0.025194
50.000000,457.028015,0.239362,0.054980
51.000000,457.028015,0.262778,0.095429
52.000000,457.028015,0.280779,0.125853
53.000000,457.028015,0.293006,0.140912
54.000000,457.028015,0.299206,0.170205
55.000000,457.028015,0.299243,0.198918
56.000000,457.028015,0.293122,0.205538
57.000000,457.028015,0.280973,0.221247
58.000000,457.028015,0.263040,0.229106
59.000000,457.028015,0.239690,0.233559
60.000000,457.028015,0.211411,0.239686
61.000000,457.028015,0.178783,0.219405
62.000000,457.028015,0.142470,0.216684
63.000000,457.028015,0.103229,0.210936
64.000000,457.028015,0.061863,0.174658
65.000000,457.028015,0.019223,0.156054
66.000000,457.028015,-0.023812,0.140011
67.000000,457.028015,-0.066357,0.098160
68.000000,457.028015,-0.107537,0.074695
69.000000,457.028015,-0.146502,0.046498
70.000000,457.028015,-0.182453,0.003504
71.000000,457.028015,-0.214653,-0.026968
72.000000,457.028015,-0.242429,-0.056586
73.000000,457.028015,-0.265218,-0.095869
74.000000,457.028015,-0.282553,-0.120053
75.000000,457.028015,-0.294068,-0.155072
76.000000,457.028015,-0.299532,-0.173799
77.000000,457.028015,-0.298835,-0.187695
78.000000,457.028015,-0.291987,-0.218685
79.000000,457.028015,-0.279126,-0.227850
80.000000,457.028015,-0.260524,-0.223734
81.000000,457.028015,-0.236564,-0.233986
82.000000,457.028015,-0.207728,-0.235719
83.000000,457.028015,-0.174621,-0.219162
84.000000,457.028015,-0.137922,-0.222979
85.000000,457.028015,-0.098382,-0.201691
86.000000,457.028015,-0.056818,-0.172265
87.000000,457.028015,-0.014085,-0.158210
88.000000,457.028015,0.028939,-0.133204
89.000000,457.028015,0.071366,-0.093908
90.000000,457.028015,0.112325,-0.072563
91.000000,457.028015,0.150974,-0.032690
92.000000,457.028015,0.186512,-0.003951
93.000000,457.028015,0.218213,0.025949
94.000000,457.028015,0.245427,0.070533
95.000000,457.028015,0.267586,0.086579
96.000000,457.028015,0.284237,0.122029
97.000000,457.028015,0.295044,0.157601
98.000000,457.028015,0.299776,0.173227
99.000000,457.028015,0.298336,0.202238
100.000000,457.028015,0.290760,0.222367
101.000000,457.028015,0.277203,0.220124
102.000000,457.028015,0.257934,0.232976
103.000000,457.028015,0.233360,0.240239
104.000000,457.028015,0.203987,0.227271
105.000000,457.028015,0.170411,0.222967
106.000000,457.028015,0.133329,0.216227
107.000000,457.028015,0.093505,0.191238
108.000000,457.028015,0.051756,0.178634
109.000000,457.028015,0.008941,0.146196
110.000000,457.028015,-0.034057,0.122317
111.000000,457.028015,-0.076355,0.100270
112.000000,457.028015,-0.117080,0.058270
113.000000,457.028015,-0.155397,0.031376
114.000000,457.028015,-0.190518,0.009899
115.000000,457.028015,-0.221714,-0.038244
116.000000,457.028015,-0.248347,-0.084011
117.000000,457.028015,-0.269874,-0.091051
118.000000,457.028015,-0.285845,-0.133472
119.000000,457.028015,-0.295929,-0.153793
120.000000,457.028015,-0.299928,-0.168690
121.000000,457.028015,-0.297757,-0.203675
122.000000,457.028015,-0.289450,-0.213986
123.000000,457.028015,-0.275190,-0.224731
124.000000,457.028015,-0.255271,-0.237279
125.000000,457.028015,-0.230093,-0.232296
126.000000,457.028015,-0.200180,-0.238293
127.000000,457.028015,-0.166151,-0.225560
128.000000,457.028015,-0.128701,-0.207283
129.000000,457.028015,-0.088601,-0.201386
130.000000,457.028015,-0.046679,-0.172659
131.000000,457.028015,-0.003796,-0.143237
132.000000,457.028015,0.039165,-0.125179
133.000000,457.028015,0.081320,-0.093023
134.000000,457.028015,0.121803,-0.053591
135.000000,457.028015,0.159777,-0.029808
136.000000,457.028015,0.194462,0.007779
137.000000,457.028015,0.225149,0.045644
138.000000,457.028015,0.251201,0.064987
139.000000,457.028015,0.272080,0.098856
140.000000,457.028015,0.287363,0.132161
141.000000,457.028015,0.296735,0.156064
142.000000,457.028015,0.299993,0.183637
143.000000,457.028015,0.297080,0.194810
144.000000,457.028015,0.288058,0.216684
145.000000,457.028015,0.273102,0.233669
146.000000,457.028015,0.252526,0.225846
147.000000,457.028015,0.226757,0.231263
148.000000,457.028015,0.196319,0.238526
149.000000,457.028015,0.161840,0.217549
150.000000,457.028015,0.124032,0.213673
151.000000,457.028015,0.083672,0.199919
152.000000,457.028015,0.041588,0.163075
153.000000,457.028015,-0.001351,0.144898
154.000000,457.028015,-0.044263,0.125283
155.000000,457.028015,-0.086262,0.084575
156.000000,457.028015,-0.126487,0.056246
157.000000,457.028015,-0.164110,0.019352
158.000000,457.028015,-0.198355,-0.015229
159.000000,457.028015,-0.228515,-0.037415
160.000000,457.028015,-0.253976,-0.082427
161.000000,457.028015,-0.274212,-0.110889
162.000000,457.028015,-0.288798,-0.130364
163.000000,457.028015,-0.297444,-0.167212
164.000000,457.028015,-0.299973,-0.182241
165.000000,457.028015,-0.296322,-0.192281
166.000000,457.028015,-0.286574,-0.221548
167.000000,457.028015,-0.270933,-0.230570
168.000000,457.028015,-0.249713,-0.225454
169.000000,457.028015,-0.223352,-0.237561
170.000000,457.028015,-0.192398,-0.233005
171.000000,457.028015,-0.157485,-0.214159
172.000000,457.028015,-0.119327,-0.212542
173.000000,457.028015,-0.078716,-0.197546
174.000000,457.028015,-0.036485,-0.166675
175.000000,457.028015,0.006497,-0.144771
176.000000,457.028015,0.049346,-0.113622
177.000000,457.028015,0.091179,-0.091300
178.000000,457.028015,0.131136,-0.056268
179.000000,457.028015,0.168392,0.000188
180.000000,457.028015,0.202185,0.007941
181.000000,457.028015,0.231820,0.042810
182.000000,457.028015,0.256677,0.084675
183.000000,457.028015,0.276255,0.101019
184.000000,457.028015,0.290152,0.134318
185.000000,457.028015,0.298071,0.169463
186.000000,457.028015,0.299857,0.181520
187.000000,457.028015,0.295476,0.203521
188.000000,457.028015,0.285013,0.226085
189.000000,457.028015,0.268680,0.221552
190.000000,457.028015,0.246823,0.229829
191.000000,457.028015,0.219887,0.234394
192.000000,457.028015,0.188420,0.228699
193.000000,457.028015,0.153079,0.227390
194.000000,457.028015,0.114589,0.200244
195.000000,457.028015,0.073738,0.184227
196.000000,457.028015,0.031371,0.170043
197.000000,457.028015,-0.011642,0.134765
198.000000,457.028015,-0.054416,0.114017
199.000000,457.028015,-0.096068,0.087965
200.000000,457.028015,-0.135745,0.042684
201.000000,457.028015,-0.172630,0.015929
202.000000,457.028015,-0.205957,-0.012983
203.000000,457.028015,-0.235049,-0.055115
204.000000,457.028015,-0.259306,-0.086446
205.000000,457.028015,-0.278222,-0.105633
206.000000,457.028015,-0.291413,-0.146484
207.000000,457.028015,-0.298610,-0.168663
208.000000,457.028015,-0.299660,-0.188411
209.000000,457.028015,-0.294540,-0.211256
210.000000,457.028015,-0.283363,-0.216567
211.000000,457.028015,-0.266356,-0.233429
212.000000,457.028015,-0.243860,-0.239857
213.000000,457.028015,-0.216350,-0.230305
214.000000,457.028015,-0.184390,-0.237561
215.000000,457.028015,-0.148631,-0.220560
216.000000,457.028015,-0.109814,-0.196426
217.000000,457.028015,-0.068739,-0.188948
0.000000,477.307007,0.022086,-0.141342
1.000000,477.307007,0.066532,-0.103049
2.000000,477.307007,0.109485,-0.080280
3.000000,477.307007,0.149982,-0.039970
4.000000,477.307007,0.187113,0.000032
5.000000,477.307007,0.220045,0.025097
6.000000,477.307007,0.248035,0.064258
7.000000,477.307007,0.270460,0.098972
8.000000,477.307007,0.286817,0.115747
9.000000,477.307007,0.296740,0.149189
10.000000,477.307007,0.299996,0.187481
11.000000,477.307007,0.296520,0.193385
12.000000,477.307007,0.286392,0.212384
13.000000,477.307007,0.269838,0.228951
14.000000,477.307007,0.247227,0.230272
15.000000,477.307007,0.219064,0.237400
16.000000,477.307007,0.185986,0.225978
17.000000,477.307007,0.148736,0.218401
18.000000,477.307007,0.108148,0.218805
19.000000,477.307007,0.065130,0.180807
20.000000,477.307007,0.020652,0.157631
21.000000,477.307007,-0.024289,0.141585
22.000000,477.307007,-0.068686,0.100018
23.000000,477.307007,-0.111542,0.071550
24.000000,477.307007,-0.151892,0.049500
25.000000,477.307007,-0.188834,0.003077
26.000000,477.307007,-0.221539,-0.035116
27.000000,477.307007,-0.249274,-0.057020
28.000000,477.307007,-0.271412,-0.098156
29.000000,477.307007,-0.287456,-0.123052
30.000000,477.307007,-0.297052,-0.147236
31.000000,477.307007,-0.299982,-0.187950
32.000000,477.307007,-0.296181,-0.194547
33.000000,477.307007,-0.285727,-0.212840
34.000000,477.307007,-0.268862,-0.228131
35.000000,477.307007,-0.245965,-0.225583
36.000000,477.307007,-0.217549,-0.235560
37.000000,477.307007,-0.184249,-0.232713
38.000000,477.307007,-0.146812,-0.214298
39.000000,477.307007,-0.106081,-0.208967
40.000000,477.307007,-0.062971,-0.183530
41.000000,477.307007,-0.018447,-0.150390
42.000000,477.307007,0.026492,-0.136189
43.000000,477.307007,0.070835,-0.106323
44.000000,477.307007,0.113589,-0.062739
45.000000,477.307007,0.153795,-0.040391
46.000000,477.307007,0.190549,-0.006664
47.000000,477.307007,0.223024,0.038937
48.000000,477.307007,0.250494,0.061554
49.000000,477.307007,0.272345,0.099134
50.000000,477.307007,0.288085,0.123464
51.000000,477.307007,0.297355,0.153486
52.000000,477.307007,0.299951,0.183197
53.000000,477.307007,0.295817,0.193246
54.000000,477.307007,0.285046,0.208673
55.000000,477.307007,0.267878,0.233235
56.000000,477.307007,0.244693,0.227416
57.000000,477.307007,0.216019,0.232549
58.000000,477.307007,0.182498,0.238381
59.000000,477.307007,0.144882,0.218980
60.000000,477.307007,0.104012,0.206095
61.000000,477.307007,0.060807,0.184045
62.000000,477.307007,0.016239,0.155209
63.000000,477.307007,-0.028693,0.133314
64.000000,477.307007,-0.072983,0.101987
65.000000,477.307007,-0.115633,0.069990
66.000000,477.307007,-0.155688,0.037227
67.000000,477.307007,-0.192249,-0.003371
68.000000,477.307007,-0.224498,-0.040109
69.000000,477.307007,-0.251707,-0.062298
70.000000,477.307007,-0.273264,-0.103871
71.000000,477.307007,-0.288690,-0.129765
72.000000,477.307007,-0.297639,-0.146951
73.000000,477.307007,-0.299910,-0.183371
74.000000,477.307007,-0.295443,-0.194537
75.000000,477.307007,-0.284347,-0.198288
76.000000,477.307007,-0.266872,-0.231127
77.000000,477.307007,-0.243409,-0.233002
78.000000,477.307007,-0.214482,-0.226454
79.000000,477.307007,-0.180738,-0.234417
80.000000,477.307007,-0.142940,-0.220278
81.000000,477.307007,-0.101935,-0.195713
82.000000,477.307007,-0.058642,-0.190522
83.000000,477.307007,-0.014032,-0.159369
84.000000,477.307007,0.030893,-0.126935
85.000000,477.307007,0.075124,-0.104020
86.000000,477.307007,0.117670,-0.066864
87.000000,477.307007,0.157575,-0.042551
88.000000,477.307007,0.193941,-0.002934
89.000000,477.307007,0.225956,0.040365
90.000000,477.307007,0.252901,0.063559
91.000000,477.307007,0.274172,0.097149
92.000000,477.307007,0.289285,0.136439
93.000000,477.307007,0.297906,0.147061
94.000000,477.307007,0.299842,0.180218
95.000000,477.307007,0.295052,0.206781
96.000000,477.307007,0.283639,0.215263
97.000000,477.307007,0.265856,0.229686
98.000000,477.307007,0.242108,0.244099
99.000000,477.307007,0.212928,0.230703
100.000000,477.307007,0.178971,0.228685
101.000000,477.307007,0.140994,0.221373
102.000000,477.307007,0.099853,0.196675
103.000000,477.307007,0.056472,0.183498
104.000000,477.307007,0.011823,0.156339
105.000000,477.307007,-0.033091,0.125177
106.000000,477.307007,-0.077262,0.098273
107.000000,477.307007,-0.119699,0.053267
108.000000,477.307007,-0.159450,0.031376
109.000000,477.307007,-0.195624,0.009611
110.000000,477.307007,-0.227406,-0.040818
111.000000,477.307007,-0.254082,-0.068286
112.000000,477.307007,-0.275058,-0.092337
113.000000,477.307007,-0.289862,-0.136759
114.000000,477.307007,-0.298163,-0.157938
115.000000,477.307007,-0.299766,-0.175982
116.000000,477.307007,-0.294642,-0.206823
117.000000,477.307007,-0.282908,-0.215991
118.000000,477.307007,-0.264826,-0.226587
119.000000,477.307007,-0.240799,-0.236136
120.000000,477.307007,-0.211365,-0.229151
121.000000,477.307007,-0.177190,-0.241143
122.000000,477.307007,-0.139038,-0.221127
123.000000,477.307007,-0.097767,-0.197131
124.000000,477.307007,-0.054300,-0.185800
125.000000,477.307007,-0.009614,-0.156788
126.000000,477.307007,0.035287,-0.119930
127.000000,477.307007,0.079396,-0.103159
128.000000,477.307007,0.121724,-0.066285
129.000000,477.307007,0.161318,-0.020418
130.000000,477.307007,0.197292,0.000502
131.000000,477.307007,0.228840,0.038805
132.000000,477.307007,0.255254,0.078240
133.000000,477.307007,0.275935,0.100446
134.000000,477.307007,0.290423,0.133029
135.000000,477.307007,0.298394,0.161607
136.000000,477.307007,0.299671,0.180801
137.000000,477.307007,0.294223,0.208520
138.000000,477.307007,0.282165,0.207533
139.000000,477.307007,0.263778,0.224550
140.000000,477.307007,0.239472,0.241253
141.000000,477.307007,0.209793,0.225846
142.000000,477.307007,0.175403,0.222688
143.000000,477.307007,0.137075,0.222798
144.000000,477.307007,0.095673,0.196960
145.000000,477.307007,0.052124,0.178502
146.000000,477.307007,0.007405,0.162743
147.000000,477.307007,-0.037481,0.122609
148.000000,477.307007,-0.081525,0.097712
149.000000,477.307007,-0.123740,0.067946
150.000000,477.307007,-0.163179,0.023378
151.000000,477.307007,-0.198955,-0.004521
152.000000,477.307007,-0.230263,-0.038280
153.000000,477.307007,-0.256405,-0.066980
154.000000,477.307007,-0.276794,-0.105614
155.000000,477.307007,-0.290973,-0.144062
156.000000,477.307007,-0.298616,-0.167653
157.000000,477.307007,-0.299558,-0.180263
158.000000,477.307007,-0.293779,-0.210107
159.000000,477.307007,-0.281408,-0.219845
160.000000,477.307007,-0.262721,-0.220590
161.000000,477.307007,-0.238134,-0.235990
162.000000,477.307007,-0.208205,-0.231000
163.000000,477.307007,-0.173604,-0.219019
164.000000,477.307007,-0.135107,-0.221405
165.000000,477.307007,-0.093576,-0.200548
166.000000,477.307007,-0.049946,-0.166973
167.000000,477.307007,-0.005195,-0.159638
168.000000,477.307007,0.039673,-0.126054
169.000000,477.307007,0.083651,-0.093901
170.000000,477.307007,0.125750,-0.063415
171.000000,477.307007,0.165027,-0.026402
172.000000,477.307007,0.200602,0.000204
173.000000,477.307007,0.231676,0.037529
174.000000,477.307007,0.257548,0.082683
175.000000,477.307007,0.277638,0.098448
176.000000,477.307007,0.291499,0.133178
177.000000,477.307007,0.298819,0.186623
178.000000,477.307007,0.299436,0.178087
179.000000,477.307007,0.293324,0.186507
180.000000,477.307007,0.280632,0.222367
181.000000,477.307007,0.261644,0.224557
182.000000,477.307007,0.236785,0.233546
183.000000,477.307007,0.206610,0.239384
184.000000,477.307007,0.171796,0.223125
185.000000,477.307007,0.133128,0.216101
186.000000,477.307007,0.091473,0.191791
187.000000,477.307007,0.047765,0.174221
188.000000,477.307007,0.002984,0.159327
189.000000,477.307007,-0.041863,0.118891
190.000000,477.307007,-0.085771,0.089287
191.000000,477.307007,-0.127755,0.066521
192.000000,477.307007,-0.166871,0.018809
193.000000,477.307007,-0.202240,-0.004799
194.000000,477.307007,-0.233071,-0.033141
195.000000,477.307007,-0.258673,-0.080711
196.000000,477.307007,-0.278471,-0.109179
197.000000,477.307007,-0.292015,-0.129228
198.000000,477.307007,-0.299005,-0.271022
199.000000,477.307007,-0.299287,-0.187536
200.000000,477.307007,-0.292853,-0.177553
201.000000,477.307007,-0.279848,-0.205965
202.000000,477.307007,-0.260556,-0.215133
203.000000,477.307007,-0.235419,-0.224579
204.000000,477.307007,-0.205000,-0.226700
205.000000,477.307007,-0.169981,-0.225434
206.000000,477.307007,-0.131145,-0.217267
207.000000,477.307007,-0.089365,-0.198109
208.000000,477.307007,-0.045581,-0.166682
0.000000,498.487000,0.018449,-0.142352
1.000000,498.487000,0.064923,-0.102635
2.000000,498.487000,0.109808,-0.083713
3.000000,498.487000,0.152006,-0.044125
4.000000,498.487000,0.190486,-0.001114
5.000000,498.487000,0.224300,0.022950
6.000000,498.487000,0.252625,0.061395
7.000000,498.487000,0.274768,0.093700
8.000000,498.487000,0.290189,0.120462
9.000000,498.487000,0.298504,0.158615
10.000000,498.487000,0.299511,0.174936
11.000000,498.487000,0.293191,0.202099
12.000000,498.487000,0.279697,0.224090
13.000000,498.487000,0.259356,0.220985
14.000000,498.487000,0.232663,0.229262
15.000000,498.487000,0.200279,0.240670
16.000000,498.487000,0.162995,0.222698
17.000000,498.487000,0.121721,0.211675
18.000000,498.487000,0.077465,0.201062
19.000000,498.487000,0.031315,0.165503
20.000000,498.487000,-0.015601,0.145183
21.000000,498.487000,-0.062137,0.120565
22.000000,498.487000,-0.107150,0.084005
23.000000,498.487000,-0.149540,0.049812
24.000000,498.487000,-0.188272,0.007056
25.000000,498.487000,-0.222398,-0.027240
26.000000,498.487000,-0.251077,-0.048995
27.000000,498.487000,-0.273610,-0.099729
28.000000,498.487000,-0.289449,-0.127475
29.000000,498.487000,-0.298207,-0.152093
30.000000,498.487000,-0.299662,-0.180081
31.000000,498.487000,-0.293781,-0.198400
32.000000,498.487000,-0.280713,-0.209010
33.000000,498.487000,-0.260777,-0.227124
34.000000,498.487000,-0.234456,-0.238724
35.000000,498.487000,-0.202394,-0.219450
36.000000,498.487000,-0.165381,-0.230699
37.000000,498.487000,-0.124321,-0.211558
38.000000,498.487000,-0.080218,-0.192423
39.000000,498.487000,-0.034150,-0.174796
40.000000,498.487000,0.012752,-0.143359
41.000000,498.487000,0.059343,-0.119908
42.000000,498.487000,0.104482,-0.083577
43.000000,498.487000,0.147062,-0.044423
44.000000,498.487000,0.186042,-0.019514
45.000000,498.487000,0.220471,0.021512
46.000000,498.487000,0.249507,0.066521
47.000000,498.487000,0.272430,0.086295
48.000000,498.487000,0.288686,0.128603
49.000000,498.487000,0.297879,0.155739
50.000000,498.487000,0.299784,0.172084
51.000000,498.487000,0.294348,0.199091
52.000000,498.487000,0.281706,0.220078
53.000000,498.487000,0.262172,0.221267
54.000000,498.487000,0.236224,0.232403
55.000000,498.487000,0.204492,0.237522
56.000000,498.487000,0.167753,0.221552
57.000000,498.487000,0.126910,0.217102
58.000000,498.487000,0.082962,0.199644
59.000000,498.487000,0.036983,0.170364
60.000000,498.487000,-0.009902,0.150325
61.000000,498.487000,-0.056544,0.112874
62.000000,498.487000,-0.101803,0.084857
63.000000,498.487000,-0.144571,0.062667
64.000000,498.487000,-0.183798,0.010085
65.000000,498.487000,-0.218527,-0.023529
66.000000,498.487000,-0.247909,-0.047580
67.000000,498.487000,-0.271226,-0.094438
68.000000,498.487000,-0.287899,-0.118615
69.000000,498.487000,-0.297527,-0.142524
70.000000,498.487000,-0.299875,-0.184372
71.000000,498.487000,-0.294887,-0.197973
72.000000,498.487000,-0.282676,-0.205150
73.000000,498.487000,-0.263547,-0.225126
74.000000,498.487000,-0.237969,-0.228433
75.000000,498.487000,-0.206569,-0.232584
76.000000,498.487000,-0.170111,-0.229274
77.000000,498.487000,-0.129489,-0.213138
78.000000,498.487000,-0.085698,-0.200819
79.000000,498.487000,-0.039811,-0.176804
80.000000,498.487000,0.007051,-0.143949
81.000000,498.487000,0.053741,-0.125176
82.000000,498.487000,0.099115,-0.089017
83.000000,498.487000,0.142064,-0.043721
84.000000,498.487000,0.181537,-0.022519
85.000000,498.487000,0.216564,0.017642
86.000000,498.487000,0.246291,0.059652
87.000000,498.487000,0.269992,0.084860
88.000000,498.487000,0.287088,0.120160
89.000000,498.487000,0.297150,0.149742
90.000000,498.487000,0.299942,0.170507
91.000000,498.487000,0.295395,0.198365
92.000000,498.487000,0.283620,0.207824
93.000000,498.487000,0.264899,0.221118
94.000000,498.487000,0.239695,0.230670
95.000000,498.487000,0.208626,0.224272
96.000000,498.487000,0.172453,0.224690
97.000000,498.487000,0.132056,0.224372
98.000000,498.487000,0.088428,0.194101
99.000000,498.487000,0.042636,0.181503
100.000000,498.487000,-0.004200,0.160885
101.000000,498.487000,-0.050933,0.117463
102.000000,498.487000,-0.096419,0.086417
103.000000,498.487000,-0.139545,0.061511
104.000000,498.487000,-0.179257,0.013799
105.000000,498.487000,-0.214583,-0.015100
106.000000,498.487000,-0.244652,-0.042717
107.000000,498.487000,-0.268735,-0.090008
108.000000,498.487000,-0.286244,-0.113476
109.000000,498.487000,-0.296749,-0.153213
110.000000,498.487000,-0.299983,-0.178660
111.000000,498.487000,-0.295878,-0.180687
112.000000,498.487000,-0.284534,-0.215683
113.000000,498.487000,-0.266228,-0.222846
114.000000,498.487000,-0.241400,-0.223449
115.000000,498.487000,-0.210666,-0.235275
116.000000,498.487000,-0.174777,-0.227568
117.000000,498.487000,-0.134612,-0.211442
118.000000,498.487000,-0.091150,-0.204391
119.000000,498.487000,-0.045457,-0.177242
120.000000,498.487000,0.001348,-0.146242
121.000000,498.487000,0.048120,-0.126753
122.000000,498.487000,0.093715,-0.098599
123.000000,498.487000,0.137014,-0.054012
124.000000,498.487000,0.176961,-0.029381
125.000000,498.487000,0.212578,0.018066
126.000000,498.487000,0.242993,0.048099
127.000000,498.487000,0.267456,0.080281
128.000000,498.487000,0.285376,0.119004
129.000000,498.487000,0.296313,0.138768
130.000000,498.487000,0.300000,0.168353
131.000000,498.487000,0.296337,0.195347
132.000000,498.487000,0.285424,0.205969
133.000000,498.487000,0.267527,0.222397
134.000000,498.487000,0.243085,0.272405
135.000000,498.487000,0.212688,0.226416
136.000000,498.487000,0.177087,0.217105
137.000000,498.487000,0.137153,0.213646
138.000000,498.487000,0.093863,0.190526
139.000000,498.487000,0.048274,0.174496
140.000000,498.487000,0.001504,0.154460
141.000000,498.487000,-0.045302,0.127327
142.000000,498.487000,-0.091001,0.095277
143.000000,498.487000,-0.134472,0.052247
144.000000,498.487000,-0.174650,0.017656
145.000000,498.487000,-0.210555,-0.010680
146.000000,498.487000,-0.241308,-0.052256
147.000000,498.487000,-0.266155,-0.083869
148.000000,498.487000,-0.284484,-0.107204
149.000000,498.487000,-0.295852,-0.146053
150.000000,498.487000,-0.299982,-0.169661
151.000000,498.487000,-0.296771,-0.182274
152.000000,498.487000,-0.286290,-0.208967
153.000000,498.487000,-0.268805,-0.223996
154.000000,498.487000,-0.244743,-0.225881
155.000000,498.487000,-0.214692,-0.234847
156.000000,498.487000,-0.179382,-0.224854
157.000000,498.487000,-0.139683,-0.218145
158.000000,498.487000,-0.096567,-0.204394
159.000000,498.487000,-0.051087,-0.176393
160.000000,498.487000,-0.004356,-0.166218
161.000000,498.487000,0.042481,-0.131193
162.000000,498.487000,0.088278,-0.086754
163.000000,498.487000,0.131917,-0.065267
164.000000,498.487000,0.172325,-0.026104
165.000000,498.487000,0.208514,0.013471
166.000000,498.487000,0.239601,0.050832
167.000000,498.487000,0.264826,0.074267
168.000000,498.487000,0.283569,0.114558
169.000000,498.487000,0.295367,0.130190
170.000000,498.487000,0.299939,0.167203
171.000000,498.487000,0.297172,0.188336
172.000000,498.487000,0.287132,0.206396
173.000000,498.487000,0.270060,0.225968
174.000000,498.487000,0.246380,0.229527
175.000000,498.487000,0.216672,0.225412
176.000000,498.487000,0.181662,0.228394
177.000000,498.487000,0.142201,0.216393
178.000000,498.487000,0.099262,0.203388
179.000000,498.487000,0.053895,0.190208
180.000000,498.487000,0.007208,0.149493
181.000000,498.487000,-0.039656,0.124885
182.000000,498.487000,-0.085549,0.102265
183.000000,498.487000,-0.129348,0.058983
184.000000,498.487000,-0.169983,0.030657
185.000000,498.487000,-0.206456,0.000171
186.000000,498.487000,-0.237874,-0.048681
187.000000,498.487000,-0.263472,-0.072434
188.000000,498.487000,-0.282624,-0.101200
189.000000,498.487000,-0.294857,-0.143482
190.000000,498.487000,-0.299871,-0.160228
191.000000,498.487000,-0.297547,-0.191121
192.000000,498.487000,-0.287944,-0.210829
193.000000,498.487000,-0.271292,-0.218572
194.000000,498.487000,-0.247996,-0.235851
195.000000,498.487000,-0.218634,-0.238287
196.000000,498.487000,-0.183921,-0.224447
197.000000,498.487000,-0.144708,-0.225693
198.000000,498.487000,-0.101950,-0.206406
199.000000,498.487000,-0.056697,-0.178411
0.000000,520.606018,0.044786,-0.133197
1.000000,520.606018,0.092487,-0.090047
2.000000,520.606018,0.137722,-0.065698
3.000000,520.606018,0.179279,-0.025106
4.000000,520.606018,0.216050,0.021045
5.000000,520.606018,0.247058,0.042969
6.000000,520.606018,0.271470,0.083130
7.000000,520.606018,0.288634,0.123852
8.000000,520.606018,0.298100,0.142913
9.000000,520.606018,0.299606,0.173780
10.000000,520.606018,0.293114,0.196208
11.000000,520.606018,0.278803,0.210541
12.000000,520.606018,0.257049,0.225534
13.000000,520.606018,0.228432,0.218252
14.000000,520.606018,0.193721,0.228268
15.000000,520.606018,0.153839,0.226240
16.000000,520.606018,0.109850,0.206400
17.000000,520.606018,0.062930,0.190516
18.000000,520.606018,0.014330,0.176902
19.000000,520.606018,-0.034652,0.131475
20.000000,520.606018,-0.082710,0.103150
21.000000,520.606018,-0.128561,0.077240
22.000000,520.606018,-0.170977,0.028099
23.000000,520.606018,-0.208833,-0.008092
24.000000,520.606018,-0.241117,-0.032571
25.000000,520.606018,-0.266960,-0.078282
26.000000,520.606018,-0.285682,-0.110040
27.000000,520.606018,-0.296781,-0.135795
28.000000,520.606018,-0.299952,-0.169932
29.000000,520.606018,-0.295121,-0.183394
30.000000,520.606018,-0.282417,-0.206117
31.000000,520.606018,-0.262168,-0.225845
32.000000,520.606018,-0.234926,-0.223728
33.000000,520.606018,-0.201416,-0.233843
34.000000,520.606018,-0.162524,-0.224993
35.000000,520.606018,-0.119298,-0.204576
36.000000,520.606018,-0.072889,-0.197098
37.000000,520.606018,-0.024532,-0.171377
38.000000,520.606018,0.024478,-0.133803
39.000000,520.606018,0.072837,-0.113026
40.000000,520.606018,0.119249,-0.081586
41.000000,520.606018,0.162479,-0.039575
42.000000,520.606018,0.201376,-0.005647
43.000000,520.606018,0.234892,0.038089
44.000000,520.606018,0.262142,0.087126
45.000000,520.606018,0.282399,0.100303
46.000000,520.606018,0.295112,0.135309
47.000000,520.606018,0.299951,0.155772
48.000000,520.606018,0.296788,0.184227
49.000000,520.606018,0.285698,0.208792
50.000000,520.606018,0.266984,0.211834
51.000000,520.606018,0.241149,0.223401
52.000000,520.606018,0.208872,0.235809
53.000000,520.606018,0.171022,0.220409
54.000000,520.606018,0.128609,0.214388
55.000000,520.606018,0.082762,0.204064
56.000000,520.606018,0.034706,0.169509
57.000000,520.606018,-0.014276,0.151475
58.000000,520.606018,-0.062877,0.123709
59.000000,520.606018,-0.109799,0.079857
60.000000,520.606018,-0.153793,0.049242
61.000000,520.606018,-0.193680,0.014051
62.000000,520.606018,-0.228397,-0.035100
63.000000,520.606018,-0.257021,-0.058429
64.000000,520.606018,-0.278783,-0.095876
65.000000,520.606018,-0.293102,-0.130047
66.000000,520.606018,-0.299603,-0.150234
67.000000,520.606018,-0.298106,-0.189375
68.000000,520.606018,-0.288649,-0.204259
69.000000,520.606018,-0.271493,-0.207578
70.000000,520.606018,-0.247089,-0.227840
71.000000,520.606018,-0.216087,-0.227568
72.000000,520.606018,-0.179322,-0.218877
73.000000,520.606018,-0.137770,-0.221120
74.000000,520.606018,-0.092539,-0.197688
75.000000,520.606018,-0.044839,-0.168405
76.000000,520.606018,0.004057,-0.157637
77.000000,520.606018,0.052845,-0.125769
78.000000,520.606018,0.100223,-0.087039
79.000000,520.606018,0.144927,-0.063554
80.000000,520.606018,0.185760,-0.018108
81.000000,520.606018,0.221637,0.010214
82.000000,520.606018,0.251601,0.050683
83.000000,520.606018,0.274844,0.090122
84.000000,520.606018,0.290755,0.116893
85.000000,520.606018,0.298908,0.157631
86.000000,520.606018,0.299076,0.186769
87.000000,520.606018,0.291267,0.194816
88.000000,520.606018,0.275687,0.212387
89.000000,520.606018,0.252741,0.230087
90.000000,520.606018,0.223053,0.223841
91.000000,520.606018,0.187415,0.228685
92.000000,520.606018,0.146769,0.227085
93.000000,520.606018,0.102209,0.196960
94.000000,520.606018,0.054921,0.183359
95.000000,520.606018,0.006166,0.162753
96.000000,520.606018,-0.042752,0.129471
97.000000,520.606018,-0.090531,0.099422
98.000000,520.606018,-0.135891,0.050968
99.000000,520.606018,-0.177626,0.023086
100.000000,520.606018,-0.214622,0.000897
101.000000,520.606018,-0.245885,-0.050394
102.000000,520.606018,-0.270587,-0.083010
103.000000,520.606018,-0.288072,-0.106919
104.000000,520.606018,-0.297861,-0.149628
105.000000,520.606018,-0.299702,-0.171519
106.000000,520.606018,-0.293549,-0.185419
107.000000,520.606018,-0.279554,-0.210537
108.000000,520.606018,-0.258100,-0.220994
109.000000,520.606018,-0.229762,-0.221594
110.000000,520.606018,-0.195286,-0.232846
111.000000,520.606018,-0.155599,-0.220567
112.000000,520.606018,-0.111761,-0.209861
113.000000,520.606018,-0.064938,-0.198245
114.000000,520.606018,-0.016383,-0.166238
115.000000,520.606018,0.032610,-0.141633
116.000000,520.606018,0.080732,-0.107314
117.000000,520.606018,0.126699,-0.068733
118.000000,520.606018,0.169286,-0.041816
119.000000,520.606018,0.207353,0.001636
120.000000,520.606018,0.239885,0.047502
121.000000,520.606018,0.266018,0.073711
122.000000,520.606018,0.285049,0.108726
123.000000,520.606018,0.296469,0.144298
124.000000,520.606018,0.299981,0.162359
125.000000,520.606018,0.295485,0.188077
126.000000,520.606018,0.283100,0.212215
127.000000,520.606018,0.263163,0.215833
128.000000,520.606018,0.236200,0.223252
129.000000,520.606018,0.202931,0.227380
130.000000,520.606018,0.164249,0.224696
131.000000,520.606018,0.121183,0.213809
132.000000,520.606018,0.074880,0.191092
133.000000,520.606018,0.026580,0.166070
134.000000,520.606018,-0.022429,0.148599
135.000000,520.606018,-0.070840,0.108315
136.000000,520.606018,-0.117360,0.078846
137.000000,520.606018,-0.160749,0.053221
138.000000,520.606018,-0.199844,-0.000783
139.000000,520.606018,-0.233608,-0.027535
140.000000,520.606018,-0.261139,-0.057878
141.000000,520.606018,-0.281695,-0.104444
142.000000,520.606018,-0.294736,-0.135633
143.000000,520.606018,-0.299913,-0.158110
144.000000,520.606018,-0.297078,-0.191237
145.000000,520.606018,-0.286318,-0.205123
146.000000,520.606018,-0.267920,-0.213294
147.000000,520.606018,-0.242363,-0.231988
148.000000,520.606018,-0.210342,-0.228148
149.000000,520.606018,-0.172710,-0.223572
150.000000,520.606018,-0.130462,-0.216836
151.000000,520.606018,-0.084735,-0.197698
152.000000,520.606018,-0.036747,-0.183945
153.000000,520.606018,0.012222,-0.157073
154.000000,520.606018,0.060865,-0.116783
155.000000,520.606018,0.107886,-0.086860
156.000000,520.606018,0.152023,-0.050556
157.000000,520.606018,0.192105,-0.004689
158.000000,520.606018,0.227062,0.019090
159.000000,520.606018,0.255953,0.062826
160.000000,520.606018,0.278015,0.105979
161.000000,520.606018,0.292662,0.122324
162.000000,520.606018,0.299490,0.153618
163.000000,520.606018,0.298327,0.181053
164.000000,520.606018,0.289206,0.200104
165.000000,520.606018,0.272360,0.217241
166.000000,520.606018,0.248247,0.220541
167.000000,520.606018,0.217511,0.225551
168.000000,520.606018,0.180966,0.235677
169.000000,520.606018,0.139591,0.210690
170.000000,520.606018,0.094493,0.198809
171.000000,520.606018,0.046871,0.186195
172.000000,520.606018,-0.002002,0.151922
173.000000,520.606018,-0.050821,0.121880
174.000000,520.606018,-0.098283,0.096971
175.000000,520.606018,-0.143122,0.051548
176.000000,520.606018,-0.184143,0.020217
177.000000,520.606018,-0.220248,-0.012125
178.000000,520.606018,-0.250472,-0.055261
179.000000,520.606018,-0.274015,-0.088593
180.000000,520.606018,-0.290243,-0.118493
181.000000,520.606018,-0.298722,-0.177507
182.000000,520.606018,-0.299232,-0.172387
183.000000,520.606018,-0.291754,-0.195677
184.000000,520.606018,-0.276486,-0.208404
185.000000,520.606018,-0.253843,-0.216007
186.000000,520.606018,-0.224424,-0.231696
187.000000,520.606018,-0.189012,-0.226564
188.000000,520.606018,-0.148559,-0.210295
189.000000,520.606018,-0.104140,-0.207251
190.000000,520.606018,-0.056940,-0.188106
191.000000,520.606018,-0.008221,-0.155251
0.000000,543.706970,0.003966,-0.159638
1.000000,543.706970,0.054898,-0.125911
2.000000,543.706970,0.104232,-0.086042
3.000000,543.706970,0.150531,-0.061265
4.000000,543.706970,0.192450,-0.016246
5.000000,543.706970,0.228766,0.020780
6.000000,543.706970,0.258425,0.055404
7.000000,543.706970,0.280562,0.094558
8.000000,543.706970,0.294534,0.120319
9.000000,543.706970,0.299933,0.155345
10.000000,543.706970,0.296603,0.185344
11.000000,543.706970,0.284641,0.197391
12.000000,543.706970,0.264394,0.216824
13.000000,543.706970,0.236452,0.233235
14.000000,543.706970,0.201626,0.223271
15.000000,543.706970,0.160931,0.222397
16.000000,543.706970,0.115553,0.217795
17.000000,543.706970,0.066812,0.187527
18.000000,543.706970,0.016127,0.168492
19.000000,543.706970,-0.035027,0.146300
20.000000,543.706970,-0.085162,0.102162
21.000000,543.706970,-0.132819,0.071262
22.000000,543.706970,-0.176609,0.043497
23.000000,543.706970,-0.215260,-0.009365
24.000000,543.706970,-0.247647,-0.045129
25.000000,543.706970,-0.272825,-0.075877
26.000000,543.706970,-0.290063,-0.114172
27.000000,543.706970,-0.298856,-0.140646
28.000000,543.706970,-0.298951,-0.176228
29.000000,543.706970,-0.290345,-0.192960
30.000000,543.706970,-0.273289,-0.203569
31.000000,543.706970,-0.248279,-0.222976
32.000000,543.706970,-0.216043,-0.228853
33.000000,543.706970,-0.177519,-0.218304
34.000000,543.706970,-0.133829,-0.218976
35.000000,543.706970,-0.086243,-0.196830
36.000000,543.706970,-0.036147,-0.166688
37.000000,543.706970,0.015001,-0.156493
38.000000,543.706970,0.065714,-0.121621
39.000000,543.706970,0.114513,-0.079180
40.000000,543.706970,0.159978,-0.050116
41.000000,543.706970,0.200788,-0.009099
42.000000,543.706970,0.235753,0.024508
43.000000,543.706970,0.263856,0.060407
44.000000,543.706970,0.284281,0.109568
45.000000,543.706970,0.296431,0.056557
46.000000,543.706970,0.299954,0.163495
47.000000,543.706970,0.294747,0.205784
48.000000,543.706970,0.280961,0.208971
49.000000,543.706970,0.258998,0.228831
50.000000,543.706970,0.229497,0.239954
51.000000,543.706970,0.193315,0.229703
52.000000,543.706970,0.151506,0.225826
53.000000,543.706970,0.105287,0.216791
54.000000,543.706970,0.056005,0.185807
55.000000,543.706970,0.005093,0.163771
56.000000,543.706970,-0.045967,0.136581
57.000000,543.706970,-0.095690,0.095870
58.000000,543.706970,-0.142627,0.063251
59.000000,543.706970,-0.185413,0.019644
60.000000,543.706970,-0.222803,-0.014944
61.000000,543.706970,-0.253709,-0.045994
62.000000,543.706970,-0.277232,-0.094580
63.000000,543.706970,-0.292684,-0.122615
64.000000,543.706970,-0.299616,-0.141948
65.000000,543.706970,-0.297827,-0.178222
66.000000,543.706970,-0.287371,-0.197970
67.000000,543.706970,-0.268550,-0.205865
68.000000,543.706970,-0.241914,-0.225838
69.000000,543.706970,-0.208237,-0.226713
70.000000,543.706970,-0.168500,-0.216017
71.000000,543.706970,-0.123858,-0.214543
72.000000,543.706970,-0.075611,-0.195687
73.000000,543.706970,-0.025164,-0.169541
74.000000,543.706970,0.026017,-0.142912
75.000000,543.706970,0.076440,-0.108473
76.000000,543.706970,0.124639,-0.086731
77.000000,543.706970,0.169209,-0.047259
78.000000,543.706970,0.208854,0.009624
79.000000,543.706970,0.242420,0.031532
80.000000,543.706970,0.268930,0.071269
81.000000,543.706970,0.287614,0.116277
82.000000,543.706970,0.297927,0.133765
83.000000,543.706970,0.299568,0.167206
84.000000,543.706970,0.292491,0.200350
85.000000,543.706970,0.276901,0.200393
86.000000,543.706970,0.253252,0.218676
87.000000,543.706970,0.222232,0.233805
88.000000,543.706970,0.184742,0.221409
89.000000,543.706970,0.141875,0.216817
90.000000,543.706970,0.094879,0.207358
91.000000,543.706970,0.045122,0.177799
92.000000,543.706970,-0.005948,0.159191
93.000000,543.706970,-0.056845,0.121595
94.000000,543.706970,-0.106087,0.088717
95.000000,543.706970,-0.152242,0.058237
96.000000,543.706970,-0.193966,0.012659
97.000000,543.706970,-0.230045,-0.023957
98.000000,543.706970,-0.259429,-0.056586
99.000000,543.706970,-0.281262,-0.101012
100.000000,543.706970,-0.294909,-0.124192
101.000000,543.706970,-0.299970,-0.148243
102.000000,543.706970,-0.296300,-0.182371
103.000000,543.706970,-0.284007,-0.200690
104.000000,543.706970,-0.263448,-0.208440
105.000000,543.706970,-0.235222,-0.229844
106.000000,543.706970,-0.200150,-0.228287
107.000000,543.706970,-0.159253,-0.216726
108.000000,543.706970,-0.113720,-0.214116
109.000000,543.706970,-0.064877,-0.187970
110.000000,543.706970,-0.014146,-0.173378
111.000000,543.706970,0.036997,-0.138340
112.000000,543.706970,0.087064,-0.097042
113.000000,543.706970,0.134596,-0.075562
114.000000,543.706970,0.178210,-0.035683
115.000000,543.706970,0.216637,0.010184
116.000000,543.706970,0.248759,0.039109
117.000000,543.706970,0.273640,0.077985
118.000000,543.706970,0.290558,0.119991
119.000000,543.706970,0.299019,0.146634
120.000000,543.706970,0.298777,0.171921
121.000000,543.706970,0.289840,0.199346
122.000000,543.706970,0.272466,0.207255
123.000000,543.706970,0.247163,0.222678
124.000000,543.706970,0.214666,0.230952
125.000000,543.706970,0.175919,0.218119
126.000000,543.706970,0.132052,0.224391
127.000000,543.706970,0.084342,0.191374
128.000000,543.706970,0.034178,0.172647
129.000000,543.706970,-0.016981,0.109419
130.000000,543.706970,-0.067646,0.113176
131.000000,543.706970,-0.116341,0.089857
132.000000,543.706970,-0.161651,0.061514
133.000000,543.706970,-0.202256,0.014233
134.000000,543.706970,-0.236975,-0.026677
135.000000,543.706970,-0.264797,-0.054018
136.000000,543.706970,-0.284912,-0.105160
137.000000,543.706970,-0.296734,-0.134775
138.000000,543.706970,-0.299917,-0.153677
139.000000,543.706970,-0.294372,-0.190094
140.000000,543.706970,-0.280259,-0.214705
141.000000,543.706970,-0.257990,-0.213579
142.000000,543.706970,-0.228211,-0.227982
143.000000,543.706970,-0.191791,-0.224430
144.000000,543.706970,-0.149789,-0.221852
145.000000,543.706970,-0.103428,-0.204968
146.000000,543.706970,-0.054056,-0.178113
147.000000,543.706970,-0.003110,-0.162640
148.000000,543.706970,0.047927,-0.132339
149.000000,543.706970,0.097569,-0.090760
150.000000,543.706970,0.144370,-0.067699
151.000000,543.706970,0.186969,-0.027966
152.000000,543.706970,0.224126,0.021619
153.000000,543.706970,0.254760,0.047973
154.000000,543.706970,0.277979,0.092709
155.000000,543.706970,0.293108,0.133434
156.000000,543.706970,0.299706,0.146773
157.000000,543.706970,0.297581,0.174065
158.000000,543.706970,0.286795,0.199929
159.000000,543.706970,0.267662,0.208540
160.000000,543.706970,0.240739,0.222675
161.000000,543.706970,0.206809,0.224401
162.000000,543.706970,0.166858,0.219975
163.000000,543.706970,0.122050,0.216373
164.000000,543.706970,0.073691,0.197533
165.000000,543.706970,0.023187,0.170354
166.000000,543.706970,-0.027991,0.143158
167.000000,543.706970,-0.078355,0.106595
168.000000,543.706970,-0.126438,0.070835
169.000000,543.706970,-0.170841,0.043782
170.000000,543.706970,-0.210272,-0.002785
171.000000,543.706970,-0.243583,-0.039118
172.000000,543.706970,-0.269806,-0.067172
173.000000,543.706970,-0.288176,-0.115027
174.000000,543.706970,-0.298157,-0.140782
175.000000,543.706970,-0.299459,-0.168252
176.000000,543.706970,-0.292045,-0.194670
177.000000,543.706970,-0.276131,-0.207701
178.000000,543.706970,-0.252181,-0.224284
179.000000,543.706970,-0.220892,-0.228559
180.000000,543.706970,-0.183173,-0.221435
181.000000,543.706970,-0.140123,-0.222121
182.000000,543.706970,-0.092995,-0.202827
0.000000,567.833008,0.047525,-0.128794
1.000000,567.833008,0.099330,-0.103878
2.000000,567.833008,0.147986,-0.064863
3.000000,567.833008,0.191940,-0.030537
4.000000,567.833008,0.229808,0.013080
5.000000,567.833008,0.260377,0.058665
6.000000,567.833008,0.282686,0.083293
7.000000,567.833008,0.296020,0.126462
8.000000,567.833008,0.299960,0.162031
9.000000,567.833008,0.294380,0.173084
10.000000,567.833008,0.279456,0.199233
11.000000,567.833008,0.255664,0.228086
12.000000,567.833008,0.223755,0.219266
13.000000,567.833008,0.184748,0.223967
14.000000,567.833008,0.139873,0.226370
15.000000,567.833008,0.090563,0.198103
16.000000,567.833008,0.038375,0.180357
17.000000,567.833008,-0.015030,0.159460
18.000000,567.833008,-0.067957,0.120319
19.000000,567.833008,-0.118728,0.090416
20.000000,567.833008,-0.165730,0.045958
21.000000,567.833008,-0.207472,0.008647
22.000000,567.833008,-0.242630,-0.022694
23.000000,567.833008,-0.270086,-0.071129
24.000000,567.833008,-0.288972,-0.106886
25.000000,567.833008,-0.298683,-0.131796
26.000000,567.833008,-0.298919,-0.166927
27.000000,567.833008,-0.289662,-0.188533
28.000000,567.833008,-0.271219,-0.204580
29.000000,567.833008,-0.244158,-0.225981
30.000000,567.833008,-0.209357,-0.220421
31.000000,567.833008,-0.167904,-0.211584
32.000000,567.833008,-0.121127,-0.213400
33.000000,567.833008,-0.070503,-0.194544
34.000000,567.833008,-0.017643,-0.166682
35.000000,567.833008,0.035778,-0.146057
36.000000,567.833008,0.088063,-0.105899
37.000000,567.833008,0.137554,-0.080008
38.000000,567.833008,0.182677,-0.032962
39.000000,567.833008,0.222006,0.014054
40.000000,567.833008,0.254283,0.039682
41.000000,567.833008,0.278497,0.080705
42.000000,567.833008,0.293863,0.124571
43.000000,567.833008,0.299912,0.145060
44.000000,567.833008,0.296432,0.176643
45.000000,567.833008,0.283552,0.205638
46.000000,567.833008,0.261666,0.207970
47.000000,567.833008,0.231480,0.223109
48.000000,567.833008,0.193945,0.230087
49.000000,567.833008,0.150255,0.219123
50.000000,567.833008,0.101796,0.205237
51.000000,567.833008,0.050106,0.187773
52.000000,567.833008,-0.003174,0.157495
53.000000,567.833008,-0.056354,0.131452
54.000000,567.833008,-0.107746,0.090851
55.000000,567.833008,-0.155715,0.055689
56.000000,567.833008,-0.198747,0.022493
57.000000,567.833008,-0.235465,-0.027664
58.000000,567.833008,-0.264716,-0.059847
59.000000,567.833008,-0.285559,-0.087042
60.000000,567.833008,-0.297344,-0.133757
61.000000,567.833008,-0.299688,-0.158650
62.000000,567.833008,-0.292522,-0.176698
63.000000,567.833008,-0.276072,-0.204676
64.000000,567.833008,-0.250859,-0.218562
65.000000,567.833008,-0.217685,-0.218304
66.000000,567.833008,-0.177600,-0.225838
67.000000,567.833008,-0.131882,-0.214417
68.000000,567.833008,-0.081974,-0.195561
69.000000,567.833008,-0.029467,-0.171364
70.000000,567.833008,0.023976,-0.146649
71.000000,567.833008,0.076659,-0.121332
72.000000,567.833008,0.126907,-0.082291
73.000000,567.833008,0.173130,-0.035706
74.000000,567.833008,0.213854,-0.011505
75.000000,567.833008,0.247794,0.033662
76.000000,567.833008,0.273868,0.083962
77.000000,567.833008,0.291250,0.105883
78.000000,567.833008,0.299389,0.145756
79.000000,567.833008,0.298023,0.173896
80.000000,567.833008,0.287203,0.178230
81.000000,567.833008,0.267261,0.209813
82.000000,567.833008,0.238844,0.226800
83.000000,567.833008,0.202839,0.221409
84.000000,567.833008,0.160403,0.227685
85.000000,567.833008,0.112871,0.209799
86.000000,567.833008,0.061759,0.186662
87.000000,567.833008,0.008686,0.168482
88.000000,567.833008,-0.044663,0.132039
89.000000,567.833008,-0.096593,0.101155
90.000000,567.833008,-0.145458,0.072959
91.000000,567.833008,-0.189707,0.023242
92.000000,567.833008,-0.227934,-0.014809
93.000000,567.833008,-0.258928,-0.042435
94.000000,567.833008,-0.281701,-0.093007
95.000000,567.833008,-0.295539,-0.125765
96.000000,567.833008,-0.299989,-0.145384
97.000000,567.833008,-0.294928,-0.189233
98.000000,567.833008,-0.280495,-0.204978
99.000000,567.833008,-0.257168,-0.202575
100.000000,567.833008,-0.225673,-0.224553
101.000000,567.833008,-0.187020,-0.220282
102.000000,567.833008,-0.142428,-0.218005
103.000000,567.833008,-0.093318,-0.208970
104.000000,567.833008,-0.041245,-0.182540
105.000000,567.833008,0.012137,-0.160791
106.000000,567.833008,0.065134,-0.129762
107.000000,567.833008,0.116063,-0.080747
108.000000,567.833008,0.163310,-0.052113
109.000000,567.833008,0.205370,-0.012807
110.000000,567.833008,0.240919,0.034918
111.000000,567.833008,0.268812,0.058840
112.000000,567.833008,0.288183,0.094286
113.000000,567.833008,0.298398,0.143297
114.000000,567.833008,0.299150,0.160358
115.000000,567.833008,0.290402,0.189651
116.000000,567.833008,0.272441,0.215505
117.000000,567.833008,0.245830,0.214401
118.000000,567.833008,0.211419,0.225680
119.000000,567.833008,0.170297,0.220097
120.000000,567.833008,0.123769,0.210111
121.000000,567.833008,0.073315,0.196934
122.000000,567.833008,0.020532,0.167362
123.000000,567.833008,-0.032902,0.145050
124.000000,567.833008,-0.085290,0.118567
125.000000,567.833008,-0.134975,0.068707
126.000000,567.833008,-0.180371,0.043244
127.000000,567.833008,-0.220048,0.009323
128.000000,567.833008,-0.252735,-0.047968
129.000000,567.833008,-0.277405,-0.076579
130.000000,567.833008,-0.293268,-0.106349
131.000000,567.833008,-0.299825,-0.154920
132.000000,567.833008,-0.296865,-0.178100
133.000000,567.833008,-0.284482,-0.194567
134.000000,567.833008,-0.263073,-0.218976
135.000000,567.833008,-0.233310,-0.220712
136.000000,567.833008,-0.196147,-0.228002
137.000000,567.833008,-0.152753,-0.224556
138.000000,567.833008,-0.104516,-0.205706
139.000000,567.833008,-0.052958,-0.194239
140.000000,567.833008,0.000279,-0.157928
141.000000,567.833008,0.053507,-0.121216
142.000000,567.833008,0.105038,-0.100442
143.000000,567.833008,0.153234,-0.061709
144.000000,567.833008,0.196567,-0.009550
145.000000,567.833008,0.233661,0.012944
146.000000,567.833008,0.263339,0.058254
147.000000,567.833008,0.284660,0.099830
148.000000,567.833008,0.296943,0.127473
149.000000,567.833008,0.299807,0.157767
150.000000,567.833008,0.293149,0.186623
151.000000,567.833008,0.277195,0.199104
152.000000,567.833008,0.252434,0.217387
153.000000,567.833008,0.219669,0.222095
154.000000,567.833008,0.179925,0.218262
155.000000,567.833008,0.134476,0.218384
156.000000,567.833008,0.084756,0.192663
157.000000,567.833008,0.032347,0.176792
158.000000,567.833008,-0.021089,0.155888
159.000000,567.833008,-0.073855,0.113461
160.000000,567.833008,-0.124278,0.083134
161.000000,567.833008,-0.170755,0.046217
162.000000,567.833008,-0.211815,-0.002785
163.000000,567.833008,-0.246149,-0.034258
164.000000,567.833008,-0.272676,-0.063170
165.000000,567.833008,-0.290541,-0.115312
166.000000,567.833008,-0.299193,-0.141640
167.000000,567.833008,-0.298340,-0.165111
168.000000,567.833008,-0.288026,-0.193812
169.000000,567.833008,-0.268565,-0.207273
170.000000,567.833008,-0.240584,-0.225994
171.000000,567.833008,-0.204964,-0.225845
172.000000,567.833008,-0.162841,-0.215004
173.000000,567.833008,-0.115549,-0.216541
174.000000,567.833008,-0.064589,-0.194107
175.000000,567.833008,-0.011580,-0.160108
0.000000,593.028992,0.020894,-0.157633
1.000000,593.028992,0.075966,-0.123330
2.000000,593.028992,0.128410,-0.073176
3.000000,593.028992,0.176407,-0.045821
4.000000,593.028992,0.218299,-0.001227
5.000000,593.028992,0.252636,0.046641
6.000000,593.028992,0.278232,0.069420
7.000000,593.028992,0.294199,0.113156
8.000000,593.028992,0.299980,0.158883
9.000000,593.028992,0.295379,0.167504
10.000000,593.028992,0.280556,0.197229
11.000000,593.028992,0.256024,0.215939
12.000000,593.028992,0.222633,0.212115
13.000000,593.028992,0.181535,0.221101
14.000000,593.028992,0.134153,0.216966
15.000000,593.028992,0.082128,0.198670
16.000000,593.028992,0.027262,0.181772
17.000000,593.028992,-0.028548,0.141916
18.000000,593.028992,-0.083371,0.116880
19.000000,593.028992,-0.135307,0.086679
20.000000,593.028992,-0.182560,0.034961
21.000000,593.028992,-0.223494,-0.002943
22.000000,593.028992,-0.256695,-0.031570
23.000000,593.028992,-0.281013,-0.081854
24.000000,593.028992,-0.295606,-0.080717
25.000000,593.028992,-0.299963,-0.141666
26.000000,593.028992,-0.293939,-0.186092
27.000000,593.028992,-0.277745,-0.204696
28.000000,593.028992,-0.251938,-0.216011
29.000000,593.028992,-0.217414,-0.230272
30.000000,593.028992,-0.175361,-0.218426
31.000000,593.028992,-0.127239,-0.216276
32.000000,593.028992,-0.074715,-0.197248
33.000000,593.028992,-0.019605,-0.168819
34.000000,593.028992,0.036183,-0.153061
35.000000,593.028992,0.090721,-0.114325
36.000000,593.028992,0.142116,-0.067169
37.000000,593.028992,0.188593,-0.037816
38.000000,593.028992,0.228544,-0.050278
39.000000,593.028992,0.260586,0.058652
40.000000,593.028992,0.283611,0.091298
41.000000,593.028992,0.296817,0.130458
42.000000,593.028992,0.299749,0.170324
43.000000,593.028992,0.292308,0.180089
44.000000,593.028992,0.274752,0.200946
45.000000,593.028992,0.247688,0.217520
46.000000,593.028992,0.212051,0.220405
47.000000,593.028992,0.169072,0.226963
48.000000,593.028992,0.120243,0.209249
49.000000,593.028992,0.067253,0.196811
50.000000,593.028992,0.011936,0.176192
51.000000,593.028992,-0.043795,0.135623
52.000000,593.028992,-0.098010,0.108156
53.000000,593.028992,-0.148832,0.078386
54.000000,593.028992,-0.194503,0.020379
55.000000,593.028992,-0.233444,-0.011094
56.000000,593.028992,-0.264306,-0.042866
57.000000,593.028992,-0.286022,-0.095866
58.000000,593.028992,-0.297834,-0.125338
59.000000,593.028992,-0.299338,-0.161685
60.000000,593.028992,-0.290485,-0.185518
61.000000,593.028992,-0.271579,-0.205123
62.000000,593.028992,-0.243275,-0.215000
63.000000,593.028992,-0.206548,-0.219407
64.000000,593.028992,-0.162673,-0.212280
65.000000,593.028992,-0.113168,-0.213403
66.000000,593.028992,-0.059747,-0.193103
67.000000,593.028992,-0.004259,-0.160105
68.000000,593.028992,0.051378,-0.138187
69.000000,593.028992,0.105236,-0.100170
70.000000,593.028992,0.155451,-0.053445
71.000000,593.028992,0.200286,-0.027664
72.000000,593.028992,0.238191,0.017931
73.000000,593.028992,0.267854,0.088528
74.000000,593.028992,0.288244,0.086579
75.000000,593.028992,0.298655,0.127741
76.000000,593.028992,0.298732,0.168323
77.000000,593.028992,0.288472,0.177229
78.000000,593.028992,0.268229,0.200946
79.000000,593.028992,0.238702,0.213093
80.000000,593.028992,0.200910,0.219547
81.000000,593.028992,0.156167,0.223099
82.000000,593.028992,0.106019,0.200389
83.000000,593.028992,0.052202,0.187086
84.000000,593.028992,-0.003421,0.169470
85.000000,593.028992,-0.058927,0.126330
86.000000,593.028992,-0.112392,0.096573
87.000000,593.028992,-0.161968,0.060799
88.000000,593.028992,-0.205938,0.010085
89.000000,593.028992,-0.242783,-0.024248
90.000000,593.028992,-0.271226,-0.054161
91.000000,593.028992,-0.290276,-0.110451
92.000000,593.028992,-0.299282,-0.133489
93.000000,593.028992,-0.297931,-0.160681
94.000000,593.028992,-0.286270,-0.193381
95.000000,593.028992,-0.264703,-0.200978
96.000000,593.028992,-0.233971,-0.218145
97.000000,593.028992,-0.195141,-0.222982
98.000000,593.028992,-0.149558,-0.213996
99.000000,593.028992,-0.098800,-0.211545
100.000000,593.028992,-0.044623,-0.187957
101.000000,593.028992,0.011099,-0.148806
102.000000,593.028992,0.066437,-0.132611
103.000000,593.028992,0.119475,-0.092450
104.000000,593.028992,0.168379,-0.044009
105.000000,593.028992,0.211455,-0.014080
106.000000,593.028992,0.247215,0.027798
107.000000,593.028992,0.274417,0.078525
108.000000,593.028992,0.292119,0.097017
109.000000,593.028992,0.299713,0.138321
110.000000,593.028992,0.296935,0.171179
111.000000,593.028992,0.283881,0.188667
112.000000,593.028992,0.261003,0.213099
113.000000,593.028992,0.229087,0.223093
114.000000,593.028992,0.189244,0.216118
115.000000,593.028992,0.142853,0.222817
116.000000,593.028992,0.091517,0.199379
117.000000,593.028992,0.037015,0.179939
118.000000,593.028992,-0.018770,0.161610
119.000000,593.028992,-0.073904,0.116893
120.000000,593.028992,-0.126480,0.087282
121.000000,593.028992,-0.174679,0.052363
122.000000,593.028992,-0.216834,-0.002499
123.000000,593.028992,-0.251486,-0.042120
124.000000,593.028992,-0.277429,-0.065028
125.000000,593.028992,-0.293771,-0.108019
126.000000,593.028992,-0.299947,-0.143926
127.000000,593.028992,-0.295744,-0.163541
128.000000,593.028992,-0.281306,-0.196386
129.000000,593.028992,-0.257130,-0.205127
130.000000,593.028992,-0.224053,-0.226431
131.000000,593.028992,-0.183223,-0.223840
132.000000,593.028992,-0.136053,-0.209709
133.000000,593.028992,-0.084174,-0.206823
134.000000,593.028992,-0.029382,-0.183096
135.000000,593.028992,0.026428,-0.142948
136.000000,593.028992,0.081322,-0.092722
137.000000,593.028992,0.133402,-0.081440
138.000000,593.028992,0.180866,-0.035285
139.000000,593.028992,0.222071,-0.009792
140.000000,593.028992,0.255589,0.038665
141.000000,593.028992,0.280259,0.081242
142.000000,593.028992,0.295230,0.106880
143.000000,593.028992,0.299986,0.144325
144.000000,593.028992,0.294360,0.176043
145.000000,593.028992,0.278547,0.191095
146.000000,593.028992,0.253089,0.213096
147.000000,593.028992,0.218872,0.214677
148.000000,593.028992,0.177083,0.215972
149.000000,593.028992,0.129165,0.219806
150.000000,593.028992,0.076776,0.186523
151.000000,593.028992,0.021730,0.172501
152.000000,593.028992,-0.034069,0.151309
153.000000,593.028992,-0.088687,0.105741
154.000000,593.028992,-0.140237,0.078273
155.000000,593.028992,-0.186934,0.042211
156.000000,593.028992,-0.227163,-0.010793
157.000000,593.028992,-0.259525,-0.045980
158.000000,593.028992,-0.282906,-0.075181
159.000000,593.028992,-0.296497,-0.123605
160.000000,593.028992,-0.299828,-0.149217
161.000000,593.028992,-0.292783,-0.164969
162.000000,593.028992,-0.275603,-0.204822
163.000000,593.028992,-0.248882,-0.219139
164.000000,593.028992,-0.213549,-0.227004
165.000000,593.028992,-0.170826,-0.222555
166.000000,593.028992,-0.122192,-0.211140
167.000000,593.028992,-0.069328,-0.205534
0.000000,619.343018,0.031383,-0.145642
1.000000,619.343018,0.088476,-0.106780
2.000000,619.343018,0.142230,-0.080426
3.000000,619.343018,0.190618,-0.035547
4.000000,619.343018,0.231811,0.007467
5.000000,619.343018,0.264254,0.047830
6.000000,619.343018,0.286724,0.088558
7.000000,619.343018,0.298374,0.112728
8.000000,619.343018,0.298765,0.149198
9.000000,619.343018,0.287881,0.187209
10.000000,619.343018,0.266134,0.197391
11.000000,619.343018,0.234342,0.212963
12.000000,619.343018,0.193703,0.228805
13.000000,619.343018,0.145756,0.208971
14.000000,619.343018,0.092308,0.200091
15.000000,619.343018,0.035378,0.191911
16.000000,619.343018,-0.022888,0.153065
17.000000,619.343018,-0.080291,0.125309
18.000000,619.343018,-0.134664,0.092968
19.000000,619.343018,-0.183953,0.036681
20.000000,619.343018,-0.226300,0.002487
21.000000,619.343018,-0.260107,-0.033280
22.000000,619.343018,-0.284099,-0.081857
23.000000,619.343018,-0.297370,-0.115478
24.000000,619.343018,-0.299419,-0.153647
25.000000,619.343018,-0.290166,-0.177802
26.000000,619.343018,-0.269961,-0.197986
27.000000,619.343018,-0.239569,-0.216972
28.000000,619.343018,-0.200136,-0.210547
29.000000,619.343018,-0.153151,-0.204861
30.000000,619.343018,-0.100387,-0.209109
31.000000,619.343018,-0.043833,-0.185247
32.000000,619.343018,0.014375,-0.151676
33.000000,619.343018,0.072041,-0.130901
34.000000,619.343018,0.126987,-0.089594
35.000000,619.343018,0.177141,-0.043008
36.000000,619.343018,0.220610,-0.015226
37.000000,619.343018,0.255755,0.033944
38.000000,619.343018,0.281249,0.077392
39.000000,619.343018,0.296125,0.109166
40.000000,619.343018,0.299825,0.147608
41.000000,619.343018,0.292211,0.161348
42.000000,619.343018,0.273570,0.194810
43.000000,619.343018,0.244606,0.222808
44.000000,619.343018,0.206411,0.211834
45.000000,619.343018,0.160426,0.219256
46.000000,619.343018,0.108384,0.213935
47.000000,619.343018,0.052253,0.182805
48.000000,619.343018,-0.005850,0.164775
49.000000,619.343018,-0.063732,0.144726
50.000000,619.343018,-0.119208,0.094300
51.000000,619.343018,-0.170187,0.059967
52.000000,619.343018,-0.214745,0.021191
53.000000,619.343018,-0.251194,-0.030239
54.000000,619.343018,-0.278164,-0.066427
55.000000,619.343018,-0.294636,-0.102622
56.000000,619.343018,-0.299990,-0.144340
57.000000,619.343018,-0.294024,-0.169670
58.000000,619.343018,-0.276962,-0.191247
59.000000,619.343018,-0.249448,-0.211690
60.000000,619.343018,-0.212516,-0.210000
61.000000,619.343018,-0.167565,-0.226836
62.000000,619.343018,-0.116292,-0.212840
63.000000,619.343018,-0.060630,-0.185846
64.000000,619.343018,-0.002679,-0.172076
65.000000,619.343018,0.055372,-0.143207
66.000000,619.343018,0.111335,-0.091051
67.000000,619.343018,0.163095,-0.064840
68.000000,619.343018,0.208699,-0.021677
69.000000,619.343018,0.246427,0.022907
70.000000,619.343018,0.274856,0.058410
71.000000,619.343018,0.292913,0.104289
72.000000,619.343018,0.299917,0.139444
73.000000,619.343018,0.295602,0.170510
74.000000,619.343018,0.280127,0.193650
75.000000,619.343018,0.254082,0.205519
76.000000,619.343018,0.218449,0.212970
77.000000,619.343018,0.174572,0.220810
78.000000,619.343018,0.124107,0.202964
79.000000,619.343018,0.068959,0.194949
80.000000,619.343018,0.011207,0.178764
81.000000,619.343018,-0.046967,0.138337
82.000000,619.343018,-0.103369,0.108868
83.000000,619.343018,-0.155869,0.074523
84.000000,619.343018,-0.202487,0.022808
85.000000,619.343018,-0.241465,-0.014527
86.000000,619.343018,-0.271331,-0.040719
87.000000,619.343018,-0.290956,-0.100157
88.000000,619.343018,-0.299597,-0.131199
89.000000,619.343018,-0.296933,-0.157673
90.000000,619.343018,-0.283064,-0.190522
91.000000,619.343018,-0.258513,-0.204984
92.000000,619.343018,-0.224207,-0.220712
93.000000,619.343018,-0.181440,-0.228701
94.000000,619.343018,-0.131823,-0.208281
95.000000,619.343018,-0.077231,-0.202390
96.000000,619.343018,-0.019725,-0.180094
97.000000,619.343018,0.038524,-0.140231
98.000000,619.343018,0.095320,-0.117028
99.000000,619.343018,0.148520,-0.071145
100.000000,619.343018,0.196115,-0.022846
101.000000,619.343018,0.236308,0.011373
102.000000,619.343018,0.267581,0.047244
103.000000,619.343018,0.288756,0.088107
104.000000,619.343018,0.299034,0.120896
105.000000,619.343018,0.298029,0.158771
106.000000,619.343018,0.285776,0.191911
107.000000,619.343018,0.262740,0.199962
108.000000,619.343018,0.229785,0.215531
109.000000,619.343018,0.188157,0.222940
110.000000,619.343018,0.139430,0.209829
111.000000,619.343018,0.085441,0.203375
112.000000,619.343018,0.028228,0.177203
113.000000,619.343018,-0.030051,0.146627
114.000000,619.343018,-0.087196,0.120869
115.000000,619.343018,-0.141050,0.075420
116.000000,619.343018,-0.189580,0.040673
117.000000,619.343018,-0.230955,0.044351
118.000000,619.343018,-0.263615,-0.050255
119.000000,619.343018,-0.286327,-0.094163
120.000000,619.343018,-0.298234,-0.119500
121.000000,619.343018,-0.298888,-0.169356
122.000000,619.343018,-0.288257,-0.182387
123.000000,619.343018,-0.266747,-0.196429
124.000000,619.343018,-0.235172,-0.218834
125.000000,619.343018,-0.194723,-0.220994
126.000000,619.343018,-0.146925,-0.212008
127.000000,619.343018,-0.093583,-0.207396
128.000000,619.343018,-0.036708,-0.183109
129.000000,619.343018,0.021553,-0.161795
130.000000,619.343018,0.078999,-0.125328
131.000000,619.343018,0.133464,-0.076026
132.000000,619.343018,0.182892,-0.047250
133.000000,619.343018,0.225419,-0.009229
134.000000,619.343018,0.259440,0.042784
135.000000,619.343018,0.283671,0.073568
136.000000,619.343018,0.297191,0.114160
137.000000,619.343018,0.299496,0.158883
138.000000,619.343018,0.290500,0.172084
139.000000,619.343018,0.270541,0.197944
140.000000,619.343018,0.240373,0.219077
141.000000,619.343018,0.201134,0.215975
142.000000,619.343018,0.154304,0.216960
143.000000,619.343018,0.101648,0.209220
144.000000,619.343018,0.045158,0.179943
145.000000,619.343018,-0.013037,0.163194
146.000000,619.343018,-0.070739,0.127887
147.000000,619.343018,-0.125772,0.090718
148.000000,619.343018,-0.176060,0.055948
149.000000,619.343018,-0.219703,-0.000922
150.000000,619.343018,-0.255052,-0.029391
151.000000,619.343018,-0.280776,-0.066168
152.000000,619.343018,-0.295904,-0.112164
153.000000,619.343018,-0.299866,-0.146497
154.000000,619.343018,-0.292513,-0.165688
155.000000,619.343018,-0.274121,-0.202532
156.000000,619.343018,-0.245382,-0.212843
157.000000,619.343018,-0.207380,-0.211299
158.000000,619.343018,-0.161554,-0.222979
159.000000,619.343018,-0.109631,-0.209699
160.000000,619.343018,-0.053571,-0.187841
0.000000,646.825012,0.024277,-0.158511
1.000000,646.825012,0.084122,-0.116501
2.000000,646.825012,0.140504,-0.086290
3.000000,646.825012,0.191104,-0.032690
4.000000,646.825012,0.233842,0.000184
5.000000,646.825012,0.266954,0.041107
6.000000,646.825012,0.289087,0.080692
7.000000,646.825012,0.299314,0.115740
8.000000,646.825012,0.297234,0.152343
9.000000,646.825012,0.282914,0.183627
10.000000,646.825012,0.256958,0.196536
11.000000,646.825012,0.220425,0.216108
12.000000,646.825012,0.174822,0.224657
13.000000,646.825012,0.122026,0.205111
14.000000,646.825012,0.064206,0.197517
15.000000,646.825012,0.003746,0.179615
16.000000,646.825012,-0.056868,0.132622
17.000000,646.825012,-0.115144,0.103720
18.000000,646.825012,-0.168679,0.075954
19.000000,646.825012,-0.215274,0.017231
20.000000,646.825012,-0.253011,-0.029828
21.000000,646.825012,-0.280334,-0.062729
22.000000,646.825012,-0.296126,-0.107595
23.000000,646.825012,-0.299725,-0.136497
24.000000,646.825012,-0.290999,-0.175091
25.000000,646.825012,-0.270289,-0.196389
26.000000,646.825012,-0.238463,-0.202708
27.000000,646.825012,-0.196820,-0.225550
28.000000,646.825012,-0.147080,-0.214984
29.000000,646.825012,-0.091287,-0.191707
30.000000,646.825012,-0.031737,-0.186377
31.000000,646.825012,0.029119,-0.156934
32.000000,646.825012,0.088775,-0.110640
33.000000,646.825012,0.144782,-0.084143
34.000000,646.825012,0.194825,-0.039980
35.000000,646.825012,0.236856,0.005609
36.000000,646.825012,0.269137,0.043824
37.000000,646.825012,0.290344,0.091990
38.000000,646.825012,0.299605,0.122447
39.000000,646.825012,0.296533,0.155633
40.000000,646.825012,0.281264,0.185493
41.000000,646.825012,0.254414,0.213987
42.000000,646.825012,0.217101,0.213109
43.000000,646.825012,0.170849,0.219938
44.000000,646.825012,0.117569,0.203394
45.000000,646.825012,0.059451,0.191513
46.000000,646.825012,-0.001114,0.177614
47.000000,646.825012,-0.061634,0.131903
48.000000,646.825012,-0.119615,0.092713
49.000000,646.825012,-0.172678,0.069231
50.000000,646.825012,-0.218630,0.007937
51.000000,646.825012,-0.255591,-0.024394
52.000000,646.825012,-0.282028,-0.055158
53.000000,646.825012,-0.296864,-0.110740
54.000000,646.825012,-0.299482,-0.140927
55.000000,646.825012,-0.289775,-0.174952
56.000000,646.825012,-0.268147,-0.194531
57.000000,646.825012,-0.235480,-0.202134
58.000000,646.825012,-0.193129,-0.220689
59.000000,646.825012,-0.142823,-0.210262
60.000000,646.825012,-0.086645,-0.195852
61.000000,646.825012,-0.026900,-0.186231
62.000000,646.825012,0.033952,-0.154075
63.000000,646.825012,0.093407,-0.110209
64.000000,646.825012,0.149017,-0.086718
65.000000,646.825012,0.198498,-0.043837
66.000000,646.825012,0.239806,0.013899
67.000000,646.825012,0.271252,0.043685
68.000000,646.825012,0.291528,0.089277
69.000000,646.825012,0.299814,0.137294
70.000000,646.825012,0.295758,0.158211
71.000000,646.825012,0.279534,0.184644
72.000000,646.825012,0.251807,0.200081
73.000000,646.825012,0.213715,0.212970
74.000000,646.825012,0.166833,0.221383
75.000000,646.825012,0.113081,0.202821
76.000000,646.825012,0.054679,0.191089
77.000000,646.825012,-0.005975,0.174330
78.000000,646.825012,-0.066382,0.130047
79.000000,646.825012,-0.124057,0.097146
80.000000,646.825012,-0.176628,0.068234
81.000000,646.825012,-0.221932,0.008511
82.000000,646.825012,-0.258099,-0.028966
83.000000,646.825012,-0.283652,-0.065028
84.000000,646.825012,-0.297523,-0.121031
85.000000,646.825012,-0.299160,-0.145500
86.000000,646.825012,-0.288479,-0.165973
87.000000,646.825012,-0.265931,-0.201389
88.000000,646.825012,-0.232439,-0.207555
89.000000,646.825012,-0.189381,-0.212714
90.000000,646.825012,-0.138532,-0.214832
91.000000,646.825012,-0.081980,-0.199411
92.000000,646.825012,-0.022056,-0.184667
93.000000,646.825012,0.038777,-0.152782
94.000000,646.825012,0.098014,-0.107486
95.000000,646.825012,0.153216,-0.082281
96.000000,646.825012,0.202115,-0.035971
97.000000,646.825012,0.242696,0.019047
98.000000,646.825012,0.273289,0.050978
99.000000,646.825012,0.292640,0.095715
100.000000,646.825012,0.299942,0.137721
101.000000,646.825012,0.294909,0.154781
102.000000,646.825012,0.277732,0.187792
103.000000,646.825012,0.249132,0.213501
104.000000,646.825012,0.210277,0.210541
105.000000,646.825012,0.162770,0.219391
106.000000,646.825012,0.108565,0.204084
107.000000,646.825012,0.049892,0.182945
108.000000,646.825012,-0.010833,0.168910
109.000000,646.825012,-0.071113,0.127185
110.000000,646.825012,-0.128468,0.091003
111.000000,646.825012,-0.180533,0.059659
112.000000,646.825012,-0.225172,0.003938
113.000000,646.825012,-0.260543,-0.033539
114.000000,646.825012,-0.285193,-0.065883
115.000000,646.825012,-0.298110,-0.116313
116.000000,646.825012,-0.298754,-0.149214
117.000000,646.825012,-0.287112,-0.170263
118.000000,646.825012,-0.263645,-0.201674
119.000000,646.825012,-0.229337,-0.213986
120.000000,646.825012,-0.185587,-0.205723
121.000000,646.825012,-0.134202,-0.215259
122.000000,646.825012,-0.077294,-0.207986
123.000000,646.825012,-0.017205,-0.176685
124.000000,646.825012,0.043592,-0.145198
125.000000,646.825012,0.102594,-0.105329
126.000000,646.825012,0.157378,-0.072709
127.000000,646.825012,0.205679,-0.030676
128.000000,646.825012,0.245523,0.020770
129.000000,646.825012,0.275258,0.052409
130.000000,646.825012,0.293669,0.094860
131.000000,646.825012,0.299995,0.140011
132.000000,646.825012,0.293975,0.159499
133.000000,646.825012,0.275861,0.186222
134.000000,646.825012,0.246389,0.211357
135.000000,646.825012,0.206785,0.205827
136.000000,646.825012,0.158665,0.214673
137.000000,646.825012,0.104020,0.211357
138.000000,646.825012,0.045093,0.183660
139.000000,646.825012,-0.015689,0.163055
140.000000,646.825012,-0.075826,0.132443
141.000000,646.825012,-0.132842,0.088578
142.000000,646.825012,-0.184394,0.051809
143.000000,646.825012,-0.228353,0.001778
144.000000,646.825012,-0.262921,-0.036107
145.000000,646.825012,-0.286663,-0.072166
146.000000,646.825012,-0.298615,-0.122032
147.000000,646.825012,-0.298274,-0.151785
148.000000,646.825012,-0.285661,-0.171261
149.000000,646.825012,-0.261294,-0.202960
150.000000,646.825012,-0.226171,-0.209553
151.000000,646.825012,-0.181746,-0.205723
152.000000,646.825012,-0.129836,-0.214397
153.000000,646.825012,-0.072588,-0.199689
0.000000,675.526001,0.061153,-0.140076
1.000000,675.526001,0.121645,-0.107738
2.000000,675.526001,0.176676,-0.061702
3.000000,675.526001,0.223780,-0.008974
4.000000,675.526001,0.260847,0.019093
5.000000,675.526001,0.286205,0.068979
6.000000,675.526001,0.298721,0.120565
7.000000,675.526001,0.297837,0.140912
8.000000,675.526001,0.283590,0.172498
9.000000,675.526001,0.256612,0.201205
10.000000,675.526001,0.218124,0.207112
11.000000,675.526001,0.169851,0.215959
12.000000,675.526001,0.113953,0.220081
13.000000,675.526001,0.052943,0.185234
14.000000,675.526001,-0.010442,0.171206
15.000000,675.526001,-0.073359,0.136306
16.000000,675.526001,-0.132983,0.095582
17.000000,675.526001,-0.186641,0.057098
18.000000,675.526001,-0.231928,0.004644
19.000000,675.526001,-0.266802,-0.040255
20.000000,675.526001,-0.289707,-0.071168
21.000000,675.526001,-0.299617,-0.121458
22.000000,675.526001,-0.296078,-0.151500
23.000000,675.526001,-0.279254,-0.171403
24.000000,675.526001,-0.249904,-0.203961
25.000000,675.526001,-0.209340,-0.213556
26.000000,675.526001,-0.159380,-0.206723
27.000000,675.526001,-0.102270,-0.207251
28.000000,675.526001,-0.040572,-0.182818
29.000000,675.526001,0.022947,-0.153962
30.000000,675.526001,0.085436,-0.132329
31.000000,675.526001,0.144092,-0.085164
32.000000,675.526001,0.196283,-0.045566
33.000000,675.526001,0.239664,-0.005220
34.000000,675.526001,0.272294,0.046087
35.000000,675.526001,0.292711,0.078995
36.000000,675.526001,0.299984,0.121171
37.000000,675.526001,0.293801,0.165467
38.000000,675.526001,0.274439,0.180807
39.000000,675.526001,0.242759,0.203955
40.000000,675.526001,0.200186,0.218368
41.000000,675.526001,0.148633,0.208113
42.000000,675.526001,0.090411,0.198375
43.000000,675.526001,0.028130,0.191768
44.000000,675.526001,-0.035411,0.154350
45.000000,675.526001,-0.097365,0.121877
46.000000,675.526001,-0.154949,0.085536
47.000000,675.526001,-0.205579,0.037963
48.000000,675.526001,-0.246988,-0.007098
49.000000,675.526001,-0.277315,-0.057706
50.000000,675.526001,-0.295194,-0.097731
51.000000,675.526001,-0.299831,-0.125924
52.000000,675.526001,-0.291019,-0.167070
53.000000,675.526001,-0.269140,-0.188530
54.000000,675.526001,-0.235189,-0.206863
55.000000,675.526001,-0.190688,-0.225123
56.000000,675.526001,-0.137627,-0.209838
57.000000,675.526001,-0.078392,-0.185415
58.000000,675.526001,-0.015640,-0.175651
59.000000,675.526001,0.047815,-0.146500
60.000000,675.526001,0.109123,-0.102920
61.000000,675.526001,0.165535,-0.074565
62.000000,675.526001,0.214522,-0.027827
63.000000,675.526001,0.253880,0.021337
64.000000,675.526001,0.281846,0.056120
65.000000,675.526001,0.297169,0.101427
66.000000,675.526001,0.299158,0.131031
67.000000,675.526001,0.287720,0.167644
68.000000,675.526001,0.263375,0.198789
69.000000,675.526001,0.227215,0.204398
70.000000,675.526001,0.180854,0.208391
71.000000,675.526001,0.126380,0.216652
72.000000,675.526001,0.066238,0.191672
73.000000,675.526001,0.003122,0.173783
74.000000,675.526001,-0.060134,0.146873
75.000000,675.526001,-0.120692,0.105310
76.000000,675.526001,-0.175836,0.063969
77.000000,675.526001,-0.223086,0.026479
78.000000,675.526001,-0.260328,-0.032813
79.000000,675.526001,-0.285893,-0.068147
80.000000,675.526001,-0.298625,-0.105342
81.000000,675.526001,-0.297958,-0.147915
82.000000,675.526001,-0.283925,-0.172242
83.000000,675.526001,-0.257153,-0.211982
84.000000,675.526001,-0.218837,-0.209401
85.000000,675.526001,-0.170706,-0.207996
86.000000,675.526001,-0.114916,-0.212824
87.000000,675.526001,-0.053967,-0.187387
88.000000,675.526001,0.009402,-0.158107
89.000000,675.526001,0.072350,-0.139049
90.000000,675.526001,0.132051,-0.096167
91.000000,675.526001,0.185825,-0.045440
92.000000,675.526001,0.231264,-0.014653
93.000000,675.526001,0.266328,0.033944
94.000000,675.526001,0.289435,0.085675
95.000000,675.526001,0.299559,0.114458
96.000000,675.526001,0.296246,0.154477
97.000000,675.526001,0.279635,0.183200
98.000000,675.526001,0.250476,0.201105
99.000000,675.526001,0.210083,0.212665
100.000000,675.526001,0.160262,0.209392
101.000000,675.526001,0.103248,0.203530
102.000000,675.526001,0.041603,0.188919
103.000000,675.526001,-0.021909,0.149778
104.000000,675.526001,-0.084438,0.127602
105.000000,675.526001,-0.143177,0.095115
106.000000,675.526001,-0.195494,0.044828
107.000000,675.526001,-0.239039,0.001632
108.000000,675.526001,-0.271855,-0.032571
109.000000,675.526001,-0.292476,-0.089147
110.000000,675.526001,-0.299978,-0.130484
111.000000,675.526001,-0.294010,-0.154247
112.000000,675.526001,-0.274855,-0.186377
113.000000,675.526001,-0.243370,-0.194255
114.000000,675.526001,-0.200961,-0.211286
115.000000,675.526001,-0.149535,-0.214546
116.000000,675.526001,-0.091402,-0.202128
117.000000,675.526001,-0.029166,-0.190816
118.000000,675.526001,0.034378,-0.159217
119.000000,675.526001,0.096379,-0.115921
120.000000,675.526001,0.154058,-0.086857
121.000000,675.526001,0.204821,-0.039546
122.000000,675.526001,0.246394,0.015330
123.000000,675.526001,0.276915,0.050405
124.000000,675.526001,0.295010,0.091712
125.000000,675.526001,0.299863,0.139295
126.000000,675.526001,0.291266,0.154208
127.000000,675.526001,0.269603,0.184790
128.000000,675.526001,0.235834,0.215505
129.000000,675.526001,0.191488,0.214690
130.000000,675.526001,0.138552,0.212815
131.000000,675.526001,0.079396,0.199502
132.000000,675.526001,0.016679,0.172508
133.000000,675.526001,-0.046787,0.151468
134.000000,675.526001,-0.108154,0.110730
135.000000,675.526001,-0.164666,0.067270
136.000000,675.526001,-0.213791,0.034497
137.000000,675.526001,-0.253326,-0.019941
138.000000,675.526001,-0.281489,-0.132346
139.000000,675.526001,-0.297023,-0.098053
140.000000,675.526001,-0.299233,-0.126750
141.000000,675.526001,-0.288016,-0.157650
142.000000,675.526001,-0.263871,-0.174266
143.000000,675.526001,-0.227890,-0.201817
144.000000,675.526001,-0.181685,-0.207267
145.000000,675.526001,-0.127324,-0.201859
146.000000,675.526001,-0.067251,-0.199388
147.000000,675.526001,-0.004162,-0.168667
0.000000,705.500977,0.017066,-0.163819
1.000000,705.500977,0.082489,-0.136478
2.000000,705.500977,0.143877,-0.091317
3.000000,705.500977,0.198227,-0.054979
4.000000,705.500977,0.242879,-0.002364
5.000000,705.500977,0.275649,0.051084
6.000000,705.500977,0.294934,0.079575
7.000000,705.500977,0.299787,0.125458
8.000000,705.500977,0.289973,0.164891
9.000000,705.500977,0.265974,0.180947
10.000000,705.500977,0.228962,0.202666
11.000000,705.500977,0.180749,0.218934
12.000000,705.500977,0.123694,0.205111
13.000000,705.500977,0.060587,0.197229
14.000000,705.500977,-0.005484,0.179615
15.000000,705.500977,-0.071287,0.135620
16.000000,705.500977,-0.133602,0.100287
17.000000,705.500977,-0.189381,0.061090
18.000000,705.500977,-0.235895,0.003789
19.000000,705.500977,-0.270868,-0.032406
20.000000,705.500977,-0.292590,-0.080867
21.000000,705.500977,-0.299998,-0.119036
22.000000,705.500977,-0.292729,-0.147945
23.000000,705.500977,-0.271138,-0.187659
24.000000,705.500977,-0.236280,-0.196966
25.000000,705.500977,-0.189864,-0.199285
26.000000,705.500977,-0.134159,-0.209537
27.000000,705.500977,-0.071891,-0.195541
28.000000,705.500977,-0.006106,-0.170406
29.000000,705.500977,0.059977,-0.151060
30.000000,705.500977,0.123126,-0.111757
31.000000,705.500977,0.180252,-0.058594
32.000000,705.500977,0.228558,-0.021376
33.000000,705.500977,0.265684,0.030081
34.000000,705.500977,0.289811,0.073104
35.000000,705.500977,0.299760,0.101447
36.000000,705.500977,0.295044,0.152326
37.000000,705.500977,0.275893,0.178084
38.000000,705.500977,0.243245,0.195380
39.000000,705.500977,0.198696,0.220376
40.000000,705.500977,0.144424,0.204256
41.000000,705.500977,0.083088,0.197808
42.000000,705.500977,0.017687,0.188339
43.000000,705.500977,-0.048579,0.147489
44.000000,705.500977,-0.112468,0.117735
45.000000,705.500977,-0.170855,0.077240
46.000000,705.500977,-0.220882,0.020806
47.000000,705.500977,-0.260104,-0.018960
48.000000,705.500977,-0.286600,-0.056735
49.000000,705.500977,-0.299075,-0.108450
50.000000,705.500977,-0.296919,-0.142498
51.000000,705.500977,-0.280236,-0.171254
52.000000,705.500977,-0.249844,-0.199103
53.000000,705.500977,-0.207228,-0.204129
54.000000,705.500977,-0.154473,-0.211405
55.000000,705.500977,-0.094161,-0.204540
56.000000,705.500977,-0.029242,-0.183977
57.000000,705.500977,0.037108,-0.162494
58.000000,705.500977,0.101642,-0.119613
59.000000,705.500977,0.161203,-0.067742
60.000000,705.500977,0.212877,-0.038817
61.000000,705.500977,0.254136,0.012069
62.000000,705.500977,0.282962,0.062369
63.000000,705.500977,0.297945,0.093156
64.000000,705.500977,0.298352,0.136462
65.000000,705.500977,0.284162,0.175182
66.000000,705.500977,0.256070,0.189952
67.000000,705.500977,0.215451,0.205807
68.000000,705.500977,0.164290,0.213795
69.000000,705.500977,0.105092,0.200389
70.000000,705.500977,0.040752,0.201513
71.000000,705.500977,-0.025582,0.160778
72.000000,705.500977,-0.090665,0.125177
73.000000,705.500977,-0.151311,0.083111
74.000000,705.500977,-0.204555,0.035823
75.000000,705.500977,-0.247791,-0.006227
76.000000,705.500977,-0.278904,-0.038144
77.000000,705.500977,-0.296372,-0.091145
78.000000,705.500977,-0.299340,-0.131769
79.000000,705.500977,-0.287665,-0.153534
80.000000,705.500977,-0.261915,-0.195382
81.000000,705.500977,-0.223353,-0.207267
82.000000,705.500977,-0.173863,-0.200862
83.000000,705.500977,-0.115867,-0.207681
84.000000,705.500977,-0.052202,-0.192970
85.000000,705.500977,0.014017,-0.163249
86.000000,705.500977,0.079550,-0.144198
87.000000,705.500977,0.141192,-0.092602
88.000000,705.500977,0.195927,-0.048412
89.000000,705.500977,0.241075,-0.004507
90.000000,705.500977,0.274429,0.041651
91.000000,705.500977,0.294356,0.078144
92.000000,705.500977,0.299883,0.122599
93.000000,705.500977,0.290739,0.164748
94.000000,705.500977,0.267371,0.181520
95.000000,705.500977,0.230922,0.203809
96.000000,705.500977,0.183176,0.219793
97.000000,705.500977,0.126469,0.205111
98.000000,705.500977,0.063574,0.196659
99.000000,705.500977,-0.002431,0.178899
100.000000,705.500977,-0.068317,0.136048
101.000000,705.500977,-0.130862,0.098856
102.000000,705.500977,-0.187004,0.062664
103.000000,705.500977,-0.233998,0.011940
104.000000,705.500977,-0.269544,-0.028546
105.000000,705.500977,-0.291903,-0.083577
106.000000,705.500977,-0.299979,-0.119609
107.000000,705.500977,-0.293380,-0.149376
108.000000,705.500977,-0.272427,-0.185084
109.000000,705.500977,-0.238147,-0.197967
110.000000,705.500977,-0.192217,-0.198284
111.000000,705.500977,-0.136882,-0.213254
112.000000,705.500977,-0.074851,-0.201402
113.000000,705.500977,-0.009158,-0.168547
114.000000,705.500977,0.056983,-0.151202
115.000000,705.500977,0.120336,-0.110040
116.000000,705.500977,0.177802,-0.059310
117.000000,705.500977,0.226570,-0.024235
118.000000,705.500977,0.264254,0.027937
119.000000,705.500977,0.289009,0.071242
120.000000,705.500977,0.299626,0.105591
121.000000,705.500977,0.295584,0.146608
122.000000,705.500977,0.277079,0.176076
123.000000,705.500977,0.245018,0.194810
124.000000,705.500977,0.200971,0.219806
125.000000,705.500977,0.147092,0.201539
126.000000,705.500977,0.086017,0.209246
127.000000,705.500977,0.020734,0.186480
128.000000,705.500977,-0.045563,0.141342
129.000000,705.500977,-0.109632,0.112301
130.000000,705.500977,-0.168336,0.080672
131.000000,705.500977,-0.218805,0.023808
132.000000,705.500977,-0.258570,-0.017101
133.000000,705.500977,-0.285684,-0.056304
134.000000,705.500977,-0.298823,-0.108023
135.000000,705.500977,-0.297342,-0.138780
136.000000,705.500977,-0.281314,-0.167109
137.000000,705.500977,-0.251523,-0.197244
138.000000,705.500977,-0.209426,-0.205272
139.000000,705.500977,-0.157082,-0.217837
140.000000,705.500977,-0.097054,-0.211690
0.000000,736.806030,0.019368,-0.165532
1.000000,736.806030,0.087531,-0.137336
2.000000,736.806030,0.151026,-0.093033
3.000000,736.806030,0.206463,-0.054270
4.000000,736.806030,0.250887,-0.002079
5.000000,736.806030,0.281928,0.054802
6.000000,736.806030,0.297931,0.085294
7.000000,736.806030,0.298044,0.127745
8.000000,736.806030,0.282258,0.170324
9.000000,736.806030,0.251417,0.183521
10.000000,736.806030,0.207162,0.204809
11.000000,736.806030,0.151856,0.216217
12.000000,736.806030,0.088452,0.193388
13.000000,736.806030,0.020329,0.185218
14.000000,736.806030,-0.048877,0.157171
15.000000,736.806030,-0.115477,0.116459
16.000000,736.806030,-0.175919,0.073691
17.000000,736.806030,-0.226975,0.025502
18.000000,736.806030,-0.265923,-0.018520
19.000000,736.806030,-0.290686,-0.059436
20.000000,736.806030,-0.299944,-0.114311
21.000000,736.806030,-0.293204,-0.145205
22.000000,736.806030,-0.270824,-0.167682
23.000000,736.806030,-0.233998,-0.201528
24.000000,736.806030,-0.184690,-0.207979
25.000000,736.806030,-0.125528,-0.195283
26.000000,736.806030,-0.059671,-0.199958
27.000000,736.806030,0.009368,-0.174952
28.000000,736.806030,0.077907,-0.129085
29.000000,736.806030,0.142291,-0.101873
30.000000,736.806030,0.199086,-0.052276
31.000000,736.806030,0.245263,-0.007118
32.000000,736.806030,0.278352,0.036247
33.000000,736.806030,0.296595,0.086987
34.000000,736.806030,0.299017,0.125157
35.000000,736.806030,0.285490,0.157064
36.000000,736.806030,0.256735,0.189499
37.000000,736.806030,0.214286,0.195956
38.000000,736.806030,0.160407,0.206532
39.000000,736.806030,0.097968,0.210936
40.000000,736.806030,0.030305,0.182951
41.000000,736.806030,-0.038974,0.160914
42.000000,736.806030,-0.106174,0.126999
43.000000,736.806030,-0.167711,0.075284
44.000000,736.806030,-0.220302,0.030372
45.000000,736.806030,-0.261144,-0.002688
46.000000,736.806030,-0.288053,-0.066984
47.000000,736.806030,-0.299596,-0.101174
48.000000,736.806030,-0.295158,-0.127939
49.000000,736.806030,-0.274977,-0.174508
50.000000,736.806030,-0.240129,-0.188825
51.000000,736.806030,-0.192473,-0.203708
52.000000,736.806030,-0.134550,-0.209113
53.000000,736.806030,-0.069449,-0.194978
54.000000,736.806030,-0.000642,-0.181380
55.000000,736.806030,0.068197,-0.148207
56.000000,736.806030,0.133399,-0.099192
57.000000,736.806030,0.191485,-0.065410
58.000000,736.806030,0.239358,-0.011807
59.000000,736.806030,0.274464,0.043211
60.000000,736.806030,0.294931,0.073426
61.000000,736.806030,0.299661,0.114733
62.000000,736.806030,0.288407,0.160885
63.000000,736.806030,0.261770,0.174227
64.000000,736.806030,0.221170,0.201804
65.000000,736.806030,0.168774,0.219650
66.000000,736.806030,0.107375,0.205111
67.000000,736.806030,0.040248,0.195655
68.000000,736.806030,-0.029027,0.164185
69.000000,736.806030,-0.096753,0.124037
70.000000,736.806030,-0.159317,0.087842
71.000000,736.806030,-0.213383,0.039242
72.000000,736.806030,-0.256068,-0.010942
73.000000,736.806030,-0.285094,-0.048717
74.000000,736.806030,-0.298914,-0.103155
75.000000,736.806030,-0.296788,-0.136915
76.000000,736.806030,-0.278828,-0.170973
77.000000,736.806030,-0.245996,-0.194812
78.000000,736.806030,-0.200043,-0.199116
79.000000,736.806030,-0.143420,-0.197145
80.000000,736.806030,-0.079148,-0.201247
81.000000,736.806030,-0.010652,-0.174382
82.000000,736.806030,0.058412,-0.141951
83.000000,736.806030,0.124360,-0.116316
84.000000,736.806030,0.183673,-0.067149
85.000000,736.806030,0.233190,-0.022111
86.000000,736.806030,0.270268,0.023948
87.000000,736.806030,0.292930,0.075112
88.000000,736.806030,0.299968,0.107165
89.000000,736.806030,0.291006,0.142761
90.000000,736.806030,0.266516,0.186199
91.000000,736.806030,0.227811,0.198822
92.000000,736.806030,0.176955,0.208673
93.000000,736.806030,0.116661,0.213931
94.000000,736.806030,0.050144,0.185950
95.000000,736.806030,-0.019048,0.166487
96.000000,736.806030,-0.087225,0.142582
97.000000,736.806030,-0.150748,0.087149
98.000000,736.806030,-0.206230,0.047956
99.000000,736.806030,-0.250710,0.005612
100.000000,736.806030,-0.281818,-0.050401
101.000000,736.806030,-0.297894,-0.091171
102.000000,736.806030,-0.298081,-0.138777
103.000000,736.806030,-0.282368,-0.166791
104.000000,736.806030,-0.251592,-0.180399
105.000000,736.806030,-0.207393,-0.206820
106.000000,736.806030,-0.152133,-0.211263
107.000000,736.806030,-0.088758,-0.192135
108.000000,736.806030,-0.020650,-0.183229
109.000000,736.806030,0.048560,-0.197691
110.000000,736.806030,0.115181,-0.110782
111.000000,736.806030,0.175659,-0.072418
112.000000,736.806030,0.226764,-0.020246
113.000000,736.806030,0.265773,0.032344
114.000000,736.806030,0.290606,0.066560
115.000000,736.806030,0.299938,0.114299
116.000000,736.806030,0.293272,0.150882
117.000000,736.806030,0.270963,0.168363
118.000000,736.806030,0.234201,0.198511
119.000000,736.806030,0.184942,0.200664
120.000000,736.806030,0.125819,0.205677
121.000000,736.806030,0.059986,0.204508
122.000000,736.806030,-0.009047,0.164791
123.000000,736.806030,-0.077597,0.065686
124.000000,736.806030,-0.142009,0.107126
125.000000,736.806030,-0.198847,0.066564
126.000000,736.806030,-0.245076,0.022510
127.000000,736.806030,-0.278231,-0.020988
128.000000,736.806030,-0.296546,-0.082712
129.000000,736.806030,-0.299042,-0.122621
130.000000,736.806030,-0.285589,-0.148101
131.000000,736.806030,-0.256902,-0.185661
132.000000,736.806030,-0.214512,-0.197688
133.000000,736.806030,-0.160678,-0.203284
134.000000,736.806030,-0.098272,-0.211395
0.000000,769.500000,0.003301,-0.174962
1.000000,769.500000,0.075019,-0.147488
2.000000,769.500000,0.142374,-0.105312
3.000000,769.500000,0.201452,-0.045003
4.000000,769.500000,0.248808,-0.013937
5.000000,769.500000,0.281697,0.037522
6.000000,769.500000,0.298207,0.092541
7.000000,769.500000,0.297370,0.123182
8.000000,769.500000,0.279238,0.160341
9.000000,769.500000,0.244870,0.194770
10.000000,769.500000,0.196260,0.198391
11.000000,769.500000,0.136234,0.203378
12.000000,769.500000,0.068287,0.205353
13.000000,769.500000,-0.003631,0.170937
14.000000,769.500000,-0.075338,0.146041
15.000000,769.500000,-0.142664,0.107702
16.000000,769.500000,-0.201696,0.054119
17.000000,769.500000,-0.248993,0.011920
18.000000,769.500000,-0.281810,-0.040838
19.000000,769.500000,-0.298242,-0.087864
20.000000,769.500000,-0.297327,-0.124351
21.000000,769.500000,-0.279117,-0.169217
22.000000,769.500000,-0.244679,-0.190674
23.000000,769.500000,-0.196012,-0.193563
24.000000,769.500000,-0.135940,-0.219828
25.000000,769.500000,-0.067966,-0.197539
26.000000,769.500000,0.003961,-0.160969
27.000000,769.500000,0.075658,-0.143051
28.000000,769.500000,0.142954,-0.102459
29.000000,769.500000,0.201938,-0.045152
30.000000,769.500000,0.249178,-0.016796
31.000000,769.500000,0.281923,0.042237
32.000000,769.500000,0.298276,0.094254
33.000000,769.500000,0.297285,0.125468
34.000000,769.500000,0.278997,0.162770
35.000000,769.500000,0.244487,0.189770
36.000000,769.500000,0.195761,0.196529
37.000000,769.500000,0.135646,0.206088
38.000000,769.500000,0.067644,0.134030
39.000000,769.500000,-0.004291,0.173220
40.000000,769.500000,-0.075978,0.149603
41.000000,769.500000,-0.143244,0.110316
42.000000,769.500000,-0.202182,0.065981
43.000000,769.500000,-0.249364,0.024912
44.000000,769.500000,-0.282036,-0.041388
45.000000,769.500000,-0.298310,-0.083156
46.000000,769.500000,-0.297240,-0.113784
47.000000,769.500000,-0.278876,-0.161066
48.000000,769.500000,-0.244295,-0.183961
49.000000,769.500000,-0.195510,-0.189136
50.000000,769.500000,-0.135353,-0.205680
51.000000,769.500000,-0.067323,-0.197688
52.000000,769.500000,0.004621,-0.175691
53.000000,769.500000,0.076297,-0.146057
54.000000,769.500000,0.143534,-0.098321
55.000000,769.500000,0.202425,-0.055990
56.000000,769.500000,0.249546,-0.013228
57.000000,769.500000,0.282149,0.047943
58.000000,769.500000,0.298345,0.079718
59.000000,769.500000,0.297193,0.123457
60.000000,769.500000,0.278755,0.166464
61.000000,769.500000,0.244103,0.180377
62.000000,769.500000,0.195259,0.201808
63.000000,769.500000,0.135059,0.217791
64.000000,769.500000,0.067001,0.192958
65.000000,769.500000,-0.004951,0.175354
66.000000,769.500000,-0.076617,0.150017
67.000000,769.500000,-0.143825,0.098302
68.000000,769.500000,-0.202668,0.054533
69.000000,769.500000,-0.249728,0.015045
70.000000,769.500000,-0.282263,-0.045109
71.000000,769.500000,-0.298379,-0.084021
72.000000,769.500000,-0.297147,-0.126627
73.000000,769.500000,-0.278634,-0.163932
74.000000,769.500000,-0.243912,-0.179968
75.000000,769.500000,-0.195008,-0.208109
76.000000,769.500000,-0.134764,-0.213407
77.000000,769.500000,-0.066680,-0.190561
78.000000,769.500000,0.005281,-0.176794
79.000000,769.500000,0.076935,-0.140778
80.000000,769.500000,0.144115,-0.095054
81.000000,769.500000,0.202911,-0.060837
82.000000,769.500000,0.249910,-0.005664
83.000000,769.500000,0.282376,0.050501
84.000000,769.500000,0.298414,0.082574
85.000000,769.500000,0.297100,0.126595
86.000000,769.500000,0.278513,0.164755
87.000000,769.500000,0.243720,0.181659
88.000000,769.500000,0.194756,0.204657
89.000000,769.500000,0.134468,0.199385
90.000000,769.500000,0.066358,0.193236
91.000000,769.500000,-0.005611,0.185771
92.000000,769.500000,-0.077254,0.138483
93.000000,769.500000,-0.144405,0.096579
94.000000,769.500000,-0.203155,0.064231
95.000000,769.500000,-0.250092,-0.001781
96.000000,769.500000,-0.282488,-0.042405
97.000000,769.500000,-0.298448,-0.073607
98.000000,769.500000,-0.297054,-0.133615
99.000000,769.500000,-0.278388,-0.162371
100.000000,769.500000,-0.243528,-0.183417
101.000000,769.500000,-0.194505,-0.204964
102.000000,769.500000,-0.134173,-0.204123
103.000000,769.500000,-0.066036,-0.191419
104.000000,769.500000,0.005941,-0.175081
105.000000,769.500000,0.077573,-0.140500
106.000000,769.500000,0.144695,-0.107320
107.000000,769.500000,0.203398,-0.059270
108.000000,769.500000,0.250273,-0.005534
109.000000,769.500000,0.282597,0.036107
110.000000,769.500000,0.298482,0.087713
111.000000,769.500000,0.297008,0.133722
112.000000,769.500000,0.278264,0.158930
113.000000,769.500000,0.243336,0.185079
114.000000,769.500000,0.194254,0.213646
115.000000,769.500000,0.133877,0.197533
116.000000,769.500000,0.065715,0.197944
117.000000,769.500000,-0.006271,0.182617
118.000000,769.500000,-0.077891,0.135763
119.000000,769.500000,-0.144983,0.104005
120.000000,769.500000,-0.203641,0.061372
121.000000,769.500000,-0.250455,0.001930
122.000000,769.500000,-0.282707,-0.038983
123.000000,769.500000,-0.298517,-0.088447
124.000000,769.500000,-0.296961,-0.132048
125.000000,769.500000,-0.278139,-0.160668
126.000000,769.500000,-0.243145,-0.196094
127.000000,769.500000,-0.194002,-0.204255
128.000000,769.500000,-0.133581,-0.195852
0.000000,803.645020,0.042795,-0.165787
1.000000,803.645020,0.115610,-0.126475
2.000000,803.645020,0.181096,-0.072315
3.000000,803.645020,0.235098,-0.037528
4.000000,803.645020,0.274198,0.010068
5.000000,803.645020,0.295905,0.083101
6.000000,803.645020,0.298859,0.109170
7.000000,803.645020,0.282857,0.147760
8.000000,803.645020,0.248924,0.187623
9.000000,803.645020,0.199208,0.193100
10.000000,803.645020,0.136859,0.201519
11.000000,803.645020,0.065836,0.200492
12.000000,803.645020,-0.009364,0.172796
13.000000,803.645020,-0.083970,0.144752
14.000000,803.645020,-0.153250,0.103133
15.000000,803.645020,-0.212815,0.047399
16.000000,803.645020,-0.258887,0.015061
17.000000,803.645020,-0.288541,-0.049552
18.000000,803.645020,-0.299908,-0.150639
19.000000,803.645020,-0.292249,-0.125924
20.000000,803.645020,-0.266068,-0.161490
21.000000,803.645020,-0.223013,-0.180379
22.000000,803.645020,-0.165820,-0.183842
23.000000,803.645020,-0.098113,-0.199100
24.000000,803.645020,-0.024185,-0.181672
25.000000,803.645020,0.051277,-0.149529
26.000000,803.645020,0.123486,-0.123748
27.000000,803.645020,0.187868,-0.075578
28.000000,803.645020,0.240336,-0.012983
29.000000,803.645020,0.277567,0.019806
30.000000,803.645020,0.297200,0.074122
31.000000,803.645020,0.297985,0.126854
32.000000,803.645020,0.279884,0.157783
33.000000,803.645020,0.244028,0.185363
34.000000,803.645020,0.192706,0.200072
35.000000,803.645020,0.129162,0.196672
36.000000,803.645020,0.057430,0.192219
37.000000,803.645020,-0.017943,0.164632
38.000000,803.645020,-0.092178,0.136044
39.000000,803.645020,-0.160572,0.102991
40.000000,803.645020,-0.218779,0.045686
41.000000,803.645020,-0.263119,-0.002798
42.000000,803.645020,-0.290774,-0.046437
43.000000,803.645020,-0.299993,-0.101015
44.000000,803.645020,-0.290194,-0.141921
45.000000,803.645020,-0.261990,-0.157822
46.000000,803.645020,-0.217181,-0.196525
47.000000,803.645020,-0.158595,-0.200263
48.000000,803.645020,-0.089958,-0.191138
49.000000,803.645020,-0.015616,-0.183802
50.000000,803.645020,0.059716,-0.154224
51.000000,803.645020,0.131263,-0.113629
52.000000,803.645020,0.194484,-0.073136
53.000000,803.645020,0.245380,-0.016823
54.000000,803.645020,0.280710,0.024372
55.000000,803.645020,0.298247,0.073846
56.000000,803.645020,0.296872,0.126863
57.000000,803.645020,0.276674,0.152210
58.000000,803.645020,0.238936,0.183651
59.000000,803.645020,0.186044,0.194774
60.000000,803.645020,0.121360,0.198103
61.000000,803.645020,0.048979,0.192225
62.000000,803.645020,-0.026507,0.178899
63.000000,803.645020,-0.100312,0.135193
64.000000,803.645020,-0.167757,0.093710
65.000000,803.645020,-0.224568,0.049076
66.000000,803.645020,-0.267134,-0.012797
67.000000,803.645020,-0.292770,-0.053853
68.000000,803.645020,-0.299836,-0.108033
69.000000,803.645020,-0.287896,-0.146060
70.000000,803.645020,-0.257701,-0.165817
71.000000,803.645020,-0.211165,-0.199096
72.000000,803.645020,-0.151244,-0.203112
73.000000,803.645020,-0.081729,-0.187274
74.000000,803.645020,-0.007034,-0.196240
75.000000,803.645020,0.068107,-0.151931
76.000000,803.645020,0.138930,-0.100057
77.000000,803.645020,0.200944,-0.067272
78.000000,803.645020,0.250216,-0.023532
79.000000,803.645020,0.283628,0.043066
80.000000,803.645020,0.299049,0.083574
81.000000,803.645020,0.295517,0.127168
82.000000,803.645020,0.273241,0.166322
83.000000,803.645020,0.233644,0.186662
84.000000,803.645020,0.179233,0.203514
85.000000,803.645020,0.113456,0.196235
86.000000,803.645020,0.040487,0.189091
87.000000,803.645020,-0.035050,0.171477
88.000000,803.645020,-0.108365,0.125329
89.000000,803.645020,-0.174807,0.088286
90.000000,803.645020,-0.230167,0.048360
91.000000,803.645020,-0.270935,-0.017940
92.000000,803.645020,-0.294520,-0.063710
93.000000,803.645020,-0.299439,-0.103344
94.000000,803.645020,-0.285362,-0.149486
95.000000,803.645020,-0.253200,-0.173667
96.000000,803.645020,-0.204979,-0.186993
97.000000,803.645020,-0.143764,-0.205965
98.000000,803.645020,-0.073434,-0.196402
99.000000,803.645020,0.001553,-0.173832
100.000000,803.645020,0.076443,-0.152349
101.000000,803.645020,0.146483,-0.102039
102.000000,803.645020,0.207238,-0.069856
103.000000,803.645020,0.254851,-0.012943
104.000000,803.645020,0.286306,0.046939
105.000000,803.645020,0.299611,0.082004
106.000000,803.645020,0.293913,0.126177
107.000000,803.645020,0.269588,0.171040
108.000000,803.645020,0.228161,0.184952
109.000000,803.645020,0.172273,0.198663
110.000000,803.645020,0.105460,0.204067
111.000000,803.645020,0.031962,0.184091
112.000000,803.645020,-0.043564,0.163771
113.000000,803.645020,-0.116326,0.133715
114.000000,803.645020,-0.181717,0.076567
115.000000,803.645020,-0.235580,0.036230
116.000000,803.645020,-0.274511,-0.013407
117.000000,803.645020,-0.296034,-0.070131
118.000000,803.645020,-0.298787,-0.112045
119.000000,803.645020,-0.282599,-0.155221
120.000000,803.645020,-0.248488,-0.182805
121.000000,803.645020,-0.198628,-0.191267
122.000000,803.645020,-0.136168,-0.206677
123.000000,803.645020,-0.065078,-0.192387
0.000000,839.304993,0.066971,-0.147239
1.000000,839.304993,0.140872,-0.115312
2.000000,839.304993,0.205034,-0.068001
3.000000,839.304993,0.255025,-0.012552
4.000000,839.304993,0.287387,0.028957
5.000000,839.304993,0.299884,0.087991
6.000000,839.304993,0.291652,0.137148
7.000000,839.304993,0.263261,0.159784
8.000000,839.304993,0.216672,0.186649
9.000000,839.304993,0.155106,0.202782
10.000000,839.304993,0.082819,0.193670
11.000000,839.304993,0.004807,0.182497
12.000000,839.304993,-0.073537,0.147472
13.000000,839.304993,-0.146798,0.109021
14.000000,839.304993,-0.209913,0.068963
15.000000,839.304993,-0.258516,0.006082
16.000000,839.304993,-0.289253,-0.038827
17.000000,839.304993,-0.299991,-0.080180
18.000000,839.304993,-0.289999,-0.138187
19.000000,839.304993,-0.259955,-0.166944
20.000000,839.304993,-0.211948,-0.177699
21.000000,839.304993,-0.149285,-0.199815
22.000000,839.304993,-0.076308,-0.194971
23.000000,839.304993,0.001947,-0.171264
24.000000,839.304993,0.080067,-0.151345
25.000000,839.304993,0.152650,-0.109040
26.000000,839.304993,0.214687,-0.052584
27.000000,839.304993,0.261876,-0.017658
28.000000,839.304993,0.290973,0.047807
29.000000,839.304993,0.299947,0.090851
30.000000,839.304993,0.288197,0.134186
31.000000,839.304993,0.256518,0.174198
32.000000,839.304993,0.207115,0.183664
33.000000,839.304993,0.143390,0.195234
34.000000,839.304993,0.069757,0.200923
35.000000,839.304993,-0.008700,0.169652
36.000000,839.304993,-0.086554,0.141326
37.000000,839.304993,-0.158425,0.113699
38.000000,839.304993,-0.219347,0.052263
39.000000,839.304993,-0.265105,0.005777
40.000000,839.304993,-0.292540,-0.039433
41.000000,839.304993,-0.299752,-0.101873
42.000000,839.304993,-0.286246,-0.134920
43.000000,839.304993,-0.252953,-0.163961
44.000000,839.304993,-0.202175,-0.200531
45.000000,839.304993,-0.137422,-0.195263
46.000000,839.304993,-0.063170,-0.197254
47.000000,839.304993,0.015448,-0.176516
48.000000,839.304993,0.092998,-0.134363
49.000000,839.304993,0.164121,-0.102870
50.000000,839.304993,0.223898,-0.050125
51.000000,839.304993,0.268201,0.010469
52.000000,839.304993,0.293961,0.046829
53.000000,839.304993,0.299407,0.095572
54.000000,839.304993,0.284151,0.150017
55.000000,839.304993,0.249260,0.174085
56.000000,839.304993,0.197134,0.191510
57.000000,839.304993,0.131386,0.204637
58.000000,839.304993,0.056552,0.187951
59.000000,839.304993,-0.022189,0.173207
60.000000,839.304993,-0.099395,0.139308
61.000000,839.304993,-0.169734,0.091722
62.000000,839.304993,-0.228335,0.047091
63.000000,839.304993,-0.271161,-0.009083
64.000000,839.304993,-0.295234,-0.058270
65.000000,839.304993,-0.298909,-0.097476
66.000000,839.304993,-0.281913,-0.146623
67.000000,839.304993,-0.245439,-0.172232
68.000000,839.304993,-0.191993,-0.185846
69.000000,839.304993,-0.125280,-0.203818
70.000000,839.304993,-0.049905,-0.197973
71.000000,839.304993,0.028918,-0.158253
72.000000,839.304993,0.105742,-0.136617
73.000000,839.304993,0.175259,-0.091453
74.000000,839.304993,0.232658,-0.024424
75.000000,839.304993,0.273979,0.009081
76.000000,839.304993,0.296358,0.059821
77.000000,839.304993,0.298255,0.106281
78.000000,839.304993,0.279534,0.140481
79.000000,839.304993,0.241491,0.180208
80.000000,839.304993,0.186756,0.188945
81.000000,839.304993,0.119111,0.194810
82.000000,839.304993,0.043234,0.192063
83.000000,839.304993,-0.035632,0.164221
84.000000,839.304993,-0.112036,0.129603
85.000000,839.304993,-0.180694,0.089969
86.000000,839.304993,-0.236864,0.032960
87.000000,839.304993,-0.276659,-0.010809
88.000000,839.304993,-0.297334,-0.055019
89.000000,839.304993,-0.297451,-0.114742
90.000000,839.304993,-0.277013,-0.153077
91.000000,839.304993,-0.237422,-0.173689
92.000000,839.304993,-0.181425,-0.196671
93.000000,839.304993,-0.112882,-0.195263
94.000000,839.304993,-0.036540,-0.192678
95.000000,839.304993,0.042329,-0.170081
96.000000,839.304993,0.118274,-0.127498
97.000000,839.304993,0.186039,-0.087715
98.000000,839.304993,0.240951,-0.032535
99.000000,839.304993,0.279200,0.026055
100.000000,839.304993,0.298158,0.070566
101.000000,839.304993,0.296498,0.114302
102.000000,839.304993,0.274351,0.157598
103.000000,839.304993,0.233234,0.177514
104.000000,839.304993,0.176000,0.194227
105.000000,839.304993,0.106597,0.206065
106.000000,839.304993,0.029828,0.183233
107.000000,839.304993,-0.049004,0.161769
108.000000,839.304993,-0.124449,0.132006
109.000000,839.304993,-0.191290,0.075566
110.000000,839.304993,-0.244911,0.029507
111.000000,839.304993,-0.281600,-0.021535
112.000000,839.304993,-0.298827,-0.078713
113.000000,839.304993,-0.295396,-0.112910
114.000000,839.304993,-0.271547,-0.160354
115.000000,839.304993,-0.228928,-0.181811
116.000000,839.304993,-0.170485,-0.190561
117.000000,839.304993,-0.100257,-0.202817
118.000000,839.304993,-0.023099,-0.184673
0.000000,876.546997,0.074872,-0.152925
1.000000,876.546997,0.151043,-0.103768
2.000000,876.546997,0.215828,-0.070128
3.000000,876.546997,0.264354,-0.051418
4.000000,876.546997,0.292956,0.049504
5.000000,876.546997,0.299486,0.095731
6.000000,876.546997,0.283448,0.142900
7.000000,876.546997,0.246049,0.181474
8.000000,876.546997,0.190113,0.189525
9.000000,876.546997,0.119847,0.197229
10.000000,876.546997,0.040554,0.202209
11.000000,876.546997,-0.041797,0.161786
12.000000,876.546997,-0.120999,0.128454
13.000000,876.546997,-0.191081,0.086838
14.000000,876.546997,-0.246766,0.036101
15.000000,876.546997,-0.283857,-0.015252
16.000000,876.546997,-0.299555,-0.076708
17.000000,876.546997,-0.292687,-0.120468
18.000000,876.546997,-0.263756,-0.148952
19.000000,876.546997,-0.214956,-0.186801
20.000000,876.546997,-0.149954,-0.194252
21.000000,876.546997,-0.073655,-0.185846
22.000000,876.546997,0.008194,-0.178368
23.000000,876.546997,0.089426,-0.143926
24.000000,876.546997,0.163921,-0.095770
25.000000,876.546997,0.226061,-0.054973
26.000000,876.546997,0.271172,-0.001088
27.000000,876.546997,0.295841,0.060083
28.000000,876.546997,0.298224,0.094869
29.000000,876.546997,0.278131,0.143178
30.000000,876.546997,0.237082,0.170914
31.000000,876.546997,0.178168,0.209968
32.000000,876.546997,0.105826,0.198935
33.000000,876.546997,0.025513,0.175370
34.000000,876.546997,-0.056724,0.153771
35.000000,876.546997,-0.134689,0.127576
36.000000,876.546997,-0.202500,0.069423
37.000000,876.546997,-0.255056,0.021936
38.000000,876.546997,-0.288390,-0.095488
39.000000,876.546997,-0.299993,-0.088289
40.000000,876.546997,-0.288993,-0.112323
41.000000,876.546997,-0.256212,-0.141951
42.000000,876.546997,-0.204131,-0.179939
43.000000,876.546997,-0.136661,-0.186820
44.000000,876.546997,-0.058897,-0.178126
45.000000,876.546997,0.023306,-0.173792
46.000000,876.546997,0.103753,-0.134635
47.000000,876.546997,0.176382,-0.090323
48.000000,876.546997,0.235718,-0.046255
49.000000,876.546997,0.277296,0.012633
50.000000,876.546997,0.297973,0.055540
51.000000,876.546997,0.296205,0.104445
52.000000,876.546997,0.272107,0.152316
53.000000,876.546997,0.227511,0.170367
54.000000,876.546997,0.165769,0.192659
55.000000,876.546997,0.091537,0.201781
56.000000,876.546997,0.010407,0.178087
57.000000,876.546997,-0.071507,0.158625
58.000000,876.546997,-0.148035,0.122993
59.000000,876.546997,-0.213404,0.064132
60.000000,876.546997,-0.262697,0.015071
61.000000,876.546997,-0.292189,-0.031713
62.000000,876.546997,-0.299669,-0.093007
63.000000,876.546997,-0.284564,-0.131773
64.000000,876.546997,-0.248018,-0.163965
65.000000,876.546997,-0.192784,-0.192811
66.000000,876.546997,-0.123020,-0.193258
67.000000,876.546997,-0.043989,-0.193543
68.000000,876.546997,0.038359,-0.175797
69.000000,876.546997,0.117816,-0.127068
70.000000,876.546997,0.188394,-0.092864
71.000000,876.546997,0.244777,-0.034824
72.000000,876.546997,0.282715,0.024342
73.000000,876.546997,0.299348,0.064420
74.000000,876.546997,0.293428,0.118308
75.000000,876.546997,0.265391,0.164460
76.000000,876.546997,0.217363,0.176371
77.000000,876.546997,0.152949,0.196231
78.000000,876.546997,0.077014,0.203922
79.000000,876.546997,-0.004726,0.174512
80.000000,876.546997,-0.086109,0.148330
81.000000,876.546997,-0.161004,0.112699
82.000000,876.546997,-0.223765,0.053691
83.000000,876.546997,-0.269669,0.005489
84.000000,876.546997,-0.295246,-0.046146
85.000000,876.546997,-0.298582,-0.099729
86.000000,876.546997,-0.279412,-0.139357
87.000000,876.546997,-0.239192,-0.182381
88.000000,876.546997,-0.180947,-0.192102
89.000000,876.546997,-0.109066,-0.187695
90.000000,876.546997,-0.028968,-0.191091
91.000000,876.546997,0.053314,-0.157646
92.000000,876.546997,0.131580,-0.114354
93.000000,876.546997,0.199927,-0.078995
94.000000,876.546997,0.253213,-0.031968
95.000000,876.546997,0.287414,0.033487
96.000000,876.546997,0.299961,0.071852
97.000000,876.546997,0.289904,0.125309
98.000000,876.546997,0.258000,0.166746
99.000000,876.546997,0.206659,0.185095
100.000000,876.546997,0.139740,0.193514
101.000000,876.546997,0.062295,0.196062
102.000000,876.546997,-0.019846,0.170079
103.000000,876.546997,-0.100491,0.138887
104.000000,876.546997,-0.173563,0.096702
105.000000,876.546997,-0.233557,0.044683
106.000000,876.546997,-0.275953,-0.001525
107.000000,876.546997,-0.297551,-0.061841
108.000000,876.546997,-0.296735,-0.110458
109.000000,876.546997,-0.273549,-0.136653
110.000000,876.546997,-0.229759,-0.179796
111.000000,876.546997,-0.168649,-0.191963
112.000000,876.546997,-0.094835,-0.184988
113.000000,876.546997,-0.013873,-0.186231
0.000000,915.442017,0.065318,-0.156517
1.000000,915.442017,0.145686,-0.127187
2.000000,915.442017,0.214088,-0.076573
3.000000,915.442017,0.264904,-0.009828
4.000000,915.442017,0.293959,0.032532
5.000000,915.442017,0.298873,0.087710
6.000000,915.442017,0.279229,0.136581
7.000000,915.442017,0.236656,0.161073
8.000000,915.442017,0.174637,0.190797
9.000000,915.442017,0.098277,0.198634
10.000000,915.442017,0.013843,0.174940
11.000000,915.442017,-0.071727,0.155477
12.000000,915.442017,-0.151407,0.124140
13.000000,915.442017,-0.218647,0.066988
14.000000,915.442017,-0.267933,0.018640
15.000000,915.442017,-0.295202,-0.041693
16.000000,915.442017,-0.298229,-0.085575
17.000000,915.442017,-0.276755,-0.127068
18.000000,915.442017,-0.232550,-0.173077
19.000000,915.442017,-0.169243,-0.192533
20.000000,915.442017,-0.092032,-0.184700
21.000000,915.442017,-0.007263,-0.185515
22.000000,915.442017,0.078103,-0.155791
23.000000,915.442017,0.157055,-0.111641
24.000000,915.442017,0.223103,-0.069416
25.000000,915.442017,0.270827,-0.002801
26.000000,915.442017,0.296305,0.051359
27.000000,915.442017,0.297442,0.090582
28.000000,915.442017,0.274151,0.136889
29.000000,915.442017,0.228334,0.175470
30.000000,915.442017,0.163767,0.186520
31.000000,915.442017,0.085743,0.193365
32.000000,915.442017,0.000679,0.176924
33.000000,915.442017,-0.084441,0.168068
34.000000,915.442017,-0.162625,0.114717
35.000000,915.442017,-0.227453,0.049977
36.000000,915.442017,-0.273593,0.000638
37.000000,915.442017,-0.297267,-0.034993
38.000000,915.442017,-0.296513,-0.104872
39.000000,915.442017,-0.271410,-0.143923
40.000000,915.442017,-0.224009,-0.180124
41.000000,915.442017,-0.158209,-0.196098
42.000000,915.442017,-0.079414,-0.193682
43.000000,915.442017,0.005905,-0.165403
44.000000,915.442017,0.090740,-0.153203
45.000000,915.442017,0.168118,-0.105180
46.000000,915.442017,0.231691,-0.045294
47.000000,915.442017,0.276228,-0.005505
48.000000,915.442017,0.298078,0.055673
49.000000,915.442017,0.295443,0.098282
50.000000,915.442017,0.268537,0.142479
51.000000,915.442017,0.219578,0.178058
52.000000,915.442017,0.152577,0.184379
53.000000,915.442017,0.073047,0.191947
54.000000,915.442017,-0.012486,0.192491
55.000000,915.442017,-0.096993,0.140484
56.000000,915.442017,-0.173531,0.100290
57.000000,915.442017,-0.235816,0.061511
58.000000,915.442017,-0.278732,-0.007503
59.000000,915.442017,-0.298748,-0.060708
60.000000,915.442017,-0.294232,-0.098487
61.000000,915.442017,-0.265537,-0.148913
62.000000,915.442017,-0.215038,-0.174525
63.000000,915.442017,-0.146871,-0.178696
64.000000,915.442017,-0.066642,-0.193669
65.000000,915.442017,0.019062,-0.177672
66.000000,915.442017,0.103199,-0.142508
67.000000,915.442017,0.178862,-0.102450
68.000000,915.442017,0.239828,-0.043419
69.000000,915.442017,0.281101,0.001211
70.000000,915.442017,0.299276,0.059689
71.000000,915.442017,0.292873,0.115280
72.000000,915.442017,0.262411,0.142489
73.000000,915.442017,0.210394,0.177358
74.000000,915.442017,0.141097,0.202636
75.000000,915.442017,0.060207,0.183664
76.000000,915.442017,-0.025628,0.166348
77.000000,915.442017,-0.109356,0.148158
78.000000,915.442017,-0.184104,0.093442
79.000000,915.442017,-0.243726,0.044381
80.000000,915.442017,-0.283330,-0.002115
81.000000,915.442017,-0.299662,-0.067130
82.000000,915.442017,-0.291375,-0.113900
83.000000,915.442017,-0.259160,-0.153369
84.000000,915.442017,-0.205649,-0.179087
85.000000,915.442017,-0.135252,-0.188119
86.000000,915.442017,-0.053742,-0.197672
87.000000,915.442017,0.032181,-0.170512
88.000000,915.442017,0.115462,-0.130079
89.000000,915.442017,0.189256,-0.093434
90.000000,915.442017,0.247509,-0.041547
91.000000,915.442017,0.285425,0.024051
92.000000,915.442017,0.299902,0.064559
93.000000,915.442017,0.289738,0.112301
94.000000,915.442017,0.255779,0.161170
95.000000,915.442017,0.200807,0.176371
96.000000,915.442017,0.129341,0.202377
97.000000,915.442017,0.047252,0.192769
98.000000,915.442017,-0.038719,0.161070
99.000000,915.442017,-0.121512,0.134315
100.000000,915.442017,-0.194319,0.085119
101.000000,915.442017,-0.251169,0.029097
102.000000,915.442017,-0.287384,-0.014248
103.000000,915.442017,-0.299994,-0.082434
104.000000,915.442017,-0.287963,-0.120468
105.000000,915.442017,-0.252275,-0.148806
106.000000,915.442017,-0.195870,-0.182510
107.000000,915.442017,-0.123369,-0.194395
108.000000,915.442017,-0.040739,-0.178553
0.000000,956.062988,0.036344,-0.164114
1.000000,956.062988,0.122819,-0.137906
2.000000,956.062988,0.198300,-0.100462
3.000000,956.062988,0.256022,-0.034417
4.000000,956.062988,0.290823,0.020803
5.000000,956.062988,0.299583,0.077975
6.000000,956.062988,0.281520,0.119027
7.000000,956.062988,0.238251,0.157346
8.000000,956.062988,0.173648,0.187630
9.000000,956.062988,0.093498,0.185811
10.000000,956.062988,0.004976,0.180075
11.000000,956.062988,-0.083992,0.166461
12.000000,956.062988,-0.165438,0.109170
13.000000,956.062988,-0.232074,0.064973
14.000000,956.062988,-0.277926,0.014183
15.000000,956.062988,-0.298901,-0.051544
16.000000,956.062988,-0.293103,-0.100316
17.000000,956.062988,-0.261071,-0.138946
18.000000,956.062988,-0.205656,-0.176940
19.000000,956.062988,-0.131832,-0.184395
20.000000,956.062988,-0.046201,-0.190680
21.000000,956.062988,0.043565,-0.170366
22.000000,956.062988,0.129430,-0.126067
23.000000,956.062988,0.203708,-0.091433
24.000000,956.062988,0.259744,-0.042975
25.000000,956.062988,0.292525,0.029488
26.000000,956.062988,0.299113,0.074284
27.000000,956.062988,0.278920,0.125170
28.000000,956.062988,0.233753,0.168320
29.000000,956.062988,0.167655,0.177372
30.000000,956.062988,0.086548,0.191510
31.000000,956.062988,-0.002310,0.185334
32.000000,956.062988,-0.090962,0.146057
33.000000,956.062988,-0.171467,0.110439
34.000000,956.062988,-0.236623,0.064520
35.000000,956.062988,-0.280587,0.000072
36.000000,956.062988,-0.299436,-0.052995
37.000000,956.062988,-0.291464,-0.110750
38.000000,956.062988,-0.257405,-0.149062
39.000000,956.062988,-0.200290,-0.167530
40.000000,956.062988,-0.125248,-0.193951
41.000000,956.062988,-0.038988,-0.177947
42.000000,956.062988,0.050761,-0.154389
43.000000,956.062988,0.135965,-0.133330
44.000000,956.062988,0.208997,-0.084872
45.000000,956.062988,0.263313,-0.019417
46.000000,956.062988,0.294055,0.023381
47.000000,956.062988,0.298467,0.079555
48.000000,956.062988,0.276154,0.133003
49.000000,956.062988,0.229118,0.160069
50.000000,956.062988,0.161564,0.180357
51.000000,956.062988,0.079546,0.194349
52.000000,956.062988,-0.009595,0.172796
53.000000,956.062988,-0.097878,0.147466
54.000000,956.062988,-0.177395,0.096573
55.000000,956.062988,-0.241033,0.049397
56.000000,956.062988,-0.283082,0.005618
57.000000,956.062988,-0.299794,-0.061550
58.000000,956.062988,-0.289653,-0.108175
59.000000,956.062988,-0.253586,-0.139088
60.000000,956.062988,-0.194807,-0.178653
61.000000,956.062988,-0.118590,-0.187248
62.000000,956.062988,-0.031753,-0.176125
63.000000,956.062988,0.057927,-0.164356
64.000000,956.062988,0.142420,-0.123052
65.000000,956.062988,0.214162,-0.079756
66.000000,956.062988,0.266727,-0.027953
67.000000,956.062988,0.295411,0.028653
68.000000,956.062988,0.297644,0.086835
69.000000,956.062988,0.273226,0.130041
70.000000,956.062988,0.224347,0.172485
71.000000,956.062988,0.155377,0.182083
72.000000,956.062988,0.072498,0.185943
73.000000,956.062988,-0.016875,0.183197
74.000000,956.062988,-0.104737,0.139914
75.000000,956.062988,-0.183218,0.102580
76.000000,956.062988,-0.245300,0.056796
77.000000,956.062988,-0.285410,-0.011936
78.000000,956.062988,-0.299975,-0.060851
79.000000,956.062988,-0.287671,-0.102489
80.000000,956.062988,-0.249618,-0.155062
81.000000,956.062988,-0.189209,-0.179100
82.000000,956.062988,-0.111863,-0.183845
83.000000,956.062988,-0.024498,-0.190094
84.000000,956.062988,0.065059,-0.158657
85.000000,956.062988,0.148790,-0.120626
86.000000,956.062988,0.219200,-0.074568
87.000000,956.062988,0.269983,-0.014967
88.000000,956.062988,0.296592,0.030670
89.000000,956.062988,0.296646,0.092431
90.000000,956.062988,0.270137,0.139587
91.000000,956.062988,0.219444,0.163505
92.000000,956.062988,0.149099,0.187510
93.000000,956.062988,0.065406,0.195347
94.000000,956.062988,-0.024144,0.165934
95.000000,956.062988,-0.111533,0.143612
96.000000,956.062988,-0.188933,0.105406
97.000000,956.062988,-0.249422,0.039822
98.000000,956.062988,-0.287570,-0.012383
99.000000,956.062988,-0.299979,-0.059734
100.000000,956.062988,-0.285520,-0.121892
101.000000,956.062988,-0.245503,-0.154797
102.000000,956.062988,-0.183499,-0.186535
103.000000,956.062988,-0.105069,-0.191956
0.000000,998.486023,0.078893,-0.146099
1.000000,998.486023,0.164353,-0.119175
2.000000,998.486023,0.233774,-0.066861
3.000000,998.486023,0.280378,-0.001257
4.000000,998.486023,0.299624,0.044825
5.000000,998.486023,0.289622,0.101284
6.000000,998.486023,0.251362,0.138175
7.000000,998.486023,0.188564,0.168359
8.000000,998.486023,0.107368,0.189068
9.000000,998.486023,0.015692,0.183664
10.000000,998.486023,-0.077515,0.158631
11.000000,998.486023,-0.163158,0.124286
12.000000,998.486023,-0.232875,0.059271
13.000000,998.486023,-0.279872,0.009641
14.000000,998.486023,-0.299546,-0.034427
15.000000,998.486023,-0.289994,-0.102874
16.000000,998.486023,-0.252135,-0.145069
17.000000,998.486023,-0.189673,-0.164687
18.000000,998.486023,-0.108699,-0.188378
19.000000,998.486023,-0.017117,-0.178958
20.000000,998.486023,0.076136,-0.152673
21.000000,998.486023,0.161957,-0.121607
22.000000,998.486023,0.231977,-0.064863
23.000000,998.486023,0.279350,-0.019672
24.000000,998.486023,0.299467,0.044679
25.000000,998.486023,0.290354,0.103276
26.000000,998.486023,0.252906,0.138198
27.000000,998.486023,0.190777,0.170357
28.000000,998.486023,0.110028,0.190344
29.000000,998.486023,0.018542,0.174085
30.000000,998.486023,-0.074754,0.157770
31.000000,998.486023,-0.160756,0.129143
32.000000,998.486023,-0.231066,0.066275
33.000000,998.486023,-0.278828,0.007924
34.000000,998.486023,-0.299377,-0.037432
35.000000,998.486023,-0.290709,-0.096582
36.000000,998.486023,-0.253673,-0.135348
37.000000,998.486023,-0.191875,-0.163256
38.000000,998.486023,-0.111356,-0.188093
39.000000,998.486023,-0.019966,-0.175529
40.000000,998.486023,0.073371,-0.158233
41.000000,998.486023,0.159547,-0.124324
42.000000,998.486023,0.230153,-0.067298
43.000000,998.486023,0.278299,-0.018804
44.000000,998.486023,0.299281,0.042244
45.000000,998.486023,0.291062,0.100837
46.000000,998.486023,0.254429,0.134623
47.000000,998.486023,0.192972,0.168065
48.000000,998.486023,0.112678,0.185765
49.000000,998.486023,0.021390,0.178660
50.000000,998.486023,-0.071986,0.159198
51.000000,998.486023,-0.158337,0.131144
52.000000,998.486023,-0.229237,0.071282
53.000000,998.486023,-0.277761,0.017215
54.000000,998.486023,-0.299185,-0.031855
55.000000,998.486023,-0.291400,-0.096439
56.000000,998.486023,-0.255185,-0.140354
57.000000,998.486023,-0.194061,-0.170963
58.000000,998.486023,-0.114000,-0.189952
59.000000,998.486023,-0.022813,-0.177964
60.000000,998.486023,0.070600,-0.164366
61.000000,998.486023,0.157125,-0.123327
62.000000,998.486023,0.228311,-0.069164
63.000000,998.486023,0.277223,-0.023801
64.000000,998.486023,0.299071,0.040955
65.000000,998.486023,0.291738,0.105552
66.000000,998.486023,0.255931,0.135478
67.000000,998.486023,0.195147,0.170778
68.000000,998.486023,0.115319,0.192769
69.000000,998.486023,0.024236,0.178372
70.000000,998.486023,-0.069213,0.163201
71.000000,998.486023,-0.155905,0.130001
72.000000,998.486023,-0.227386,0.070278
73.000000,998.486023,-0.276670,0.014210
74.000000,998.486023,-0.298957,-0.039993
75.000000,998.486023,-0.292067,-0.098013
76.000000,998.486023,-0.256672,-0.134065
77.000000,998.486023,-0.196231,-0.176523
78.000000,998.486023,-0.116635,-0.185237
79.000000,998.486023,-0.025659,-0.179829
80.000000,998.486023,0.067822,-0.164926
81.000000,998.486023,0.154685,-0.123473
82.000000,998.486023,0.226450,-0.062878
83.000000,998.486023,0.276116,-0.023231
84.000000,998.486023,0.298836,0.039381
85.000000,998.486023,0.292388,0.103120
86.000000,998.486023,0.257411,0.131760
87.000000,998.486023,0.197305,0.169065
88.000000,998.486023,0.117950,0.191768
89.000000,998.486023,0.027080,0.180947
90.000000,998.486023,-0.066432,0.161627
91.000000,998.486023,-0.153460,0.130144
92.000000,998.486023,-0.225511,0.067703
93.000000,998.486023,-0.275557,0.021502
94.000000,998.486023,-0.298704,-0.036567
95.000000,998.486023,-0.292709,-0.106021
96.000000,998.486023,-0.258137,-0.134781
97.000000,998.486023,-0.198380,-0.169372
98.000000,998.486023,-0.119259,-0.187811
99.000000,998.486023,-0.028501,-0.176685
0.000000,1042.791016,0.010172,-0.173378
1.000000,1042.791016,0.106106,-0.138664
2.000000,1042.791016,0.190755,-0.109878
3.000000,1042.791016,0.255114,-0.053276
4.000000,1042.791016,0.292334,0.011612
5.000000,1042.791016,0.298463,0.061554
6.000000,1042.791016,0.272847,0.115154
7.000000,1042.791016,0.218203,0.150322
8.000000,1042.791016,0.140354,0.175794
9.000000,1042.791016,0.047575,0.186639
10.000000,1042.791016,-0.050265,0.162356
11.000000,1042.791016,-0.142757,0.132897
12.000000,1042.791016,-0.220067,0.092116
13.000000,1042.791016,-0.273967,0.024812
14.000000,1042.791016,-0.298725,-0.032396
15.000000,1042.791016,-0.291712,-0.082755
16.000000,1042.791016,-0.253669,-0.137902
17.000000,1042.791016,-0.188641,-0.165085
18.000000,1042.791016,-0.103552,-0.174123
19.000000,1042.791016,-0.007447,-0.181228
20.000000,1042.791016,0.089450,-0.154794
21.000000,1042.791016,0.176832,-0.108493
22.000000,1042.791016,0.245409,-0.065271
23.000000,1042.791016,0.287877,0.001626
24.000000,1042.791016,0.299725,0.055096
25.000000,1042.791016,0.279696,0.104591
26.000000,1042.791016,0.229914,0.148320
27.000000,1042.791016,0.155676,0.168074
28.000000,1042.791016,0.064881,0.180794
29.000000,1042.791016,-0.032816,0.178906
30.000000,1042.791016,-0.127022,0.131763
31.000000,1042.791016,-0.207717,0.094429
32.000000,1042.791016,-0.266322,0.054937
33.000000,1042.791016,-0.296592,-0.024089
34.000000,1042.791016,-0.295317,-0.073862
35.000000,1042.791016,-0.262634,-0.115358
36.000000,1042.791016,-0.202011,-0.165214
37.000000,1042.791016,-0.119901,-0.179816
38.000000,1042.791016,-0.025040,-0.175121
39.000000,1042.791016,0.072487,-0.163070
40.000000,1042.791016,0.162301,-0.120053
41.000000,1042.791016,0.234853,-0.074724
42.000000,1042.791016,0.282428,-0.015375
43.000000,1042.791016,0.299955,0.045084
44.000000,1042.791016,0.285580,0.091155
45.000000,1042.791016,0.240832,0.138470
46.000000,1042.791016,0.170462,0.178475
47.000000,1042.791016,0.081963,0.178087
48.000000,1042.791016,-0.015254,0.174068
49.000000,1042.791016,-0.110849,0.156594
50.000000,1042.791016,-0.194652,0.100734
51.000000,1042.791016,-0.257752,0.047956
52.000000,1042.791016,-0.293438,0.003316
53.000000,1042.791016,-0.297906,-0.072275
54.000000,1042.791016,-0.270690,-0.120477
55.000000,1042.791016,-0.214685,-0.154810
56.000000,1042.791016,-0.135838,-0.179657
57.000000,1042.791016,-0.042546,-0.177818
58.000000,1042.791016,0.055272,-0.169087
59.000000,1042.791016,0.147211,-0.135623
60.000000,1042.791016,0.223490,-0.077742
61.000000,1042.791016,0.276000,-0.027376
62.000000,1042.791016,0.299152,0.036237
63.000000,1042.791016,0.290481,0.097689
64.000000,1042.791016,0.250915,0.128758
65.000000,1042.791016,0.184662,0.172922
66.000000,1042.791016,0.098763,0.188051
67.000000,1042.791016,0.002361,0.171368
68.000000,1042.791016,-0.094294,0.153764
69.000000,1042.791016,-0.180917,0.119133
70.000000,1042.791016,-0.248296,0.053549
71.000000,1042.791016,-0.289268,0.001914
72.000000,1042.791016,-0.299469,-0.056010
73.000000,1042.791016,-0.277814,-0.113742
74.000000,1042.791016,-0.226613,-0.149363
75.000000,1042.791016,-0.151308,-0.180240
76.000000,1042.791016,-0.059905,-0.185379
77.000000,1042.791016,0.037867,-0.164674
78.000000,1042.791016,0.131614,-0.143194
79.000000,1042.791016,0.211357,-0.093020
80.000000,1042.791016,0.268621,-0.032137
81.000000,1042.791016,0.297316,0.022523
82.000000,1042.791016,0.294381,0.081845
83.000000,1042.791016,0.260135,0.135862
84.000000,1042.791016,0.198222,0.163075
85.000000,1042.791016,0.115223,0.176785
86.000000,1042.791016,0.019967,0.186050
87.000000,1042.791016,-0.077412,0.153781
88.000000,1042.791016,-0.166558,0.122592
89.000000,1042.791016,-0.237984,0.075527
90.000000,1042.791016,-0.284099,0.007222
91.000000,1042.791016,-0.299999,-0.046272
92.000000,1042.791016,-0.283982,-0.098321
93.000000,1042.791016,-0.237761,-0.144628
94.000000,1042.791016,-0.166253,-0.167815
0.000000,1089.062988,0.018253,-0.171662
1.000000,1089.062988,0.117658,-0.134804
2.000000,1089.062988,0.203423,-0.103732
3.000000,1089.062988,0.265607,-0.042839
4.000000,1089.062988,0.297002,0.023050
5.000000,1089.062988,0.293968,0.068562
6.000000,1089.062988,0.256858,0.115873
7.000000,1089.062988,0.189972,0.158039
8.000000,1089.062988,0.101064,0.175510
9.000000,1089.062988,0.000438,0.181779
10.000000,1089.062988,-0.100237,0.142051
11.000000,1089.062988,-0.189291,0.109591
12.000000,1089.062988,-0.256403,0.065666
13.000000,1089.062988,-0.293792,-0.009073
14.000000,1089.062988,-0.297125,-0.066424
15.000000,1089.062988,-0.266016,-0.105345
16.000000,1089.062988,-0.204069,-0.156348
17.000000,1089.062988,-0.118464,-0.177238
18.000000,1089.062988,-0.019127,-0.168405
19.000000,1089.062988,0.082426,-0.160923
20.000000,1089.062988,0.174424,-0.120620
21.000000,1089.062988,0.246202,-0.058594
22.000000,1089.062988,0.289441,-0.007221
23.000000,1089.062988,0.299128,0.049669
24.000000,1089.062988,0.274140,0.106847
25.000000,1089.062988,0.217372,0.146916
26.000000,1089.062988,0.135404,0.174774
27.000000,1089.062988,0.037741,0.173223
28.000000,1089.062988,-0.064296,0.159778
29.000000,1089.062988,-0.158879,0.134299
30.000000,1089.062988,-0.235046,0.074857
31.000000,1089.062988,-0.283966,0.018650
32.000000,1089.062988,-0.299969,-0.032425
33.000000,1089.062988,-0.281200,-0.101300
34.000000,1089.062988,-0.229830,-0.143065
35.000000,1089.062988,-0.151818,-0.161255
36.000000,1089.062988,-0.056209,-0.180512
37.000000,1089.062988,0.045916,-0.167517
38.000000,1089.062988,0.142718,-0.127654
39.000000,1089.062988,0.222976,-0.087576
40.000000,1089.062988,0.277388,-0.029543
41.000000,1089.062988,0.299645,0.036780
42.000000,1089.062988,0.287165,0.084002
43.000000,1089.062988,0.241394,0.136886
44.000000,1089.062988,0.167643,0.162346
45.000000,1089.062988,0.074458,0.178796
46.000000,1089.062988,-0.027357,0.175626
47.000000,1089.062988,-0.126002,0.137194
48.000000,1089.062988,-0.210040,0.103869
49.000000,1089.062988,-0.269732,0.046359
50.000000,1089.062988,-0.298156,-0.024517
51.000000,1089.062988,-0.292013,-0.081725
52.000000,1089.062988,-0.252021,-0.118360
53.000000,1089.062988,-0.182816,-0.164641
54.000000,1089.062988,-0.092418,-0.179816
55.000000,1089.062988,0.008693,-0.165545
56.000000,1089.062988,0.108796,-0.150344
57.000000,1089.062988,0.196289,-0.106180
58.000000,1089.062988,0.261029,-0.051295
59.000000,1089.062988,0.295506,0.003932
60.000000,1089.062988,0.295728,0.069397
61.000000,1089.062988,0.261670,0.114448
62.000000,1089.062988,0.197279,0.150199
63.000000,1089.062988,0.110019,0.181772
64.000000,1089.062988,0.010006,0.171941
65.000000,1089.062988,-0.091168,0.155341
66.000000,1089.062988,-0.181775,0.124855
67.000000,1089.062988,-0.251309,0.059698
68.000000,1089.062988,-0.291709,0.001775
69.000000,1089.062988,-0.298294,-0.048442
70.000000,1089.062988,-0.270301,-0.119172
71.000000,1089.062988,-0.210975,-0.153077
72.000000,1089.062988,-0.127193,-0.166973
73.000000,1089.062988,-0.028666,-0.179084
74.000000,1089.062988,0.073185,-0.159369
75.000000,1089.062988,0.166553,-0.122783
76.000000,1089.062988,0.240612,-0.073849
77.000000,1089.062988,0.286779,-0.009530
78.000000,1089.062988,0.299702,0.038957
79.000000,1089.062988,0.277883,0.102586
80.000000,1089.062988,0.223853,0.154460
81.000000,1089.062988,0.143873,0.163505
82.000000,1089.062988,0.047215,0.173213
83.000000,1089.062988,-0.054918,0.172468
84.000000,1089.062988,-0.150684,0.128616
85.000000,1089.062988,-0.228981,0.082846
86.000000,1089.062988,-0.280735,0.036346
87.000000,1089.062988,-0.299945,-0.040818
88.000000,1089.062988,-0.284386,-0.095598
89.000000,1089.062988,-0.235861,-0.131372
90.000000,1089.062988,-0.159994,-0.170648
0.000000,1137.386963,0.008489,-0.160969
1.000000,1137.386963,0.112839,-0.150775
2.000000,1137.386963,0.202934,-0.105322
3.000000,1137.386963,0.267394,-0.046865
4.000000,1137.386963,0.298076,0.005075
5.000000,1137.386963,0.291104,0.073257
6.000000,1137.386963,0.247358,0.115164
7.000000,1137.386963,0.172361,0.155918
8.000000,1137.386963,0.075593,0.183773
9.000000,1137.386963,-0.030724,0.164079
10.000000,1137.386963,-0.133160,0.145050
11.000000,1137.386963,-0.218774,0.102408
12.000000,1137.386963,-0.276752,0.031674
13.000000,1137.386963,-0.299770,-0.025534
14.000000,1137.386963,-0.284920,-0.082755
15.000000,1137.386963,-0.234075,-0.136474
16.000000,1137.386963,-0.153660,-0.156364
17.000000,1137.386963,-0.053835,-0.168547
18.000000,1137.386963,0.052790,-0.168504
19.000000,1137.386963,0.152746,-0.136063
20.000000,1137.386963,0.233407,-0.078752
21.000000,1137.386963,0.284583,-0.026810
22.000000,1137.386963,0.299810,0.038371
23.000000,1137.386963,0.277164,0.089850
24.000000,1137.386963,0.219501,0.135044
25.000000,1137.386963,0.134111,0.170623
26.000000,1137.386963,0.031781,0.167793
27.000000,1137.386963,-0.074564,0.160921
28.000000,1137.386963,-0.171489,0.133437
29.000000,1137.386963,-0.246752,0.067849
30.000000,1137.386963,-0.290844,0.011499
31.000000,1137.386963,-0.298196,-0.041719
32.000000,1137.386963,-0.267877,-0.107877
33.000000,1137.386963,-0.203716,-0.152789
34.000000,1137.386963,-0.113822,-0.162113
35.000000,1137.386963,-0.009551,-0.172364
36.000000,1137.386963,0.095927,-0.153508
37.000000,1137.386963,0.189287,-0.107635
38.000000,1137.386963,0.258736,-0.061984
39.000000,1137.386963,0.295501,0.005913
40.000000,1137.386963,0.294938,0.058254
41.000000,1137.386963,0.257112,0.110737
42.000000,1137.386963,0.186808,0.154606
43.000000,1137.386963,0.092906,0.168224
44.000000,1137.386963,-0.012732,0.173074
45.000000,1137.386963,-0.116761,0.156170
46.000000,1137.386963,-0.206040,0.108024
47.000000,1137.386963,-0.269293,0.048818
48.000000,1137.386963,-0.298528,-0.009689
49.000000,1137.386963,-0.290050,-0.078995
50.000000,1137.386963,-0.244929,-0.130484
51.000000,1137.386963,-0.168869,-0.155536
52.000000,1137.386963,-0.071477,-0.180943
53.000000,1137.386963,0.034944,-0.165661
54.000000,1137.386963,0.136950,-0.133227
55.000000,1137.386963,0.221657,-0.093868
56.000000,1137.386963,0.278364,-0.030404
57.000000,1137.386963,0.299908,0.017646
58.000000,1137.386963,0.283562,0.081712
59.000000,1137.386963,0.231395,0.139736
60.000000,1137.386963,0.149998,0.160358
61.000000,1137.386963,0.049653,0.212523
62.000000,1137.386963,-0.056963,0.173757
63.000000,1137.386963,-0.156384,0.110320
64.000000,1137.386963,-0.236051,0.077130
65.000000,1137.386963,-0.285900,0.031489
66.000000,1137.386963,-0.299631,-0.047395
67.000000,1137.386963,-0.275509,-0.098315
68.000000,1137.386963,-0.216584,-0.134231
69.000000,1137.386963,-0.130300,-0.171649
70.000000,1137.386963,-0.027556,-0.176098
71.000000,1137.386963,0.078669,-0.154244
72.000000,1137.386963,0.174956,-0.126468
73.000000,1137.386963,0.249143,-0.070297
74.000000,1137.386963,0.291858,-0.016525
75.000000,1137.386963,0.297701,0.051541
76.000000,1137.386963,0.265937,0.117434
77.000000,1137.386963,0.200578,0.142058
78.000000,1137.386963,0.109883,0.168068
79.000000,1137.386963,0.005307,0.176902
80.000000,1137.386963,-0.099940,0.146345
81.000000,1137.386963,-0.192562,0.112586
82.000000,1137.386963,-0.260861,0.068376
83.000000,1137.386963,-0.296206,-0.006502
84.000000,1137.386963,-0.294129,-0.063856
85.000000,1137.386963,-0.254897,-0.106922
86.000000,1137.386963,-0.183466,-0.159638
0.000000,1187.855957,0.089812,-0.160069
1.000000,1187.855957,0.187986,-0.116621
2.000000,1187.855957,0.260281,-0.068720
3.000000,1187.855957,0.296754,-0.005508
4.000000,1187.855957,0.292369,0.066246
5.000000,1187.855957,0.247746,0.106880
6.000000,1187.855957,0.169018,0.154202
7.000000,1187.855957,0.067025,0.180049
8.000000,1187.855957,-0.044195,0.160788
9.000000,1187.855957,-0.149330,0.141184
10.000000,1187.855957,-0.233912,0.092683
11.000000,1187.855957,-0.286292,0.023096
12.000000,1187.855957,-0.299265,-0.029109
13.000000,1187.855957,-0.271047,-0.089050
14.000000,1187.855957,-0.205513,-0.142336
15.000000,1187.855957,-0.111695,-0.164373
16.000000,1187.855957,-0.002499,-0.166400
17.000000,1187.855957,0.107041,-0.157637
18.000000,1187.855957,0.201846,-0.111187
19.000000,1187.855957,0.268864,-0.052574
20.000000,1187.855957,0.298880,0.004932
21.000000,1187.855957,0.287745,0.072399
22.000000,1187.855957,0.237007,0.114594
23.000000,1187.855957,0.153644,0.157919
24.000000,1187.855957,0.049131,0.178051
25.000000,1187.855957,-0.062146,0.156213
26.000000,1187.855957,-0.164866,0.129888
27.000000,1187.855957,-0.244894,0.092256
28.000000,1187.855957,-0.291211,0.014087
29.000000,1187.855957,-0.297441,-0.044410
30.000000,1187.855957,-0.262733,-0.076612
31.000000,1187.855957,-0.191852,-0.149058
32.000000,1187.855957,-0.094567,-0.171665
33.000000,1187.855957,0.015736,-0.168541
34.000000,1187.855957,0.123873,-0.153492
35.000000,1187.855957,0.214961,-0.102181
36.000000,1187.855957,0.276454,-0.048979
37.000000,1187.855957,0.299900,0.030664
38.000000,1187.855957,0.282057,0.087117
39.000000,1187.855957,0.225392,0.115750
40.000000,1187.855957,0.137702,0.159635
41.000000,1187.855957,0.031055,0.177475
42.000000,1187.855957,-0.079866,0.154639
43.000000,1187.855957,-0.179792,0.120306
44.000000,1187.855957,-0.254971,0.076239
45.000000,1187.855957,-0.295053,0.002792
46.000000,1187.855957,-0.294517,-0.055563
47.000000,1187.855957,-0.253448,-0.102489
48.000000,1187.855957,-0.177482,-0.157063
49.000000,1187.855957,-0.077091,-0.168806
50.000000,1187.855957,0.033913,-0.159820
51.000000,1187.855957,0.140248,-0.144194
52.000000,1187.855957,0.227281,-0.092029
53.000000,1187.855957,0.283023,-0.037979
54.000000,1187.855957,0.299812,0.025376
55.000000,1187.855957,0.275326,0.090410
56.000000,1187.855957,0.212944,0.129759
57.000000,1187.855957,0.121251,0.163061
58.000000,1187.855957,0.012865,0.177475
59.000000,1187.855957,-0.097292,0.151779
60.000000,1187.855957,-0.194054,0.114587
61.000000,1187.855957,-0.264106,0.070947
62.000000,1187.855957,-0.297804,-0.005216
63.000000,1187.855957,-0.290505,-0.061570
64.000000,1187.855957,-0.243224,-0.115212
65.000000,1187.855957,-0.162456,-0.160781
66.000000,1187.855957,-0.059330,-0.171523
67.000000,1187.855957,0.051965,-0.159813
68.000000,1187.855957,0.156105,-0.135046
69.000000,1187.855957,0.238762,-0.083166
70.000000,1187.855957,0.288545,-0.030537
71.000000,1187.855957,0.298615,0.039388
72.000000,1187.855957,0.267578,0.102988
73.000000,1187.855957,0.199709,0.137482
74.000000,1187.855957,0.104351,0.167779
75.000000,1187.855957,-0.005373,0.176328
76.000000,1187.855957,-0.114357,0.147489
77.000000,1187.855957,-0.207598,0.097285
78.000000,1187.855957,-0.272264,0.056935
79.000000,1187.855957,-0.299455,-0.013937
80.000000,1187.855957,-0.285419,-0.071433
81.000000,1187.855957,-0.232102,-0.115212
82.000000,1187.855957,-0.146830,-0.160069
83.000000,1187.855957,-0.041349,-0.170953
0.000000,1240.564941,0.045601,-0.156523
1.000000,1240.564941,0.154839,-0.142763
2.000000,1240.564941,0.240855,-0.089156
3.000000,1240.564941,0.290744,-0.019984
4.000000,1240.564941,0.297028,0.032390
5.000000,1240.564941,0.258767,0.098004
6.000000,1240.564941,0.181696,0.146873
7.000000,1240.564941,0.077370,0.160788
8.000000,1240.564941,-0.038558,0.162631
9.000000,1240.564941,-0.148702,0.144298
10.000000,1240.564941,-0.236547,0.086006
11.000000,1240.564941,-0.288910,0.029226
12.000000,1240.564941,-0.297942,-0.022704
13.000000,1240.564941,-0.262292,-0.097155
14.000000,1240.564941,-0.187305,-0.134205
15.000000,1240.564941,-0.084221,-0.158962
16.000000,1240.564941,0.031492,-0.169363
17.000000,1240.564941,0.142482,-0.140500
18.000000,1240.564941,0.232105,-0.098884
19.000000,1240.564941,0.286913,-0.036965
20.000000,1240.564941,0.298690,0.042937
21.000000,1240.564941,0.265670,0.085437
22.000000,1240.564941,0.192808,0.136899
23.000000,1240.564941,0.091025,0.167323
24.000000,1240.564941,-0.024409,0.158356
25.000000,1240.564941,-0.136182,0.140325
26.000000,1240.564941,-0.227532,0.107838
27.000000,1240.564941,-0.284756,0.036820
28.000000,1240.564941,-0.299269,-0.021677
29.000000,1240.564941,-0.268900,-0.075466
30.000000,1240.564941,-0.198203,-0.137190
31.000000,1240.564941,-0.097778,-0.159227
32.000000,1240.564941,0.017313,-0.164535
33.000000,1240.564941,0.129805,-0.154492
34.000000,1240.564941,0.222831,-0.101038
35.000000,1240.564941,0.282439,-0.049264
36.000000,1240.564941,0.299680,0.022086
37.000000,1240.564941,0.271978,0.086258
38.000000,1240.564941,0.203486,0.124043
39.000000,1240.564941,0.104476,0.159059
40.000000,1240.564941,-0.010206,0.175043
41.000000,1240.564941,-0.123356,0.143771
42.000000,1240.564941,-0.218005,0.104150
43.000000,1240.564941,-0.279961,0.054934
44.000000,1240.564941,-0.299923,-0.017655
45.000000,1240.564941,-0.274903,-0.080442
46.000000,1240.564941,-0.208655,-0.120219
47.000000,1240.564941,-0.111114,-0.164929
48.000000,1240.564941,0.003094,-0.166804
49.000000,1240.564941,0.116837,-0.142945
50.000000,1240.564941,0.213057,-0.114600
51.000000,1240.564941,0.277325,-0.045990
52.000000,1240.564941,0.299997,0.011648
53.000000,1240.564941,0.277674,0.078134
54.000000,1240.564941,0.213707,0.140017
55.000000,1240.564941,0.117690,0.149208
56.000000,1240.564941,0.004019,0.163350
57.000000,1240.564941,-0.110253,0.156597
58.000000,1240.564941,-0.207989,0.107026
59.000000,1240.564941,-0.274533,0.053678
60.000000,1240.564941,-0.299903,0.001888
61.000000,1240.564941,-0.280288,-0.072988
62.000000,1240.564941,-0.218639,-0.124337
63.000000,1240.564941,-0.124199,-0.150817
64.000000,1240.564941,-0.011131,-0.173365
65.000000,1240.564941,0.103606,-0.152935
66.000000,1240.564941,0.202804,-0.110060
67.000000,1240.564941,0.271587,-0.060983
68.000000,1240.564941,0.299640,0.007199
69.000000,1240.564941,0.282746,0.060693
70.000000,1240.564941,0.223448,0.118885
71.000000,1240.564941,0.130639,0.154033
72.000000,1240.564941,0.018237,0.164363
73.000000,1240.564941,-0.096902,0.158058
74.000000,1240.564941,-0.197506,0.124282
75.000000,1240.564941,-0.268489,0.057840
76.000000,1240.564941,-0.299206,-0.000084
77.000000,1240.564941,-0.285045,-0.054018
78.000000,1240.564941,-0.228132,-0.123463
79.000000,1240.564941,-0.137006,-0.154078
0.000000,1295.612061,0.097865,-0.155781
1.000000,1295.612061,0.202135,-0.113768
2.000000,1295.612061,0.273376,-0.068846
3.000000,1295.612061,0.299949,0.001924
4.000000,1295.612061,0.277512,0.073813
5.000000,1295.612061,0.209731,0.115893
6.000000,1295.612061,0.107679,0.152909
7.000000,1295.612061,-0.011969,0.171753
8.000000,1295.612061,-0.129659,0.142770
9.000000,1295.612061,-0.226163,0.103150
10.000000,1295.612061,-0.285714,0.052360
11.000000,1295.612061,-0.298582,-0.022804
12.000000,1295.612061,-0.262659,-0.083017
13.000000,1295.612061,-0.183817,-0.128081
14.000000,1295.612061,-0.074942,-0.163355
15.000000,1295.612061,0.046178,-0.153936
16.000000,1295.612061,0.159753,-0.135073
17.000000,1295.612061,0.247227,-0.094153
18.000000,1295.612061,0.294303,-0.022403
19.000000,1295.612061,0.293288,0.035673
20.000000,1295.612061,0.244353,0.097722
21.000000,1295.612061,0.155492,0.146737
22.000000,1295.612061,0.041224,0.156928
23.000000,1295.612061,-0.079781,0.156769
24.000000,1295.612061,-0.187750,0.136151
25.000000,1295.612061,-0.265039,0.068419
26.000000,1295.612061,-0.299022,0.004777
27.000000,1295.612061,-0.284147,-0.048442
28.000000,1295.612061,-0.222843,-0.118887
29.000000,1295.612061,-0.125127,-0.150360
30.000000,1295.612061,-0.006964,-0.152676
31.000000,1295.612061,0.112336,-0.153061
32.000000,1295.612061,0.213280,-0.109613
33.000000,1295.612061,0.279375,-0.051716
34.000000,1295.612061,0.299822,0.012652
35.000000,1295.612061,0.271280,0.075543
36.000000,1295.612061,0.198408,0.120031
37.000000,1295.612061,0.093117,0.154344
38.000000,1295.612061,-0.027387,0.169042
39.000000,1295.612061,-0.143417,0.136624
40.000000,1295.612061,-0.236013,0.095287
41.000000,1295.612061,-0.290047,0.047360
42.000000,1295.612061,-0.296685,-0.034384
43.000000,1295.612061,-0.254845,-0.090306
44.000000,1295.612061,-0.171365,-0.126368
45.000000,1295.612061,-0.059885,-0.174077
46.000000,1295.612061,0.061380,-0.155364
47.000000,1295.612061,0.172618,-0.120789
48.000000,1295.612061,0.255648,-0.092864
49.000000,1295.612061,0.296905,-0.019248
50.000000,1295.612061,0.289650,0.046942
51.000000,1295.612061,0.235067,0.102301
52.000000,1295.612061,0.142076,0.147320
53.000000,1295.612061,0.025869,0.158923
54.000000,1295.612061,-0.094566,0.156345
55.000000,1295.612061,-0.199548,0.130293
56.000000,1295.612061,-0.271923,0.059129
57.000000,1295.612061,-0.299868,-0.001512
58.000000,1295.612061,-0.278817,-0.056447
59.000000,1295.612061,-0.212208,-0.120173
60.000000,1295.612061,-0.110921,-0.158077
61.000000,1295.612061,0.008489,-0.154535
62.000000,1295.612061,0.126510,-0.152773
63.000000,1295.612061,0.223860,-0.104322
64.000000,1295.612061,0.284634,-0.037289
65.000000,1295.612061,0.298901,0.014226
66.000000,1295.612061,0.264323,0.078409
67.000000,1295.612061,0.186556,0.127161
68.000000,1295.612061,0.078309,0.155490
69.000000,1295.612061,-0.042734,0.171196
70.000000,1295.612061,-0.156795,0.134905
71.000000,1295.612061,-0.245238,0.090572
72.000000,1295.612061,-0.293607,0.035780
73.000000,1295.612061,-0.294000,-0.046391
74.000000,1295.612061,-0.246356,-0.098596
75.000000,1295.612061,-0.158459,-0.129652
76.000000,1295.612061,-0.044670,-0.167643
0.000000,1353.102051,0.012203,-0.112191
1.000000,1353.102051,0.134735,-0.136517
2.000000,1353.102051,0.233281,-0.118599
3.000000,1353.102051,0.290307,-0.053700
4.000000,1353.102051,0.295660,0.025624
5.000000,1353.102051,0.248383,0.077428
6.000000,1353.102051,0.156899,0.131744
7.000000,1353.102051,0.037485,0.162886
8.000000,1353.102051,-0.088600,0.148774
9.000000,1353.102051,-0.198917,0.117158
10.000000,1353.102051,-0.273824,0.067955
11.000000,1353.102051,-0.299992,-0.002072
12.000000,1353.102051,-0.272768,-0.064005
13.000000,1353.102051,-0.196984,-0.123476
14.000000,1353.102051,-0.086143,-0.157501
15.000000,1353.102051,0.040033,-0.150519
16.000000,1353.102051,0.159081,-0.140762
17.000000,1353.102051,0.249816,-0.089156
18.000000,1353.102051,0.296084,-0.023416
19.000000,1353.102051,0.289647,0.034961
20.000000,1353.102051,0.231660,0.098859
21.000000,1353.102051,0.132433,0.151448
22.000000,1353.102051,0.009635,0.161501
23.000000,1353.102051,-0.114879,0.150759
24.000000,1353.102051,-0.218942,0.117132
25.000000,1353.102051,-0.284036,0.051117
26.000000,1353.102051,-0.298576,-0.012529
27.000000,1353.102051,-0.259964,-0.080731
28.000000,1353.102051,-0.175084,-0.130043
29.000000,1353.102051,-0.059039,-0.153518
30.000000,1353.102051,0.067515,-0.161354
31.000000,1353.102051,0.182053,-0.133767
32.000000,1353.102051,0.264184,-0.071314
33.000000,1353.102051,0.299290,-0.026518
34.000000,1353.102051,0.281130,0.050676
35.000000,1353.102051,0.212922,0.123712
36.000000,1353.102051,0.106819,0.145772
37.000000,1353.102051,-0.018298,0.164917
38.000000,1353.102051,-0.140157,0.153735
39.000000,1353.102051,-0.237070,0.094869
40.000000,1353.102051,-0.291787,0.040806
41.000000,1353.102051,-0.294562,-0.019699
42.000000,1353.102051,-0.244911,-0.094296
43.000000,1353.102051,-0.151665,-0.134208
44.000000,1353.102051,-0.031422,-0.164084
45.000000,1353.102051,0.094413,-0.158213
46.000000,1353.102051,0.203442,-0.113914
47.000000,1353.102051,0.276259,-0.068127
48.000000,1353.102051,0.299909,0.004210
49.000000,1353.102051,0.270167,0.073956
50.000000,1353.102051,0.192341,0.112318
51.000000,1353.102051,0.080280,0.149619
52.000000,1353.102051,-0.046072,0.164460
53.000000,1353.102051,-0.164224,0.133046
54.000000,1353.102051,-0.253144,0.089707
55.000000,1353.102051,-0.297003,0.032629
56.000000,1353.102051,-0.288002,-0.050112
57.000000,1353.102051,-0.227733,-0.102463
58.000000,1353.102051,-0.126929,-0.138227
59.000000,1353.102051,-0.003534,-0.159784
60.000000,1353.102051,0.120491,-0.145364
61.000000,1353.102051,0.223068,-0.115322
62.000000,1353.102051,0.285945,-0.054125
63.000000,1353.102051,0.297916,0.017914
64.000000,1353.102051,0.256865,0.074141
65.000000,1353.102051,0.170093,0.128891
66.000000,1353.102051,0.053043,0.164032
67.000000,1353.102051,-0.073448,0.154354
68.000000,1353.102051,-0.186865,0.127171
69.000000,1353.102051,-0.267019,0.089108
70.000000,1353.102051,-0.299650,0.005509
71.000000,1353.102051,-0.278938,-0.060281
72.000000,1353.102051,-0.208579,-0.102347
0.000000,1413.141968,0.031336,-0.158508
1.000000,1413.141968,0.156445,-0.131086
2.000000,1413.141968,0.251225,-0.099156
3.000000,1413.141968,0.297298,-0.032114
4.000000,1413.141968,0.285728,0.046641
5.000000,1413.141968,0.218763,0.097586
6.000000,1413.141968,0.109387,0.143466
7.000000,1413.141968,-0.021197,0.160036
8.000000,1413.141968,-0.147673,0.132476
9.000000,1413.141968,-0.245518,0.099995
10.000000,1413.141968,-0.295760,0.032807
11.000000,1413.141968,-0.288663,-0.035537
12.000000,1413.141968,-0.225601,-0.083891
13.000000,1413.141968,-0.118801,-0.145334
14.000000,1413.141968,0.011033,-0.155645
15.000000,1413.141968,0.138728,-0.136086
16.000000,1413.141968,0.239526,-0.107019
17.000000,1413.141968,0.293885,-0.044980
18.000000,1413.141968,0.291268,0.030628
19.000000,1413.141968,0.232182,0.086291
20.000000,1413.141968,0.128079,0.136031
21.000000,1413.141968,-0.000856,0.162170
22.000000,1413.141968,-0.129624,0.145915
23.000000,1413.141968,-0.233260,0.110866
24.000000,1413.141968,-0.291674,0.058092
25.000000,1413.141968,-0.293541,-0.021806
26.000000,1413.141968,-0.238493,-0.084597
27.000000,1413.141968,-0.137207,-0.151202
28.000000,1413.141968,-0.009321,-0.157643
29.000000,1413.141968,0.120371,-0.141371
30.000000,1413.141968,0.226728,-0.116025
31.000000,1413.141968,0.289130,-0.049695
32.000000,1413.141968,0.295470,0.024624
33.000000,1413.141968,0.244527,0.076427
34.000000,1413.141968,0.146178,0.130173
35.000000,1413.141968,0.019488,0.161885
36.000000,1413.141968,-0.110981,0.145630
37.000000,1413.141968,-0.219935,0.113156
38.000000,1413.141968,-0.286245,0.063085
39.000000,1413.141968,-0.297059,-0.017085
40.000000,1413.141968,-0.250282,-0.067434
41.000000,1413.141968,-0.154981,-0.125646
42.000000,1413.141968,-0.029633,-0.159638
43.000000,1413.141968,0.101462,-0.151938
44.000000,1413.141968,0.212884,-0.123052
45.000000,1413.141968,0.283033,-0.063558
46.000000,1413.141968,0.298309,0.013769
47.000000,1413.141968,0.255751,0.068562
48.000000,1413.141968,0.163608,0.122884
49.000000,1413.141968,0.039743,0.161746
50.000000,1413.141968,-0.091826,0.150206
51.000000,1413.141968,-0.205591,0.122738
52.000000,1413.141968,-0.279497,0.074380
53.000000,1413.141968,-0.299217,-0.005786
54.000000,1413.141968,-0.260925,-0.067573
55.000000,1413.141968,-0.172042,-0.111925
56.000000,1413.141968,-0.049807,-0.157921
57.000000,1413.141968,0.082084,-0.148214
58.000000,1413.141968,0.198062,-0.123068
59.000000,1413.141968,0.275642,-0.073995
60.000000,1413.141968,0.299779,0.000191
61.000000,1413.141968,0.265794,0.062548
62.000000,1413.141968,0.180279,0.115025
63.000000,1413.141968,0.059814,0.156892
64.000000,1413.141968,-0.072249,0.145633
65.000000,1413.141968,-0.190307,0.125743
66.000000,1413.141968,-0.271465,0.081103
67.000000,1413.141968,-0.299992,0.004936
68.000000,1413.141968,-0.270359,-0.060708
69.000000,1413.141968,-0.188311,-0.104205
0.000000,1475.847046,0.033635,-0.159780
1.000000,1475.847046,0.163402,-0.139208
2.000000,1475.847046,0.258665,-0.084475
3.000000,1475.847046,0.299311,-0.030669
4.000000,1475.847046,0.276761,0.038231
5.000000,1475.847046,0.195773,0.105986
6.000000,1475.847046,0.073445,0.144629
7.000000,1475.847046,-0.064389,0.153758
8.000000,1475.847046,-0.188627,0.122881
9.000000,1475.847046,-0.273039,0.080281
10.000000,1475.847046,-0.299800,0.017772
11.000000,1475.847046,-0.263253,-0.061550
12.000000,1475.847046,-0.171123,-0.113609
13.000000,1475.847046,-0.042862,-0.136086
14.000000,1475.847046,0.094450,-0.155347
15.000000,1475.847046,0.211820,-0.126766
16.000000,1475.847046,0.284461,-0.057593
17.000000,1475.847046,0.297041,-0.004501
18.000000,1475.847046,0.246902,0.068403
19.000000,1475.847046,0.144631,0.136293
20.000000,1475.847046,0.011817,0.149490
21.000000,1475.847046,-0.123489,0.148900
22.000000,1475.847046,-0.232721,0.113998
23.000000,1475.847046,-0.292816,0.048685
24.000000,1475.847046,-0.291083,-0.015392
25.000000,1475.847046,-0.227884,-0.088587
26.000000,1475.847046,-0.116571,-0.134622
27.000000,1475.847046,0.019355,-0.146517
28.000000,1475.847046,0.151197,-0.145622
29.000000,1475.847046,0.251112,-0.102171
30.000000,1475.847046,0.298003,-0.031567
31.000000,1475.847046,0.281974,0.028099
32.000000,1475.847046,0.206407,0.096715
33.000000,1475.847046,0.087257,0.147300
34.000000,1475.847046,-0.050319,0.148493
35.000000,1475.847046,-0.177268,0.134746
36.000000,1475.847046,-0.266788,0.093969
37.000000,1475.847046,-0.299979,0.015800
38.000000,1475.847046,-0.269826,-0.050132
39.000000,1475.847046,-0.182699,-0.105617
40.000000,1475.847046,-0.056997,-0.141911
41.000000,1475.847046,0.080739,-0.146795
42.000000,1475.847046,0.201431,-0.133045
43.000000,1475.847046,0.279586,-0.075287
44.000000,1475.847046,0.298708,0.001894
45.000000,1475.847046,0.254760,0.060987
46.000000,1475.847046,0.157020,0.118593
47.000000,1475.847046,0.026124,0.154165
48.000000,1475.847046,-0.110287,0.146061
49.000000,1475.847046,-0.223411,0.116449
50.000000,1475.847046,-0.289363,0.066372
51.000000,1475.847046,-0.294219,-0.012794
52.000000,1475.847046,-0.236945,-0.076582
53.000000,1475.847046,-0.129643,-0.119503
54.000000,1475.847046,0.005032,-0.154920
55.000000,1475.847046,0.138646,-0.144072
56.000000,1475.847046,0.242986,-0.104620
57.000000,1475.847046,0.296016,-0.047972
58.000000,1475.847046,0.286544,0.027357
59.000000,1475.847046,0.216571,0.085427
60.000000,1475.847046,0.100869,0.134613
61.000000,1475.847046,-0.036134,0.160606
62.000000,1475.847046,-0.165505,0.133765
63.000000,1475.847046,-0.259930,0.091285
64.000000,1475.847046,-0.299473,0.034776
65.000000,1475.847046,-0.275783,-0.123045
66.000000,1475.847046,-0.193858,-0.105173
0.000000,1541.334961,0.017592,-0.162067
1.000000,1541.334961,0.154984,-0.141925
2.000000,1541.334961,0.256740,-0.088050
3.000000,1541.334961,0.299467,-0.037104
4.000000,1541.334961,0.273334,0.036230
5.000000,1541.334961,0.184359,0.100410
6.000000,1541.334961,0.052991,0.138476
7.000000,1541.334961,-0.090561,0.147323
8.000000,1541.334961,-0.213287,0.122029
9.000000,1541.334961,-0.286978,0.066411
10.000000,1541.334961,-0.294679,0.004903
11.000000,1541.334961,-0.234629,-0.075274
12.000000,1541.334961,-0.120630,-0.124331
13.000000,1541.334961,0.021105,-0.141663
14.000000,1541.334961,0.157988,-0.145911
15.000000,1541.334961,0.258543,-0.098599
16.000000,1541.334961,0.299656,-0.023135
17.000000,1541.334961,0.271865,0.034819
18.000000,1541.334961,0.181570,0.101145
19.000000,1541.334961,0.049522,0.149732
20.000000,1541.334961,-0.093911,0.143055
21.000000,1541.334961,-0.215748,0.123593
22.000000,1541.334961,-0.287984,0.071385
23.000000,1541.334961,-0.293999,-0.004216
24.000000,1541.334961,-0.232419,-0.068866
25.000000,1541.334961,-0.117398,-0.129768
26.000000,1541.334961,0.024615,-0.152494
27.000000,1541.334961,0.160970,-0.135649
28.000000,1541.334961,0.260311,-0.102301
29.000000,1541.334961,0.299804,-0.032538
30.000000,1541.334961,0.270357,0.049076
31.000000,1541.334961,0.178755,0.095158
32.000000,1541.334961,0.046047,0.137751
33.000000,1541.334961,-0.097248,0.155593
34.000000,1541.334961,-0.218180,0.116890
35.000000,1541.334961,-0.288949,0.069261
36.000000,1541.334961,-0.293279,0.009608
37.000000,1541.334961,-0.230177,-0.077709
38.000000,1541.334961,-0.114151,-0.128628
39.000000,1541.334961,0.028122,-0.144082
40.000000,1541.334961,0.163930,-0.141338
41.000000,1541.334961,0.262043,-0.095892
42.000000,1541.334961,0.299911,-0.035679
43.000000,1541.334961,0.268813,0.039815
44.000000,1541.334961,0.175915,0.109419
45.000000,1541.334961,0.042565,0.135339
46.000000,1541.334961,-0.100571,0.145189
47.000000,1541.334961,-0.220581,0.126999
48.000000,1541.334961,-0.289876,0.056981
49.000000,1541.334961,-0.292519,-0.005803
50.000000,1541.334961,-0.227903,-0.067457
51.000000,1541.334961,-0.110888,-0.133042
52.000000,1541.334961,0.031625,-0.092609
53.000000,1541.334961,0.166867,-0.134231
54.000000,1541.334961,0.263738,-0.109878
55.000000,1541.334961,0.299976,-0.039549
56.000000,1541.334961,0.267232,0.037652
57.000000,1541.334961,0.173051,0.097156
58.000000,1541.334961,0.039077,0.144460
59.000000,1541.334961,-0.103880,0.140050
60.000000,1541.334961,-0.222952,0.118026
61.000000,1541.334961,-0.290762,0.070384
62.000000,1541.334961,-0.291718,-0.012933
63.000000,1541.334961,-0.225598,-0.078150
0.000000,1609.728027,0.128829,-0.133078
1.000000,1609.728027,0.243947,-0.115882
2.000000,1609.728027,0.297996,-0.048552
3.000000,1609.728027,0.277446,0.026198
4.000000,1609.728027,0.187441,0.081288
5.000000,1609.728027,0.050509,0.132317
6.000000,1609.728027,-0.099066,0.150733
7.000000,1609.728027,-0.223840,0.114031
8.000000,1609.728027,-0.292580,0.064828
9.000000,1609.728027,-0.288076,0.010324
10.000000,1609.728027,-0.211451,-0.077851
11.000000,1609.728027,-0.081894,-0.124337
12.000000,1609.728027,0.068163,-0.145374
13.000000,1609.728027,0.201158,-0.136189
14.000000,1609.728027,0.283795,-0.079876
15.000000,1609.728027,0.295384,-0.017383
16.000000,1609.728027,0.233029,0.059261
17.000000,1609.728027,0.112339,0.123434
18.000000,1609.728027,-0.036476,0.140627
19.000000,1609.728027,-0.176159,0.138039
20.000000,1609.728027,-0.271741,0.102408
21.000000,1609.728027,-0.299297,0.020237
22.000000,1609.728027,-0.251928,-0.045838
23.000000,1609.728027,-0.141492,-0.099487
24.000000,1609.728027,0.004368,-0.154774
25.000000,1609.728027,0.149132,-0.138350
26.000000,1609.728027,0.256563,-0.092622
27.000000,1609.728027,0.299767,-0.037813
28.000000,1609.728027,0.267929,0.036230
29.000000,1609.728027,0.169013,0.098551
30.000000,1609.728027,0.027789,0.131041
31.000000,1609.728027,-0.120391,0.147608
32.000000,1609.728027,-0.238434,0.108868
33.000000,1609.728027,-0.296788,0.053688
34.000000,1609.728027,-0.280840,-0.006674
35.000000,1609.728027,-0.194590,-0.089004
36.000000,1609.728027,-0.059627,-0.132197
37.000000,1609.728027,0.090265,-0.137087
38.000000,1609.728027,0.217560,-0.127038
39.000000,1609.728027,0.290388,-0.072719
40.000000,1609.728027,0.290523,0.008607
41.000000,1609.728027,0.217929,0.116877
42.000000,1609.728027,0.090779,0.123450
43.000000,1609.728027,-0.059098,0.140299
44.000000,1609.728027,-0.194179,0.116035
45.000000,1609.728027,-0.280650,0.074267
46.000000,1609.728027,-0.296864,0.011191
47.000000,1609.728027,-0.238763,-0.066556
48.000000,1609.728027,-0.120885,-0.114762
49.000000,1609.728027,0.027252,-0.147640
50.000000,1609.728027,0.168566,-0.139483
51.000000,1609.728027,0.267684,-0.088895
52.000000,1609.728027,0.299790,-0.034669
53.000000,1609.728027,0.256843,0.044099
54.000000,1609.728027,0.149600,0.110270
55.000000,1609.728027,0.004908,0.133049
56.000000,1609.728027,-0.141015,0.137466
57.000000,1609.728027,-0.251636,0.117417
58.000000,1609.728027,-0.299260,0.036677
59.000000,1609.728027,-0.271969,-0.029540
60.000000,1609.728027,-0.176594,-0.083471
61.000000,1609.728027,-0.037011,-0.137048
0.000000,1681.156006,0.080917,-0.144062
1.000000,1681.156006,0.215466,-0.116498
2.000000,1681.156006,0.291297,-0.075704
3.000000,1681.156006,0.287744,-0.002658
4.000000,1681.156006,0.205775,0.076096
5.000000,1681.156006,0.067729,0.116605
6.000000,1681.156006,-0.088775,0.140895
7.000000,1681.156006,-0.221086,0.131572
8.000000,1681.156006,-0.293146,0.068134
9.000000,1681.156006,-0.285320,-0.002374
10.000000,1681.156006,-0.199738,-0.062166
11.000000,1681.156006,-0.059723,-0.127038
12.000000,1681.156006,0.096567,-0.130633
13.000000,1681.156006,0.226541,-0.123920
14.000000,1681.156006,0.294779,-0.071563
15.000000,1681.156006,0.282684,-0.080167
16.000000,1681.156006,0.193552,0.067697
17.000000,1681.156006,0.051673,0.135902
18.000000,1681.156006,-0.104288,0.159178
19.000000,1681.156006,-0.231830,0.130475
20.000000,1681.156006,-0.296194,0.068837
21.000000,1681.156006,-0.279839,0.005751
22.000000,1681.156006,-0.187222,-0.062126
23.000000,1681.156006,-0.043584,-0.123764
24.000000,1681.156006,0.111930,-0.134373
25.000000,1681.156006,0.236941,-0.122316
26.000000,1681.156006,0.297381,-0.058992
27.000000,1681.156006,0.276778,0.021476
28.000000,1681.156006,0.180749,0.084717
29.000000,1681.156006,0.035463,0.129458
30.000000,1681.156006,-0.119488,0.147592
31.000000,1681.156006,-0.241876,0.109024
32.000000,1681.156006,-0.298347,0.057104
33.000000,1681.156006,-0.273514,-0.020249
34.000000,1681.156006,-0.174143,-0.086864
35.000000,1681.156006,-0.027315,-0.124636
36.000000,1681.156006,0.126958,-0.153343
37.000000,1681.156006,0.246632,-0.114464
38.000000,1681.156006,0.299094,-0.045149
39.000000,1681.156006,0.270048,0.015661
40.000000,1681.156006,0.167408,0.086994
41.000000,1681.156006,0.019147,0.141011
42.000000,1681.156006,-0.134334,0.138052
43.000000,1681.156006,-0.251206,0.101291
44.000000,1681.156006,-0.299620,0.055219
45.000000,1681.156006,-0.266382,-0.030666
46.000000,1681.156006,-0.160550,-0.089879
47.000000,1681.156006,-0.010964,-0.127796
48.000000,1681.156006,0.141609,-0.141766
49.000000,1681.156006,0.255591,-0.098745
50.000000,1681.156006,0.299919,-0.042710
51.000000,1681.156006,0.262513,0.023663
52.000000,1681.156006,0.153568,0.098706
53.000000,1681.156006,0.002773,0.131323
54.000000,1681.156006,-0.148777,0.133755
55.000000,1681.156006,-0.259782,0.110134
56.000000,1681.156006,-0.299992,0.037108
57.000000,1681.156006,-0.258448,-0.032396
58.000000,1681.156006,-0.146473,-0.088474
0.000000,1755.753052,0.007344,-0.128767
1.000000,1755.753052,0.163419,-0.125795
2.000000,1755.753052,0.271021,-0.103016
3.000000,1755.753052,0.298235,-0.035547
4.000000,1755.753052,0.236989,0.048215
5.000000,1755.753052,0.105450,0.095870
6.000000,1755.753052,-0.057366,0.135173
7.000000,1755.753052,-0.203166,0.124299
8.000000,1755.753052,-0.288705,0.079138
9.000000,1755.753052,-0.288610,0.014631
10.000000,1755.753052,-0.202911,-0.066702
11.000000,1755.753052,-0.057026,-0.117323
12.000000,1755.753052,0.105774,-0.131365
13.000000,1755.753052,0.237200,-0.120885
14.000000,1755.753052,0.298271,-0.063853
15.000000,1755.753052,0.270871,0.018762
16.000000,1755.753052,0.163128,0.074711
17.000000,1755.753052,0.006998,0.125167
18.000000,1755.753052,-0.151208,0.147300
19.000000,1755.753052,-0.264565,0.096158
20.000000,1755.753052,-0.299448,0.042522
21.000000,1755.753052,-0.245511,-0.027850
22.000000,1755.753052,-0.118754,-0.097871
23.000000,1755.753052,0.043227,-0.131918
24.000000,1755.753052,0.192385,-0.132637
25.000000,1755.753052,0.284479,-0.091439
26.000000,1755.753052,0.292193,-0.015683
27.000000,1755.753052,0.213240,0.051405
28.000000,1755.753052,0.071038,0.110734
29.000000,1755.753052,-0.092235,0.145448
30.000000,1755.753052,-0.228150,0.117036
31.000000,1755.753052,-0.296393,0.068979
32.000000,1755.753052,-0.276723,0.004177
33.000000,1755.753052,-0.174974,-0.080138
34.000000,1755.753052,-0.021325,-0.123191
35.000000,1755.753052,0.138650,-0.133230
36.000000,1755.753052,0.257501,-0.120315
37.000000,1755.753052,0.299974,-0.047127
38.000000,1755.753052,0.253472,0.036346
39.000000,1755.753052,0.131786,0.091152
40.000000,1755.753052,-0.028989,0.136604
41.000000,1755.753052,-0.181164,0.138443
42.000000,1755.753052,-0.279603,0.086576
43.000000,1755.753052,-0.295109,0.026217
44.000000,1755.753052,-0.223082,-0.051560
45.000000,1755.753052,-0.084887,-0.111028
46.000000,1755.753052,0.078486,-0.128641
47.000000,1755.753052,0.218579,-0.129182
48.000000,1755.753052,0.293839,-0.075860
49.000000,1755.753052,0.281944,0.004323
50.000000,1755.753052,0.186420,0.068419
51.000000,1755.753052,0.035603,0.143337
52.000000,1755.753052,-0.125776,0.144298
53.000000,1755.753052,-0.249848,0.102590
54.000000,1755.753052,-0.299813,0.048811
55.000000,1755.753052,-0.260851,-0.013413
0.000000,1833.661011,0.079284,-0.136189
1.000000,1833.661011,0.224093,-0.135348
2.000000,1833.661011,0.296572,-0.069306
3.000000,1833.661011,0.273326,0.005506
4.000000,1833.661011,0.161858,0.078833
5.000000,1833.661011,-0.001853,0.116022
6.000000,1833.661011,-0.164965,0.130895
7.000000,1833.661011,-0.274832,0.103557
8.000000,1833.661011,-0.295991,0.029103
9.000000,1833.661011,-0.221613,-0.041116
10.000000,1833.661011,-0.075704,-0.093049
11.000000,1833.661011,0.094640,-0.137902
12.000000,1833.661011,0.234439,-0.119616
13.000000,1833.661011,0.298568,-0.054734
14.000000,1833.661011,0.266328,0.004220
15.000000,1833.661011,0.148123,0.074837
16.000000,1833.661011,-0.017889,0.131144
17.000000,1833.661011,-0.178127,0.127469
18.000000,1833.661011,-0.280870,0.097139
19.000000,1833.661011,-0.292956,0.026920
20.000000,1833.661011,-0.210485,-0.054403
21.000000,1833.661011,-0.060075,-0.106757
22.000000,1833.661011,0.109725,-0.135053
23.000000,1833.661011,0.244108,-0.116034
24.000000,1833.661011,0.299701,-0.056010
25.000000,1833.661011,0.258559,0.009942
26.000000,1833.661011,0.133962,0.083849
27.000000,1833.661011,-0.033875,0.134149
28.000000,1833.661011,-0.190779,0.123182
29.000000,1833.661011,-0.286106,0.088279
30.000000,1833.661011,-0.289086,0.030343
31.000000,1833.661011,-0.198758,-0.056404
32.000000,1833.661011,-0.044275,-0.109467
33.000000,1833.661011,0.124497,-0.126938
34.000000,1833.661011,0.253084,-0.117317
35.000000,1833.661011,0.299983,-0.055708
36.000000,1833.661011,0.250056,0.026065
37.000000,1833.661011,0.119418,0.076994
38.000000,1833.661011,-0.049763,0.130591
39.000000,1833.661011,-0.202883,0.122178
40.000000,1833.661011,-0.290518,0.086285
41.000000,1833.661011,-0.284382,0.021771
42.000000,1833.661011,-0.186456,-0.062978
43.000000,1833.661011,-0.028347,-0.116896
44.000000,1833.661011,0.138912,-0.121789
45.000000,1833.661011,0.261335,-0.112453
46.000000,1833.661011,0.299407,-0.049271
47.000000,1833.661011,0.240840,0.034773
48.000000,1833.661011,0.104535,0.090724
49.000000,1833.661011,-0.065511,0.132029
50.000000,1833.661011,-0.214410,0.131002
51.000000,1833.661011,-0.294104,0.075139
52.000000,1833.661011,-0.278869,0.006490
53.000000,1833.661011,-0.173624,-0.064303
0.000000,1915.025024,0.135887,-0.125192
1.000000,1915.025024,0.263402,-0.099487
2.000000,1915.025024,0.298419,-0.053545
3.000000,1915.025024,0.228643,0.027794
4.000000,1915.025024,0.078575,0.101546
5.000000,1915.025024,-0.099085,0.122751
6.000000,1915.025024,-0.241950,0.118875
7.000000,1915.025024,-0.299851,0.071958
8.000000,1915.025024,-0.252455,-0.018801
9.000000,1915.025024,-0.116406,-0.079876
10.000000,1915.025024,0.060520,-0.123903
11.000000,1915.025024,0.216194,-0.127614
12.000000,1915.025024,0.295949,-0.072451
13.000000,1915.025024,0.271777,-0.011220
14.000000,1915.025024,0.152167,0.067409
15.000000,1915.025024,-0.020879,0.123997
16.000000,1915.025024,-0.186593,0.125183
17.000000,1915.025024,-0.286782,0.096000
18.000000,1915.025024,-0.286265,0.029627
19.000000,1915.025024,-0.185221,-0.056547
20.000000,1915.025024,-0.019134,-0.113327
21.000000,1915.025024,0.153672,-0.122078
22.000000,1915.025024,0.272515,-0.108308
23.000000,1915.025024,0.295660,-0.039122
24.000000,1915.025024,0.214981,0.007467
25.000000,1915.025024,0.058807,0.094011
26.000000,1915.025024,-0.118017,0.135027
27.000000,1915.025024,-0.253399,0.114021
28.000000,1915.025024,-0.299797,0.056690
29.000000,1915.025024,-0.240916,-0.008967
30.000000,1915.025024,-0.097434,-0.091718
31.000000,1915.025024,0.080262,-0.125901
32.000000,1915.025024,0.229773,-0.111780
33.000000,1915.025024,0.298596,-0.071417
34.000000,1915.025024,0.262562,0.003776
35.000000,1915.025024,0.134327,0.082958
36.000000,1915.025024,-0.041079,0.115174
37.000000,1915.025024,-0.202059,0.121734
38.000000,1915.025024,-0.292083,0.096543
39.000000,1915.025024,-0.279538,0.010081
40.000000,1915.025024,-0.168830,-0.061712
41.000000,1915.025024,0.001166,-0.109914
42.000000,1915.025024,0.170751,-0.131471
43.000000,1915.025024,0.280375,-0.093318
44.000000,1915.025024,0.291541,-0.033111
45.000000,1915.025024,0.200329,0.042820
46.000000,1915.025024,0.038768,0.114713
47.000000,1915.025024,-0.136406,0.123470
48.000000,1915.025024,-0.263680,0.109872
49.000000,1915.025024,-0.298359,0.055938
50.000000,1915.025024,-0.228265,-0.030381
51.000000,1915.025024,-0.078013,-0.095024
0.000000,2000.000000,0.176334,-0.112926
1.000000,2000.000000,0.285312,-0.099299
2.000000,2000.000000,0.285311,-0.032830
3.000000,2000.000000,0.176332,0.051502
4.000000,2000.000000,-0.000001,0.100303
5.000000,2000.000000,-0.176334,0.122019
6.000000,2000.000000,-0.285312,0.101125
7.000000,2000.000000,-0.285311,0.026379
8.000000,2000.000000,-0.176332,-0.042130
9.000000,2000.000000,0.000002,-0.112747
10.000000,2000.000000,0.176335,-0.128188
11.000000,2000.000000,0.285312,-0.091181
12.000000,2000.000000,0.285311,-0.035239
13.000000,2000.000000,0.176332,0.043960
14.000000,2000.000000,-0.000002,0.115561
15.000000,2000.000000,-0.176335,0.119749
16.000000,2000.000000,-0.285312,0.098574
17.000000,2000.000000,-0.285311,0.043782
18.000000,2000.000000,-0.176332,-0.052113
19.000000,2000.000000,0.000002,-0.111038
20.000000,2000.000000,0.176335,-0.115358
21.000000,2000.000000,0.285312,-0.097586
22.000000,2000.000000,0.285311,-0.027827
23.000000,2000.000000,0.176332,0.047217
24.000000,2000.000000,-0.000002,0.102447
25.000000,2000.000000,-0.176335,0.128593
26.000000,2000.000000,-0.285312,0.089426
27.000000,2000.000000,-0.285311,0.029666
28.000000,2000.000000,-0.176332,-0.039135
29.000000,2000.000000,0.000002,-0.108877
30.000000,2000.000000,0.176335,-0.117893
31.000000,2000.000000,0.285312,-0.085757
32.000000,2000.000000,0.285311,-0.033241
33.000000,2000.000000,0.176332,0.044669
34.000000,2000.000000,-0.000002,0.111698
35.000000,2000.000000,-0.176335,0.117748
36.000000,2000.000000,-0.285312,0.095426
37.000000,2000.000000,-0.285311,0.035203
38.000000,2000.000000,-0.176332,-0.051401
39.000000,2000.000000,0.000002,-0.105322
40.000000,2000.000000,0.176335,-0.121070
41.000000,2000.000000,0.285313,-0.098586
42.000000,2000.000000,0.285311,-0.027545
43.000000,2000.000000,0.176331,0.038669
44.000000,2000.000000,-0.000002,0.100158
45.000000,2000.000000,-0.176335,0.138450
46.000000,2000.000000,-0.285313,0.092013
47.000000,2000.000000,-0.285311,0.026800
48.000000,2000.000000,-0.176331,-0.042862
49.000000,2000.000000,0.000003,-0.106591
